g    #    1
s    10    18
e    2    5    12    0.955617    1
e    2    6    37    0.593358    2
e    2    10    36    0.674033    3
e    3    2    14    0.517567    4
e    3    4    38    0.54776    5
e    3    6    26    0.806636    6
e    3    7    14    0.670243    7
e    3    8    25    0.666493    8
e    5    9    22    0.514151    9
e    6    5    26    0.75909    10
e    6    10    25    0.543274    11
e    7    4    38    0.611687    12
e    7    6    22    0.741458    13
e    8    5    38    0.7691    14
e    8    6    12    0.925791    15
e    9    6    3    0.600111    16
e    10    1    3    0.763515    17
e    10    7    3    0.607267    18
g    #    2
s    10    18
e    1    2    12    0.955617    1
e    1    3    37    0.593358    2
e    2    5    36    0.674033    3
e    2    10    14    0.517567    4
e    3    5    38    0.54776    5
e    3    6    26    0.806636    6
e    3    9    14    0.670243    7
e    4    1    25    0.666493    8
e    5    4    22    0.514151    9
e    5    7    26    0.75909    10
e    5    10    25    0.543274    11
e    6    2    38    0.611687    12
e    7    4    22    0.741458    13
e    7    10    38    0.7691    14
e    8    7    12    0.925791    15
e    9    5    3    0.600111    16
e    10    4    3    0.763515    17
e    10    8    3    0.607267    18
g    #    3
s    10    18
e    1    4    12    0.955617    1
e    1    9    37    0.593358    2
e    1    10    36    0.674033    3
e    4    3    14    0.517567    4
e    4    5    38    0.54776    5
e    4    10    26    0.806636    6
e    5    3    14    0.670243    7
e    5    9    25    0.666493    8
e    6    4    22    0.514151    9
e    6    5    26    0.75909    10
e    7    4    25    0.543274    11
e    7    9    38    0.611687    12
e    8    7    22    0.741458    13
e    9    2    38    0.7691    14
e    9    3    12    0.925791    15
e    10    2    3    0.600111    16
e    10    3    3    0.763515    17
e    10    8    3    0.607267    18
g    #    4
s    10    18
e    1    8    12    0.955617    1
e    2    1    37    0.593358    2
e    2    3    36    0.674033    3
e    2    4    14    0.517567    4
e    2    10    38    0.54776    5
e    3    1    26    0.806636    6
e    3    7    14    0.670243    7
e    3    8    25    0.666493    8
e    3    10    22    0.514151    9
e    4    3    26    0.75909    10
e    5    4    25    0.543274    11
e    5    6    38    0.611687    12
e    7    4    22    0.741458    13
e    7    5    38    0.7691    14
e    7    8    12    0.925791    15
e    9    6    3    0.600111    16
e    9    8    3    0.763515    17
e    10    8    3    0.607267    18
g    #    5
s    10    18
e    1    10    12    0.955617    1
e    2    1    37    0.593358    2
e    2    4    36    0.674033    3
e    2    5    14    0.517567    4
e    3    1    38    0.54776    5
e    4    3    26    0.806636    6
e    4    9    14    0.670243    7
e    5    3    25    0.666493    8
e    5    7    22    0.514151    9
e    6    1    26    0.75909    10
e    6    2    25    0.543274    11
e    6    3    38    0.611687    12
e    8    2    22    0.741458    13
e    8    3    38    0.7691    14
e    8    5    12    0.925791    15
e    8    7    3    0.600111    16
e    8    10    3    0.763515    17
e    10    6    3    0.607267    18
g    #    0




