g    #    1
s    8    14   
e    1    6    10    0.727033    1
e    2    8    1    0.977635    2
e    4    1    33    0.936016    3
e    4    2    37    0.77297    4
e    4    5    24    0.734557    5
e    4    6    25    0.912491    6
e    5    3    25    0.658203    7
e    5    7    8    0.814987    8
e    5    8    34    0.762114    9
e    6    7    18    0.956237    10
e    7    3    7    0.67767    11
e    7    4    35    0.751516    12
e    7    8    34    0.815071    13
e    8    4    20    0.519534    14
g    #    2
s    8    14  
e    1    3    10    0.727033    1
e    1    8    1    0.977635    2
e    2    7    33    0.936016    3
e    2    8    37    0.77297    4
e    3    4    24    0.734557    5
e    3    7    25    0.912491    6
e    4    7    25    0.658203    7
e    6    2    8    0.814987    8
e    6    4    34    0.762114    9
e    7    1    18    0.956237    10
e    7    6    7    0.67767    11
e    7    8    35    0.751516    12
e    8    5    34    0.815071    13
e    8    6    20    0.519534    14
g    #    3
s    8    14   
e    1    2    25    0.727033    1
e    1    6    12    0.977635    2
e    1    7    33    0.936016    3
e    2    3    20    0.77297    4
e    3    5    37    0.734557    5
e    4    3    36    0.912491    6
e    4    5    20    0.658203    7
e    5    1    22    0.814987    8
e    6    2    33    0.762114    9
e    6    3    32    0.956237    10
e    7    5    30    0.67767    11
e    8    1    39    0.751516    12
e    8    3    4    0.815071    13
e    8    4    21    0.519534    14
g    #    4
s    8    14  
e    1    5    25    0.727033    1
e    1    7    12    0.977635    2
e    2    1    33    0.936016    3
e    2    3    20    0.77297    4
e    2    5    37    0.734557    5
e    3    1    36    0.912491    6
e    3    6    20    0.658203    7
e    4    1    22    0.814987    8
e    4    2    33    0.762114    9
e    4    3    32    0.956237    10
e    5    8    30    0.67767    11
e    6    2    39    0.751516    12
e    7    5    4    0.815071    13
e    8    6    21    0.519534    14
g    #    5
s    8    14   
e    1    6    25    0.727033    1
e    1    7    12    0.977635    2
e    2    6    33    0.936016    3
e    2    7    20    0.77297    4
e    3    2    37    0.734557    5
e    4    3    36    0.912491    6
e    4    6    20    0.658203    7
e    5    2    22    0.814987    8
e    6    7    33    0.762114    9
e    6    8    32    0.956237    10
e    7    4    30    0.67767    11
e    7    5    39    0.751516    12
e    8    4    4    0.815071    13
e    8    7    21    0.519534    14
g    #    0




