g    #    1
s    10    18
e    2    5    12    0.955617    1
e    2    6    37    0.593358    2
e    2    10    36    0.674033    3
e    3    2    14    0.517567    4
e    3    4    38    0.54776    5
e    3    6    26    0.806636    6
e    3    7    14    0.670243    7
e    3    8    25    0.666493    8
e    5    9    22    0.514151    9
e    6    5    26    0.75909    10
e    6    10    25    0.543274    11
e    7    4    38    0.611687    12
e    7    6    22    0.741458    13
e    8    5    38    0.7691    14
e    8    6    12    0.925791    15
e    9    6    3    0.600111    16
e    10    1    3    0.763515    17
e    10    7    3    0.607267    18
