g    #    1
s    8    14
e    1    6    10    0.509283    1
e    2    8    1    0.760563    2
e    4    1    33    0.561903    3
e    4    2    37    0.898435    4
e    4    5    24    0.811637    5
e    4    6    25    0.931237    6
e    5    3    25    0.829347    7
e    5    7    8    0.891243    8
e    5    8    34    0.858647    9
e    6    7    18    0.9156    10
e    7    3    7    0.863615    11
e    7    4    35    0.686818    12
e    7    8    34    0.629936    13
e    8    4    20    0.930222    14
