g    #    1
s    10    18 
e    2    5    5    0.553606    1
e    2    6    8    0.59131    2
e    2    10    19    0.730754    3
e    3    2    31    0.875586    4
e    3    4    40    0.996357    5
e    3    6    2    0.519064    6
e    3    7    33    0.910264    7
e    3    8    18    0.722101    8
e    5    9    22    0.771427    9
e    6    5    9    0.608675    10
e    6    10    4    0.538286    11
e    7    4    13    0.65207    12
e    7    6    27    0.831411    13
e    8    5    6    0.56914    14
e    8    6    4    0.541747    15
e    9    6    27    0.832742    16
e    10    1    35    0.926007    17
e    10    7    33    0.909361    18
g    #    2
s    10    18  
e    1    2    5    0.553606    1
e    1    3    8    0.59131    2
e    2    5    19    0.730754    3
e    2    10    31    0.875586    4
e    3    5    40    0.996357    5
e    3    6    2    0.519064    6
e    3    9    33    0.910264    7
e    4    1    18    0.722101    8
e    5    4    22    0.771427    9
e    5    7    9    0.608675    10
e    5    10    4    0.538286    11
e    6    2    13    0.65207    12
e    7    4    27    0.831411    13
e    7    10    6    0.56914    14
e    8    7    4    0.541747    15
e    9    5    27    0.832742    16
e    10    4    35    0.926007    17
e    10    8    33    0.909361    18
g    #    3
s    10    18  
e    1    4    5    0.553606    1
e    1    9    8    0.59131    2
e    1    10    19    0.730754    3
e    4    3    31    0.875586    4
e    4    5    40    0.996357    5
e    4    10    2    0.519064    6
e    5    3    33    0.910264    7
e    5    9    18    0.722101    8
e    6    4    22    0.771427    9
e    6    5    9    0.608675    10
e    7    4    4    0.538286    11
e    7    9    13    0.65207    12
e    8    7    27    0.831411    13
e    9    2    6    0.56914    14
e    9    3    4    0.541747    15
e    10    2    27    0.832742    16
e    10    3    35    0.926007    17
e    10    8    33    0.909361    18
g    #    4
s    10    18 
e    1    8    5    0.553606    1
e    2    1    8    0.59131    2
e    2    3    19    0.730754    3
e    2    4    31    0.875586    4
e    2    10    40    0.996357    5
e    3    1    2    0.519064    6
e    3    7    33    0.910264    7
e    3    8    18    0.722101    8
e    3    10    22    0.771427    9
e    4    3    9    0.608675    10
e    5    4    4    0.538286    11
e    5    6    13    0.65207    12
e    7    4    27    0.831411    13
e    7    5    6    0.56914    14
e    7    8    4    0.541747    15
e    9    6    27    0.832742    16
e    9    8    35    0.926007    17
e    10    8    33    0.909361    18
g    #    5
s    10    18   
e    1    10    5    0.553606    1
e    2    1    8    0.59131    2
e    2    4    19    0.730754    3
e    2    5    31    0.875586    4
e    3    1    40    0.996357    5
e    4    3    2    0.519064    6
e    4    9    33    0.910264    7
e    5    3    18    0.722101    8
e    5    7    22    0.771427    9
e    6    1    9    0.608675    10
e    6    2    4    0.538286    11
e    6    3    13    0.65207    12
e    8    2    27    0.831411    13
e    8    3    6    0.56914    14
e    8    5    4    0.541747    15
e    8    7    27    0.832742    16
e    8    10    35    0.926007    17
e    10    6    33    0.909361    18
g    #    0
