g    #    1
s    14    26  
e    1    8    5    0.553606    1
e    1    11    8    0.59131    2
e    2    5    19    0.730754    3
e    2    9    31    0.875586    4
e    3    5    40    0.996357    5
e    3    7    2    0.519064    6
e    4    1    33    0.910264    7
e    4    8    18    0.722101    8
e    4    9    22    0.771427    9
e    4    10    9    0.608675    10
e    5    4    4    0.538286    11
e    7    11    13    0.65207    12
e    7    13    27    0.831411    13
e    7    14    6    0.56914    14
e    8    10    4    0.541747    15
e    9    3    27    0.832742    16
e    10    2    35    0.926007    17
e    11    3    33    0.909361    18
e    12    3    32    0.896502    19
e    12    5    24    0.797517    20
e    12    9    38    0.971071    21
e    12    10    6    0.56791    22
e    13    8    3    0.530939    23
e    13    12    10    0.621557    24
e    14    2    1    0.508688    25
e    14    10    20    0.74505    26
g    #    2
s    14    26  
e    1    8    5    0.553606    1
e    1    11    8    0.59131    2
e    2    5    19    0.730754    3
e    2    9    31    0.875586    4
e    3    5    40    0.996357    5
e    3    7    2    0.519064    6
e    4    1    33    0.910264    7
e    4    8    18    0.722101    8
e    4    9    22    0.771427    9
e    4    10    9    0.608675    10
e    5    4    4    0.538286    11
e    7    11    13    0.65207    12
e    7    13    27    0.831411    13
e    7    14    6    0.56914    14
e    8    10    4    0.541747    15
e    9    3    27    0.832742    16
e    10    2    35    0.926007    17
e    11    3    33    0.909361    18
e    12    3    32    0.896502    19
e    12    5    24    0.797517    20
e    12    9    38    0.971071    21
e    12    10    6    0.56791    22
e    13    8    3    0.530939    23
e    13    12    10    0.621557    24
e    14    2    1    0.508688    25
e    14    10    20    0.74505    26
g    #    3
s    14    26  
e    1    8    5    0.553606    1
e    1    11    8    0.59131    2
e    2    5    19    0.730754    3
e    2    9    31    0.875586    4
e    3    5    40    0.996357    5
e    3    7    2    0.519064    6
e    4    1    33    0.910264    7
e    4    8    18    0.722101    8
e    4    9    22    0.771427    9
e    4    10    9    0.608675    10
e    5    4    4    0.538286    11
e    7    11    13    0.65207    12
e    7    13    27    0.831411    13
e    7    14    6    0.56914    14
e    8    10    4    0.541747    15
e    9    3    27    0.832742    16
e    10    2    35    0.926007    17
e    11    3    33    0.909361    18
e    12    3    32    0.896502    19
e    12    5    24    0.797517    20
e    12    9    38    0.971071    21
e    12    10    6    0.56791    22
e    13    8    3    0.530939    23
e    13    12    10    0.621557    24
e    14    2    1    0.508688    25
e    14    10    20    0.74505    26
g    #    4
s    14    26  
e    1    8    5    0.553606    1
e    1    11    8    0.59131    2
e    2    5    19    0.730754    3
e    2    9    31    0.875586    4
e    3    5    40    0.996357    5
e    3    7    2    0.519064    6
e    4    1    33    0.910264    7
e    4    8    18    0.722101    8
e    4    9    22    0.771427    9
e    4    10    9    0.608675    10
e    5    4    4    0.538286    11
e    7    11    13    0.65207    12
e    7    13    27    0.831411    13
e    7    14    6    0.56914    14
e    8    10    4    0.541747    15
e    9    3    27    0.832742    16
e    10    2    35    0.926007    17
e    11    3    33    0.909361    18
e    12    3    32    0.896502    19
e    12    5    24    0.797517    20
e    12    9    38    0.971071    21
e    12    10    6    0.56791    22
e    13    8    3    0.530939    23
e    13    12    10    0.621557    24
e    14    2    1    0.508688    25
e    14    10    20    0.74505    26
g    #    5
s    14    26  
e    1    8    5    0.553606    1
e    1    11    8    0.59131    2
e    2    5    19    0.730754    3
e    2    9    31    0.875586    4
e    3    5    40    0.996357    5
e    3    7    2    0.519064    6
e    4    1    33    0.910264    7
e    4    8    18    0.722101    8
e    4    9    22    0.771427    9
e    4    10    9    0.608675    10
e    5    4    4    0.538286    11
e    7    11    13    0.65207    12
e    7    13    27    0.831411    13
e    7    14    6    0.56914    14
e    8    10    4    0.541747    15
e    9    3    27    0.832742    16
e    10    2    35    0.926007    17
e    11    3    33    0.909361    18
e    12    3    32    0.896502    19
e    12    5    24    0.797517    20
e    12    9    38    0.971071    21
e    12    10    6    0.56791    22
e    13    8    3    0.530939    23
e    13    12    10    0.621557    24
e    14    2    1    0.508688    25
e    14    10    20    0.74505    26
g    #    0
