g # 1
s 12 21
e 1 2  2  0.8137 5
e 2 3  2  0.9627 16
e 3 11 2  0.9948 18 
e 4 1  2  0.7756 6
e 4 2  2  0.8740 21
e 4 5  2  0.7780 7
e 5 11 2  0.9674 14  
e 6 4  2  0.8735 8  
e 6 5  2  0.7007 9  	
e 6 7  2  0.6984 10 
e 7 5  2  0.9769 15 
e 8 6  2  0.7615 11
e 8 7  2  0.6540 12
e 8 9  2  0.6488 13
e 9 5  2  0.6065 19
e 9 11 2  0.9349 20
e 10 1 2  0.8837 1
e 10 4 2  0.8376 2
e 10 6 2  0.7986 3
e 10 8 2  0.9311 4
e 11 12 2 0.9778 17
g # 2
s 12 21
e 1 2  4  0.8137 5
e 2 3  4  0.9627 16
e 3 11 4  0.9948 18 
e 4 1  4  0.7756 6
e 4 2  4  0.8740 21
e 4 5  4  0.7780 7
e 5 11 4  0.9674 14  
e 6 4  4  0.8735 8  
e 6 5  4  0.7007 9  	
e 6 7  4  0.6984 10 
e 7 5  4  0.9769 15 
e 8 6  4  0.7615 11
e 8 7  4  0.6540 12
e 8 9  4  0.6488 13
e 9 5  4  0.6065 19
e 9 11 4  0.9349 20
e 10 1 4  0.8837 1
e 10 4 4  0.8376 2
e 10 6 4  0.7986 3
e 10 8 4  0.9311 4
e 11 12 4 0.9778 17
g # 3
s 12 21
e 1 2  6  0.8137 5
e 2 3  6  0.9627 16
e 3 11 6  0.9948 18 
e 4 1  6  0.7756 6
e 4 2  6  0.8740 21
e 4 5  6  0.7780 7
e 5 11 6  0.9674 14  
e 6 4  6  0.8735 8  
e 6 5  6  0.7007 9  	
e 6 7  6  0.6984 10 
e 7 5  6  0.9769 15 
e 8 6  6  0.7615 11
e 8 7  6  0.6540 12
e 8 9  6  0.6488 13
e 9 5  6  0.6065 19
e 9 11 6  0.9349 20
e 10 1 6  0.8837 1
e 10 4 6  0.8376 2
e 10 6 6  0.7986 3
e 10 8 6  0.9311 4
e 11 12 6 0.9778 17
g # 4
s 12 21
e 1 2  8  0.8137 5
e 2 3  8  0.9627 16
e 3 11 8  0.9948 18 
e 4 1  8  0.7756 6
e 4 2  8  0.8740 21
e 4 5  8  0.7780 7
e 5 11 8  0.9674 14  
e 6 4  8  0.8735 8  
e 6 5  8  0.7007 9  	
e 6 7  8  0.6984 10 
e 7 5  8  0.9769 15 
e 8 6  8  0.7615 11
e 8 7  8  0.6540 12
e 8 9  8  0.6488 13
e 9 5  8  0.6065 19
e 9 11 8  0.9349 20
e 10 1 8  0.8837 1
e 10 4 8  0.8376 2
e 10 6 8  0.7986 3
e 10 8 8  0.9311 4
e 11 12 8 0.9778 17
g # 5
s 12 21
e 1 2  10  0.8137 5
e 2 3  10  0.9627 16
e 3 11 10  0.9948 18 
e 4 1  10  0.7756 6
e 4 2  10  0.8740 21
e 4 5  10  0.7780 7
e 5 11 10  0.9674 14  
e 6 4  10  0.8735 8  
e 6 5  10  0.7007 9  	
e 6 7  10  0.6984 10 
e 7 5  10  0.9769 15 
e 8 6  10  0.7615 11
e 8 7  10  0.6540 12
e 8 9  10  0.6488 13
e 9 5  10  0.6065 19
e 9 11 10  0.9349 20
e 10 1 10  0.8837 1
e 10 4 10  0.8376 2
e 10 6 10  0.7986 3
e 10 8 10  0.9311 4
e 11 12 10 0.9778 17
g # 6
s 12 21
e 1 2  12  0.8137 5
e 2 3  12  0.9627 16
e 3 11 12  0.9948 18 
e 4 1  12  0.7756 6
e 4 2  12  0.8740 21
e 4 5  12  0.7780 7
e 5 11 12  0.9674 14  
e 6 4  12  0.8735 8  
e 6 5  12  0.7007 9  	
e 6 7  12  0.6984 10 
e 7 5  12  0.9769 15 
e 8 6  12  0.7615 11
e 8 7  12  0.6540 12
e 8 9  12  0.6488 13
e 9 5  12  0.6065 19
e 9 11 12  0.9349 20
e 10 1 12  0.8837 1
e 10 4 12  0.8376 2
e 10 6 12  0.7986 3
e 10 8 12  0.9311 4
e 11 12 12 0.9778 17
g # 7
s 12 21
e 1 2  14  0.8137 5
e 2 3  14  0.9627 16
e 3 11 14  0.9948 18 
e 4 1  14  0.7756 6
e 4 2  14  0.8740 21
e 4 5  14  0.7780 7
e 5 11 14  0.9674 14  
e 6 4  14  0.8735 8  
e 6 5  14  0.7007 9  	
e 6 7  14  0.6984 10 
e 7 5  14  0.9769 15 
e 8 6  14  0.7615 11
e 8 7  14  0.6540 12
e 8 9  14  0.6488 13
e 9 5  14  0.6065 19
e 9 11 14  0.9349 20
e 10 1 14  0.8837 1
e 10 4 14  0.8376 2
e 10 6 14  0.7986 3
e 10 8 14  0.9311 4
e 11 12 14 0.9778 17
g # 0
