g    #    1
s    15   30   
e    1    2    2    0.67    1
e    1    6    2    0.87    2
e    1    3    2    0.95    3
e    2    9    2    0.75    4
e    2    8    2    0.82    5
e    2    4    2    0.64    6
e    2    3    2    0.94    7
e    3    4    2    0.79    8
e    3    7    2    0.66    9
e    3    5    2    0.61    10
e    4    9    2    0.85    11
e    4    7    2    0.68    12
e    5    8    2    0.62    13
e    5    10    2    0.6    14
e    5    12    2    0.54    15
e    6    5    2    0.88    16
e    6    15    2    0.82    17
e    7    6    2    0.71    18
e    7    11    2    0.7    19
e    8    11    2    0.81    20
e    8    10    2    0.95    21
e    9    13    2    0.68    22
e    9    11    2    0.62    23
e    10    13    2    0.6    24
e    10    14    2    0.54    25
e    11    14    2    0.88    26
e    11    12    2    0.82    27
e    12    14    2    0.71    28
e    13    15    2    0.7    29
e    14    15    2    0.81    30
g    #    2
s    15   30 
e    1    2    20    0.67    1
e    1    6    20    0.87    2
e    1    3    20    0.95    3
e    2    9    20    0.75    4
e    2    8    20    0.82    5
e    2    4    20    0.64    6
e    2    3    20    0.94    7
e    3    4    20    0.79    8
e    3    7    20    0.66    9
e    3    5    20    0.61    10
e    4    9    20    0.85    11
e    4    7    20    0.68    12
e    5    8    20    0.62    13
e    5    10    20    0.6    14
e    5    12    20    0.54    15
e    6    5    20    0.88    16
e    6    15    20    0.82    17
e    7    6    20    0.71    18
e    7    11    20    0.7    19
e    8    11    20    0.81    20
e    8    10    20    0.95    21
e    9    13    20    0.68    22
e    9    11    20    0.62    23
e    10    13    20    0.6    24
e    10    14    20    0.54    25
e    11    14    20    0.88    26
e    11    12    20    0.82    27
e    12    14    20    0.71    28
e    13    15    20    0.7    29
e    14    15    20    0.81    30
g    #    3
s    15    30  
e    1    2    200    0.67    1
e    1    6    200    0.87    2
e    1    3    200    0.95    3
e    2    9    200    0.75    4
e    2    8    200    0.82    5
e    2    4    200    0.64    6
e    2    3    200    0.94    7
e    3    4    200    0.79    8
e    3    7    200    0.66    9
e    3    5    200    0.61    10
e    4    9    200    0.85    11
e    4    7    200    0.68    12
e    5    8    200    0.62    13
e    5    10    200    0.6    14
e    5    12    200    0.54    15
e    6    5    200    0.88    16
e    6    15    200    0.82    17
e    7    6    200    0.71    18
e    7    11    200    0.7    19
e    8    11    200    0.81    20
e    8    10    200    0.95    21
e    9    13    200    0.68    22
e    9    11    200    0.62    23
e    10    13    200    0.6    24
e    10    14    200    0.54    25
e    11    14    200    0.88    26
e    11    12    200    0.82    27
e    12    14    200    0.71    28
e    13    15    200    0.7    29
e    14    15    200    0.81    30
g    #    4
s    15   30  
e    1    2    2000    0.67    1
e    1    6    2000    0.87    2
e    1    3    2000    0.95    3
e    2    9    2000    0.75    4
e    2    8    2000    0.82    5
e    2    4    2000    0.64    6
e    2    3    2000    0.94    7
e    3    4    2000    0.79    8
e    3    7    2000    0.66    9
e    3    5    2000    0.61    10
e    4    9    2000    0.85    11
e    4    7    2000    0.68    12
e    5    8    2000    0.62    13
e    5    10    2000    0.6    14
e    5    12    2000    0.54    15
e    6    5    2000    0.88    16
e    6    15    2000    0.82    17
e    7    6    2000    0.71    18
e    7    11    2000    0.7    19
e    8    11    2000    0.81    20
e    8    10    2000    0.95    21
e    9    13    2000    0.68    22
e    9    11    2000    0.62    23
e    10    13    2000    0.6    24
e    10    14    2000    0.54    25
e    11    14    2000    0.88    26
e    11    12    2000    0.82    27
e    12    14    2000    0.71    28
e    13    15    2000    0.7    29
e    14    15    2000    0.81    30
g    #    5
s    15   30   
e    1    2    20000    0.67    1
e    1    6    20000    0.87    2
e    1    3    20000    0.95    3
e    2    9    20000    0.75    4
e    2    8    20000    0.82    5
e    2    4    20000    0.64    6
e    2    3    20000    0.94    7
e    3    4    20000    0.79    8
e    3    7    20000    0.66    9
e    3    5    20000    0.61    10
e    4    9    20000    0.85    11
e    4    7    20000    0.68    12
e    5    8    20000    0.62    13
e    5    10    20000    0.6    14
e    5    12    20000    0.54    15
e    6    5    20000    0.88    16
e    6    15    20000    0.82    17
e    7    6    20000    0.71    18
e    7    11    20000    0.7    19
e    8    11    20000    0.81    20
e    8    10    20000    0.95    21
e    9    13    20000    0.68    22
e    9    11    20000    0.62    23
e    10    13    20000    0.6    24
e    10    14    20000    0.54    25
e    11    14    20000    0.88    26
e    11    12    20000    0.82    27
e    12    14    20000    0.71    28
e    13    15    20000    0.7    29
e    14    15    20000    0.81    30
g    #    6
s    15   30  
e    1    2    200000    0.67    1
e    1    6    200000    0.87    2
e    1    3    200000    0.95    3
e    2    9    200000    0.75    4
e    2    8    200000    0.82    5
e    2    4    200000    0.64    6
e    2    3    200000    0.94    7
e    3    4    200000    0.79    8
e    3    7    200000    0.66    9
e    3    5    200000    0.61    10
e    4    9    200000    0.85    11
e    4    7    200000    0.68    12
e    5    8    200000    0.62    13
e    5    10    200000    0.6    14
e    5    12    200000    0.54    15
e    6    5    200000    0.88    16
e    6    15    200000    0.82    17
e    7    6    200000    0.71    18
e    7    11    200000    0.7    19
e    8    11    200000    0.81    20
e    8    10    200000    0.95    21
e    9    13    200000    0.68    22
e    9    11    200000    0.62    23
e    10    13    200000    0.6    24
e    10    14    200000    0.54    25
e    11    14    200000    0.88    26
e    11    12    200000    0.82    27
e    12    14    200000    0.71    28
e    13    15    200000    0.7    29
e    14    15    200000    0.81    30
g    #    0
