8--1最大流值为：63
最可靠最大流分布概率为 ： 0.0652329
状态划分算法消耗的内存为：4.87109
状态划分算法运行时间(ms) ： 29.2354
---------------------------------
流分布如下: 
---------------------------------
0   0   0   0   0   0   0   0   0   0   
22  0   0   0   0   0   0   0   0   0   
38  0   0   0   0   0   0   0   0   0   
0   0   0   0   0   0   0   0   0   0   
0   0   0   0   0   0   0   0   0   0   
3   0   0   0   0   0   0   0   0   0   
0   0   0   0   0   0   0   0   0   0   
0   22  38  0   0   0   0   0   0   3   
0   0   0   0   0   0   0   0   0   0   
0   0   0   0   0   3   0   0   0   0   
---------------------------------
关键边输出如下：
---------------------------------
5    T         25        0         0         
14   T         37        0         0         
2    T         41        0.148274  0.148274  
13   T         41        0.148274  0.163443  
17   T         60        0.185343  0.185343  
18   T         60        0.185343  0.185343  
10   T         63        0.0466866 0.0466866 
11   T         63        0.0652329 0.0652329 
9    T         63        0.0652329 0.0764802 
7    T         63        0.0652329 0.0764802 
8    T         63        0.0652329 0.0764802 
12   T         63        0.0652329 0.0764802 
3    T         63        0.0652329 0.0764802 
4    T         63        0.0652329 0.0764802 
15   T         63        0.0652329 0.0764802 
16   T         63        0.0652329 0.0764802 
1    T         63        0.0652329 0.0764802 
6    T         63        0.0652329 0.0764802 
---------------------------------
---------------------------------

8--1最大流值为：63
最可靠最大流分布概率为 ： 0.0652329
状态划分算法消耗的内存为：4.95703
状态划分算法运行时间(ms) ： 29.1261
---------------------------------
流分布如下: 
---------------------------------
0   0   0   0   0   0   0   0   0   0   
22  0   0   0   0   0   0   0   0   0   
38  0   0   0   0   0   0   0   0   0   
0   0   0   0   0   0   0   0   0   0   
0   0   0   0   0   0   0   0   0   0   
3   0   0   0   0   0   0   0   0   0   
0   0   0   0   0   0   0   0   0   0   
0   22  38  0   0   0   0   0   0   3   
0   0   0   0   0   0   0   0   0   0   
0   0   0   0   0   3   0   0   0   0   
---------------------------------
关键边输出如下：
---------------------------------
5    T         25        0         0         
14   T         37        0         0         
2    T         41        0.148274  0.148274  
13   T         41        0.148274  0.163443  
17   T         60        0.185343  0.185343  
18   T         60        0.185343  0.185343  
10   T         63        0.0466866 0.0466866 
11   T         63        0.0652329 0.0652329 
9    T         63        0.0652329 0.0764802 
7    T         63        0.0652329 0.0764802 
8    T         63        0.0652329 0.0764802 
12   T         63        0.0652329 0.0764802 
3    T         63        0.0652329 0.0764802 
4    T         63        0.0652329 0.0764802 
15   T         63        0.0652329 0.0764802 
16   T         63        0.0652329 0.0764802 
1    T         63        0.0652329 0.0764802 
6    T         63        0.0652329 0.0764802 
---------------------------------
---------------------------------

8--1最大流值为：63
最可靠最大流分布概率为 ： 0.0652329
状态划分算法消耗的内存为：4.98047
状态划分算法运行时间(ms) ： 28.9519
---------------------------------
流分布如下: 
---------------------------------
0   0   0   0   0   0   0   0   0   0   
22  0   0   0   0   0   0   0   0   0   
38  0   0   0   0   0   0   0   0   0   
0   0   0   0   0   0   0   0   0   0   
0   0   0   0   0   0   0   0   0   0   
3   0   0   0   0   0   0   0   0   0   
0   0   0   0   0   0   0   0   0   0   
0   22  38  0   0   0   0   0   0   3   
0   0   0   0   0   0   0   0   0   0   
0   0   0   0   0   3   0   0   0   0   
---------------------------------
关键边输出如下：
---------------------------------
5    T         25        0         0         
14   T         37        0         0         
2    T         41        0.148274  0.148274  
13   T         41        0.148274  0.163443  
17   T         60        0.185343  0.185343  
18   T         60        0.185343  0.185343  
10   T         63        0.0466866 0.0466866 
11   T         63        0.0652329 0.0652329 
9    T         63        0.0652329 0.0764802 
7    T         63        0.0652329 0.0764802 
8    T         63        0.0652329 0.0764802 
12   T         63        0.0652329 0.0764802 
3    T         63        0.0652329 0.0764802 
4    T         63        0.0652329 0.0764802 
15   T         63        0.0652329 0.0764802 
16   T         63        0.0652329 0.0764802 
1    T         63        0.0652329 0.0764802 
6    T         63        0.0652329 0.0764802 
---------------------------------
---------------------------------

8--1最大流值为：63
最可靠最大流分布概率为 ： 0.0652329
状态划分算法消耗的内存为：4.88672
状态划分算法运行时间(ms) ： 28.8125
---------------------------------
流分布如下: 
---------------------------------
0   0   0   0   0   0   0   0   0   0   
22  0   0   0   0   0   0   0   0   0   
38  0   0   0   0   0   0   0   0   0   
0   0   0   0   0   0   0   0   0   0   
0   0   0   0   0   0   0   0   0   0   
3   0   0   0   0   0   0   0   0   0   
0   0   0   0   0   0   0   0   0   0   
0   22  38  0   0   0   0   0   0   3   
0   0   0   0   0   0   0   0   0   0   
0   0   0   0   0   3   0   0   0   0   
---------------------------------
关键边输出如下：
---------------------------------
5    T         25        0         0         
14   T         37        0         0         
2    T         41        0.148274  0.148274  
13   T         41        0.148274  0.163443  
17   T         60        0.185343  0.185343  
18   T         60        0.185343  0.185343  
10   T         63        0.0466866 0.0466866 
11   T         63        0.0652329 0.0652329 
9    T         63        0.0652329 0.0764802 
7    T         63        0.0652329 0.0764802 
8    T         63        0.0652329 0.0764802 
12   T         63        0.0652329 0.0764802 
3    T         63        0.0652329 0.0764802 
4    T         63        0.0652329 0.0764802 
15   T         63        0.0652329 0.0764802 
16   T         63        0.0652329 0.0764802 
1    T         63        0.0652329 0.0764802 
6    T         63        0.0652329 0.0764802 
---------------------------------
---------------------------------

8--1最大流值为：63
最可靠最大流分布概率为 ： 0.0652329
状态划分算法消耗的内存为：4.97656
状态划分算法运行时间(ms) ： 28.8895
---------------------------------
流分布如下: 
---------------------------------
0   0   0   0   0   0   0   0   0   0   
22  0   0   0   0   0   0   0   0   0   
38  0   0   0   0   0   0   0   0   0   
0   0   0   0   0   0   0   0   0   0   
0   0   0   0   0   0   0   0   0   0   
3   0   0   0   0   0   0   0   0   0   
0   0   0   0   0   0   0   0   0   0   
0   22  38  0   0   0   0   0   0   3   
0   0   0   0   0   0   0   0   0   0   
0   0   0   0   0   3   0   0   0   0   
---------------------------------
关键边输出如下：
---------------------------------
5    T         25        0         0         
14   T         37        0         0         
2    T         41        0.148274  0.148274  
13   T         41        0.148274  0.163443  
17   T         60        0.185343  0.185343  
18   T         60        0.185343  0.185343  
10   T         63        0.0466866 0.0466866 
11   T         63        0.0652329 0.0652329 
9    T         63        0.0652329 0.0764802 
7    T         63        0.0652329 0.0764802 
8    T         63        0.0652329 0.0764802 
12   T         63        0.0652329 0.0764802 
3    T         63        0.0652329 0.0764802 
4    T         63        0.0652329 0.0764802 
15   T         63        0.0652329 0.0764802 
16   T         63        0.0652329 0.0764802 
1    T         63        0.0652329 0.0764802 
6    T         63        0.0652329 0.0764802 
---------------------------------
---------------------------------

8--1最大流值为：63
最可靠最大流分布概率为 ： 0.0652329
状态划分算法消耗的内存为：4.98828
状态划分算法运行时间(ms) ： 30.0434
---------------------------------
流分布如下: 
---------------------------------
0   0   0   0   0   0   0   0   0   0   
22  0   0   0   0   0   0   0   0   0   
38  0   0   0   0   0   0   0   0   0   
0   0   0   0   0   0   0   0   0   0   
0   0   0   0   0   0   0   0   0   0   
3   0   0   0   0   0   0   0   0   0   
0   0   0   0   0   0   0   0   0   0   
0   22  38  0   0   0   0   0   0   3   
0   0   0   0   0   0   0   0   0   0   
0   0   0   0   0   3   0   0   0   0   
---------------------------------
关键边输出如下：
---------------------------------
5    T         25        0         0         
14   T         37        0         0         
2    T         41        0.148274  0.148274  
13   T         41        0.148274  0.163443  
17   T         60        0.185343  0.185343  
18   T         60        0.185343  0.185343  
10   T         63        0.0466866 0.0466866 
11   T         63        0.0652329 0.0652329 
9    T         63        0.0652329 0.0764802 
7    T         63        0.0652329 0.0764802 
8    T         63        0.0652329 0.0764802 
12   T         63        0.0652329 0.0764802 
3    T         63        0.0652329 0.0764802 
4    T         63        0.0652329 0.0764802 
15   T         63        0.0652329 0.0764802 
16   T         63        0.0652329 0.0764802 
1    T         63        0.0652329 0.0764802 
6    T         63        0.0652329 0.0764802 
---------------------------------
---------------------------------

8--1最大流值为：63
最可靠最大流分布概率为 ： 0.0652329
状态划分算法消耗的内存为：4.875
状态划分算法运行时间(ms) ： 29.2387
---------------------------------
流分布如下: 
---------------------------------
0   0   0   0   0   0   0   0   0   0   
22  0   0   0   0   0   0   0   0   0   
38  0   0   0   0   0   0   0   0   0   
0   0   0   0   0   0   0   0   0   0   
0   0   0   0   0   0   0   0   0   0   
3   0   0   0   0   0   0   0   0   0   
0   0   0   0   0   0   0   0   0   0   
0   22  38  0   0   0   0   0   0   3   
0   0   0   0   0   0   0   0   0   0   
0   0   0   0   0   3   0   0   0   0   
---------------------------------
关键边输出如下：
---------------------------------
5    T         25        0         0         
14   T         37        0         0         
2    T         41        0.148274  0.148274  
13   T         41        0.148274  0.163443  
17   T         60        0.185343  0.185343  
18   T         60        0.185343  0.185343  
10   T         63        0.0466866 0.0466866 
11   T         63        0.0652329 0.0652329 
9    T         63        0.0652329 0.0764802 
7    T         63        0.0652329 0.0764802 
8    T         63        0.0652329 0.0764802 
12   T         63        0.0652329 0.0764802 
3    T         63        0.0652329 0.0764802 
4    T         63        0.0652329 0.0764802 
15   T         63        0.0652329 0.0764802 
16   T         63        0.0652329 0.0764802 
1    T         63        0.0652329 0.0764802 
6    T         63        0.0652329 0.0764802 
---------------------------------
---------------------------------

8--1最大流值为：63
最可靠最大流分布概率为 ： 0.0652329
状态划分算法消耗的内存为：4.96094
状态划分算法运行时间(ms) ： 29.2538
---------------------------------
流分布如下: 
---------------------------------
0   0   0   0   0   0   0   0   0   0   
22  0   0   0   0   0   0   0   0   0   
38  0   0   0   0   0   0   0   0   0   
0   0   0   0   0   0   0   0   0   0   
0   0   0   0   0   0   0   0   0   0   
3   0   0   0   0   0   0   0   0   0   
0   0   0   0   0   0   0   0   0   0   
0   22  38  0   0   0   0   0   0   3   
0   0   0   0   0   0   0   0   0   0   
0   0   0   0   0   3   0   0   0   0   
---------------------------------
关键边输出如下：
---------------------------------
5    T         25        0         0         
14   T         37        0         0         
2    T         41        0.148274  0.148274  
13   T         41        0.148274  0.163443  
17   T         60        0.185343  0.185343  
18   T         60        0.185343  0.185343  
10   T         63        0.0466866 0.0466866 
11   T         63        0.0652329 0.0652329 
9    T         63        0.0652329 0.0764802 
7    T         63        0.0652329 0.0764802 
8    T         63        0.0652329 0.0764802 
12   T         63        0.0652329 0.0764802 
3    T         63        0.0652329 0.0764802 
4    T         63        0.0652329 0.0764802 
15   T         63        0.0652329 0.0764802 
16   T         63        0.0652329 0.0764802 
1    T         63        0.0652329 0.0764802 
6    T         63        0.0652329 0.0764802 
---------------------------------
---------------------------------

8--1最大流值为：63
最可靠最大流分布概率为 ： 0.0652329
状态划分算法消耗的内存为：4.96484
状态划分算法运行时间(ms) ： 28.9073
---------------------------------
流分布如下: 
---------------------------------
0   0   0   0   0   0   0   0   0   0   
22  0   0   0   0   0   0   0   0   0   
38  0   0   0   0   0   0   0   0   0   
0   0   0   0   0   0   0   0   0   0   
0   0   0   0   0   0   0   0   0   0   
3   0   0   0   0   0   0   0   0   0   
0   0   0   0   0   0   0   0   0   0   
0   22  38  0   0   0   0   0   0   3   
0   0   0   0   0   0   0   0   0   0   
0   0   0   0   0   3   0   0   0   0   
---------------------------------
关键边输出如下：
---------------------------------
5    T         25        0         0         
14   T         37        0         0         
2    T         41        0.148274  0.148274  
13   T         41        0.148274  0.163443  
17   T         60        0.185343  0.185343  
18   T         60        0.185343  0.185343  
10   T         63        0.0466866 0.0466866 
11   T         63        0.0652329 0.0652329 
9    T         63        0.0652329 0.0764802 
7    T         63        0.0652329 0.0764802 
8    T         63        0.0652329 0.0764802 
12   T         63        0.0652329 0.0764802 
3    T         63        0.0652329 0.0764802 
4    T         63        0.0652329 0.0764802 
15   T         63        0.0652329 0.0764802 
16   T         63        0.0652329 0.0764802 
1    T         63        0.0652329 0.0764802 
6    T         63        0.0652329 0.0764802 
---------------------------------
---------------------------------

8--1最大流值为：63
最可靠最大流分布概率为 ： 0.0652329
状态划分算法消耗的内存为：4.97656
状态划分算法运行时间(ms) ： 28.9528
---------------------------------
流分布如下: 
---------------------------------
0   0   0   0   0   0   0   0   0   0   
22  0   0   0   0   0   0   0   0   0   
38  0   0   0   0   0   0   0   0   0   
0   0   0   0   0   0   0   0   0   0   
0   0   0   0   0   0   0   0   0   0   
3   0   0   0   0   0   0   0   0   0   
0   0   0   0   0   0   0   0   0   0   
0   22  38  0   0   0   0   0   0   3   
0   0   0   0   0   0   0   0   0   0   
0   0   0   0   0   3   0   0   0   0   
---------------------------------
关键边输出如下：
---------------------------------
5    T         25        0         0         
14   T         37        0         0         
2    T         41        0.148274  0.148274  
13   T         41        0.148274  0.163443  
17   T         60        0.185343  0.185343  
18   T         60        0.185343  0.185343  
10   T         63        0.0466866 0.0466866 
11   T         63        0.0652329 0.0652329 
9    T         63        0.0652329 0.0764802 
7    T         63        0.0652329 0.0764802 
8    T         63        0.0652329 0.0764802 
12   T         63        0.0652329 0.0764802 
3    T         63        0.0652329 0.0764802 
4    T         63        0.0652329 0.0764802 
15   T         63        0.0652329 0.0764802 
16   T         63        0.0652329 0.0764802 
1    T         63        0.0652329 0.0764802 
6    T         63        0.0652329 0.0764802 
---------------------------------
---------------------------------

