1--3最大流值为：30
最可靠最大流分布概率为 ： 0.012557
状态划分算法消耗的内存为：4.84766
状态划分算法运行时间(ms) ： 51.5174
---------------------------------
流分布如下: 
---------------------------------
0   0   0   12  0   0   0   0   12  6   
0   0   0   0   0   0   0   0   0   0   
0   0   0   0   0   0   0   0   0   0   
0   0   14  0   1   0   0   0   0   0   
0   0   1   0   0   0   0   0   0   0   
0   0   0   0   0   0   0   0   0   0   
0   0   0   3   0   0   0   0   0   0   
0   0   0   0   0   0   3   0   0   0   
0   0   12  0   0   0   0   0   0   0   
0   0   3   0   0   0   0   3   0   0   
---------------------------------
关键边输出如下：
---------------------------------
15   T         18        0.022859  0.022859  
1    T         18        0.0357915 0.0480398 
2    T         18        0.0649019 0.104826  
3    T         24        0         0         
17   T         27        0.0164463 0.0164463 
11   T         27        0.139823  0.187672  
13   T         27        0.139823  0.187672  
18   T         27        0.139823  0.187672  
4    T         29        0.0242616 0.0242616 
7    T         29        0.034203  0.034203  
5    T         29        0.034203  0.034203  
12   T         30        0.012557  0.012557  
8    T         30        0.012557  0.012557  
14   T         30        0.012557  0.012557  
9    T         30        0.012557  0.012557  
16   T         30        0.012557  0.012557  
10   T         30        0.012557  0.012557  
6    T         30        0.012557  0.012557  
---------------------------------
---------------------------------

1--3最大流值为：30
最可靠最大流分布概率为 ： 0.012557
状态划分算法消耗的内存为：4.96875
状态划分算法运行时间(ms) ： 50.8588
---------------------------------
流分布如下: 
---------------------------------
0   0   0   12  0   0   0   0   12  6   
0   0   0   0   0   0   0   0   0   0   
0   0   0   0   0   0   0   0   0   0   
0   0   14  0   1   0   0   0   0   0   
0   0   1   0   0   0   0   0   0   0   
0   0   0   0   0   0   0   0   0   0   
0   0   0   3   0   0   0   0   0   0   
0   0   0   0   0   0   3   0   0   0   
0   0   12  0   0   0   0   0   0   0   
0   0   3   0   0   0   0   3   0   0   
---------------------------------
关键边输出如下：
---------------------------------
15   T         18        0.022859  0.022859  
1    T         18        0.0357915 0.0480398 
2    T         18        0.0649019 0.104826  
3    T         24        0         0         
17   T         27        0.0164463 0.0164463 
11   T         27        0.139823  0.187672  
13   T         27        0.139823  0.187672  
18   T         27        0.139823  0.187672  
4    T         29        0.0242616 0.0242616 
7    T         29        0.034203  0.034203  
5    T         29        0.034203  0.034203  
12   T         30        0.012557  0.012557  
8    T         30        0.012557  0.012557  
14   T         30        0.012557  0.012557  
9    T         30        0.012557  0.012557  
16   T         30        0.012557  0.012557  
10   T         30        0.012557  0.012557  
6    T         30        0.012557  0.012557  
---------------------------------
---------------------------------

1--3最大流值为：30
最可靠最大流分布概率为 ： 0.012557
状态划分算法消耗的内存为：4.98438
状态划分算法运行时间(ms) ： 51.1947
---------------------------------
流分布如下: 
---------------------------------
0   0   0   12  0   0   0   0   12  6   
0   0   0   0   0   0   0   0   0   0   
0   0   0   0   0   0   0   0   0   0   
0   0   14  0   1   0   0   0   0   0   
0   0   1   0   0   0   0   0   0   0   
0   0   0   0   0   0   0   0   0   0   
0   0   0   3   0   0   0   0   0   0   
0   0   0   0   0   0   3   0   0   0   
0   0   12  0   0   0   0   0   0   0   
0   0   3   0   0   0   0   3   0   0   
---------------------------------
关键边输出如下：
---------------------------------
15   T         18        0.022859  0.022859  
1    T         18        0.0357915 0.0480398 
2    T         18        0.0649019 0.104826  
3    T         24        0         0         
17   T         27        0.0164463 0.0164463 
11   T         27        0.139823  0.187672  
13   T         27        0.139823  0.187672  
18   T         27        0.139823  0.187672  
4    T         29        0.0242616 0.0242616 
7    T         29        0.034203  0.034203  
5    T         29        0.034203  0.034203  
12   T         30        0.012557  0.012557  
8    T         30        0.012557  0.012557  
14   T         30        0.012557  0.012557  
9    T         30        0.012557  0.012557  
16   T         30        0.012557  0.012557  
10   T         30        0.012557  0.012557  
6    T         30        0.012557  0.012557  
---------------------------------
---------------------------------

1--3最大流值为：30
最可靠最大流分布概率为 ： 0.012557
状态划分算法消耗的内存为：4.88281
状态划分算法运行时间(ms) ： 50.7054
---------------------------------
流分布如下: 
---------------------------------
0   0   0   12  0   0   0   0   12  6   
0   0   0   0   0   0   0   0   0   0   
0   0   0   0   0   0   0   0   0   0   
0   0   14  0   1   0   0   0   0   0   
0   0   1   0   0   0   0   0   0   0   
0   0   0   0   0   0   0   0   0   0   
0   0   0   3   0   0   0   0   0   0   
0   0   0   0   0   0   3   0   0   0   
0   0   12  0   0   0   0   0   0   0   
0   0   3   0   0   0   0   3   0   0   
---------------------------------
关键边输出如下：
---------------------------------
15   T         18        0.022859  0.022859  
1    T         18        0.0357915 0.0480398 
2    T         18        0.0649019 0.104826  
3    T         24        0         0         
17   T         27        0.0164463 0.0164463 
11   T         27        0.139823  0.187672  
13   T         27        0.139823  0.187672  
18   T         27        0.139823  0.187672  
4    T         29        0.0242616 0.0242616 
7    T         29        0.034203  0.034203  
5    T         29        0.034203  0.034203  
12   T         30        0.012557  0.012557  
8    T         30        0.012557  0.012557  
14   T         30        0.012557  0.012557  
9    T         30        0.012557  0.012557  
16   T         30        0.012557  0.012557  
10   T         30        0.012557  0.012557  
6    T         30        0.012557  0.012557  
---------------------------------
---------------------------------

1--3最大流值为：30
最可靠最大流分布概率为 ： 0.012557
状态划分算法消耗的内存为：4.96875
状态划分算法运行时间(ms) ： 51.0242
---------------------------------
流分布如下: 
---------------------------------
0   0   0   12  0   0   0   0   12  6   
0   0   0   0   0   0   0   0   0   0   
0   0   0   0   0   0   0   0   0   0   
0   0   14  0   1   0   0   0   0   0   
0   0   1   0   0   0   0   0   0   0   
0   0   0   0   0   0   0   0   0   0   
0   0   0   3   0   0   0   0   0   0   
0   0   0   0   0   0   3   0   0   0   
0   0   12  0   0   0   0   0   0   0   
0   0   3   0   0   0   0   3   0   0   
---------------------------------
关键边输出如下：
---------------------------------
15   T         18        0.022859  0.022859  
1    T         18        0.0357915 0.0480398 
2    T         18        0.0649019 0.104826  
3    T         24        0         0         
17   T         27        0.0164463 0.0164463 
11   T         27        0.139823  0.187672  
13   T         27        0.139823  0.187672  
18   T         27        0.139823  0.187672  
4    T         29        0.0242616 0.0242616 
7    T         29        0.034203  0.034203  
5    T         29        0.034203  0.034203  
12   T         30        0.012557  0.012557  
8    T         30        0.012557  0.012557  
14   T         30        0.012557  0.012557  
9    T         30        0.012557  0.012557  
16   T         30        0.012557  0.012557  
10   T         30        0.012557  0.012557  
6    T         30        0.012557  0.012557  
---------------------------------
---------------------------------

1--3最大流值为：30
最可靠最大流分布概率为 ： 0.012557
状态划分算法消耗的内存为：4.88281
状态划分算法运行时间(ms) ： 51.3656
---------------------------------
流分布如下: 
---------------------------------
0   0   0   12  0   0   0   0   12  6   
0   0   0   0   0   0   0   0   0   0   
0   0   0   0   0   0   0   0   0   0   
0   0   14  0   1   0   0   0   0   0   
0   0   1   0   0   0   0   0   0   0   
0   0   0   0   0   0   0   0   0   0   
0   0   0   3   0   0   0   0   0   0   
0   0   0   0   0   0   3   0   0   0   
0   0   12  0   0   0   0   0   0   0   
0   0   3   0   0   0   0   3   0   0   
---------------------------------
关键边输出如下：
---------------------------------
15   T         18        0.022859  0.022859  
1    T         18        0.0357915 0.0480398 
2    T         18        0.0649019 0.104826  
3    T         24        0         0         
17   T         27        0.0164463 0.0164463 
11   T         27        0.139823  0.187672  
13   T         27        0.139823  0.187672  
18   T         27        0.139823  0.187672  
4    T         29        0.0242616 0.0242616 
7    T         29        0.034203  0.034203  
5    T         29        0.034203  0.034203  
12   T         30        0.012557  0.012557  
8    T         30        0.012557  0.012557  
14   T         30        0.012557  0.012557  
9    T         30        0.012557  0.012557  
16   T         30        0.012557  0.012557  
10   T         30        0.012557  0.012557  
6    T         30        0.012557  0.012557  
---------------------------------
---------------------------------

1--3最大流值为：30
最可靠最大流分布概率为 ： 0.012557
状态划分算法消耗的内存为：4.98438
状态划分算法运行时间(ms) ： 51.179
---------------------------------
流分布如下: 
---------------------------------
0   0   0   12  0   0   0   0   12  6   
0   0   0   0   0   0   0   0   0   0   
0   0   0   0   0   0   0   0   0   0   
0   0   14  0   1   0   0   0   0   0   
0   0   1   0   0   0   0   0   0   0   
0   0   0   0   0   0   0   0   0   0   
0   0   0   3   0   0   0   0   0   0   
0   0   0   0   0   0   3   0   0   0   
0   0   12  0   0   0   0   0   0   0   
0   0   3   0   0   0   0   3   0   0   
---------------------------------
关键边输出如下：
---------------------------------
15   T         18        0.022859  0.022859  
1    T         18        0.0357915 0.0480398 
2    T         18        0.0649019 0.104826  
3    T         24        0         0         
17   T         27        0.0164463 0.0164463 
11   T         27        0.139823  0.187672  
13   T         27        0.139823  0.187672  
18   T         27        0.139823  0.187672  
4    T         29        0.0242616 0.0242616 
7    T         29        0.034203  0.034203  
5    T         29        0.034203  0.034203  
12   T         30        0.012557  0.012557  
8    T         30        0.012557  0.012557  
14   T         30        0.012557  0.012557  
9    T         30        0.012557  0.012557  
16   T         30        0.012557  0.012557  
10   T         30        0.012557  0.012557  
6    T         30        0.012557  0.012557  
---------------------------------
---------------------------------

1--3最大流值为：30
最可靠最大流分布概率为 ： 0.012557
状态划分算法消耗的内存为：4.88281
状态划分算法运行时间(ms) ： 51.3079
---------------------------------
流分布如下: 
---------------------------------
0   0   0   12  0   0   0   0   12  6   
0   0   0   0   0   0   0   0   0   0   
0   0   0   0   0   0   0   0   0   0   
0   0   14  0   1   0   0   0   0   0   
0   0   1   0   0   0   0   0   0   0   
0   0   0   0   0   0   0   0   0   0   
0   0   0   3   0   0   0   0   0   0   
0   0   0   0   0   0   3   0   0   0   
0   0   12  0   0   0   0   0   0   0   
0   0   3   0   0   0   0   3   0   0   
---------------------------------
关键边输出如下：
---------------------------------
15   T         18        0.022859  0.022859  
1    T         18        0.0357915 0.0480398 
2    T         18        0.0649019 0.104826  
3    T         24        0         0         
17   T         27        0.0164463 0.0164463 
11   T         27        0.139823  0.187672  
13   T         27        0.139823  0.187672  
18   T         27        0.139823  0.187672  
4    T         29        0.0242616 0.0242616 
7    T         29        0.034203  0.034203  
5    T         29        0.034203  0.034203  
12   T         30        0.012557  0.012557  
8    T         30        0.012557  0.012557  
14   T         30        0.012557  0.012557  
9    T         30        0.012557  0.012557  
16   T         30        0.012557  0.012557  
10   T         30        0.012557  0.012557  
6    T         30        0.012557  0.012557  
---------------------------------
---------------------------------

1--3最大流值为：30
最可靠最大流分布概率为 ： 0.012557
状态划分算法消耗的内存为：4.96875
状态划分算法运行时间(ms) ： 51.3103
---------------------------------
流分布如下: 
---------------------------------
0   0   0   12  0   0   0   0   12  6   
0   0   0   0   0   0   0   0   0   0   
0   0   0   0   0   0   0   0   0   0   
0   0   14  0   1   0   0   0   0   0   
0   0   1   0   0   0   0   0   0   0   
0   0   0   0   0   0   0   0   0   0   
0   0   0   3   0   0   0   0   0   0   
0   0   0   0   0   0   3   0   0   0   
0   0   12  0   0   0   0   0   0   0   
0   0   3   0   0   0   0   3   0   0   
---------------------------------
关键边输出如下：
---------------------------------
15   T         18        0.022859  0.022859  
1    T         18        0.0357915 0.0480398 
2    T         18        0.0649019 0.104826  
3    T         24        0         0         
17   T         27        0.0164463 0.0164463 
11   T         27        0.139823  0.187672  
13   T         27        0.139823  0.187672  
18   T         27        0.139823  0.187672  
4    T         29        0.0242616 0.0242616 
7    T         29        0.034203  0.034203  
5    T         29        0.034203  0.034203  
12   T         30        0.012557  0.012557  
8    T         30        0.012557  0.012557  
14   T         30        0.012557  0.012557  
9    T         30        0.012557  0.012557  
16   T         30        0.012557  0.012557  
10   T         30        0.012557  0.012557  
6    T         30        0.012557  0.012557  
---------------------------------
---------------------------------

1--3最大流值为：30
最可靠最大流分布概率为 ： 0.012557
状态划分算法消耗的内存为：4.98047
状态划分算法运行时间(ms) ： 52.2639
---------------------------------
流分布如下: 
---------------------------------
0   0   0   12  0   0   0   0   12  6   
0   0   0   0   0   0   0   0   0   0   
0   0   0   0   0   0   0   0   0   0   
0   0   14  0   1   0   0   0   0   0   
0   0   1   0   0   0   0   0   0   0   
0   0   0   0   0   0   0   0   0   0   
0   0   0   3   0   0   0   0   0   0   
0   0   0   0   0   0   3   0   0   0   
0   0   12  0   0   0   0   0   0   0   
0   0   3   0   0   0   0   3   0   0   
---------------------------------
关键边输出如下：
---------------------------------
15   T         18        0.022859  0.022859  
1    T         18        0.0357915 0.0480398 
2    T         18        0.0649019 0.104826  
3    T         24        0         0         
17   T         27        0.0164463 0.0164463 
11   T         27        0.139823  0.187672  
13   T         27        0.139823  0.187672  
18   T         27        0.139823  0.187672  
4    T         29        0.0242616 0.0242616 
7    T         29        0.034203  0.034203  
5    T         29        0.034203  0.034203  
12   T         30        0.012557  0.012557  
8    T         30        0.012557  0.012557  
14   T         30        0.012557  0.012557  
9    T         30        0.012557  0.012557  
16   T         30        0.012557  0.012557  
10   T         30        0.012557  0.012557  
6    T         30        0.012557  0.012557  
---------------------------------
---------------------------------

