2--8最大流值为：52
最可靠最大流分布概率为 ： 0.028081
状态划分算法消耗的内存为：4.88281
状态划分算法运行时间(ms) ： 72.7143
---------------------------------
流分布如下: 
---------------------------------
0   0   0   0   0   0   0   12  0   0   
0   0   36  13  0   0   0   0   0   3   
12  0   0   0   0   0   12  25  0   0   
0   0   13  0   0   0   0   0   0   0   
0   0   0   0   0   0   0   0   0   0   
0   0   0   0   0   0   0   0   0   0   
0   0   0   0   0   0   0   12  0   0   
0   0   0   0   0   0   0   0   0   0   
0   0   0   0   0   0   0   0   0   0   
0   0   0   0   0   0   0   3   0   0   
---------------------------------
关键边输出如下：
---------------------------------
8    T         27        0         0         
3    T         29        0         0         
1    T         40        0.0364294 0.0518934 
7    T         40        0.084732  0.146914  
15   T         40        0.084732  0.146914  
18   T         49        0         0         
4    T         51        0.0525766 0.0525766 
10   T         51        0.0525766 0.0525766 
5    T         52        0.0193889 0.0193889 
6    T         52        0.0206563 0.0294247 
2    T         52        0.028081  0.028081  
9    T         52        0.028081  0.0320752 
13   T         52        0.028081  0.0408437 
14   T         52        0.028081  0.0408437 
11   T         52        0.028081  0.0408437 
16   T         52        0.028081  0.0408437 
17   T         52        0.028081  0.0408437 
12   T         52        0.028081  0.0408437 
---------------------------------
---------------------------------

2--8最大流值为：52
最可靠最大流分布概率为 ： 0.028081
状态划分算法消耗的内存为：4.96484
状态划分算法运行时间(ms) ： 71.6506
---------------------------------
流分布如下: 
---------------------------------
0   0   0   0   0   0   0   12  0   0   
0   0   36  13  0   0   0   0   0   3   
12  0   0   0   0   0   12  25  0   0   
0   0   13  0   0   0   0   0   0   0   
0   0   0   0   0   0   0   0   0   0   
0   0   0   0   0   0   0   0   0   0   
0   0   0   0   0   0   0   12  0   0   
0   0   0   0   0   0   0   0   0   0   
0   0   0   0   0   0   0   0   0   0   
0   0   0   0   0   0   0   3   0   0   
---------------------------------
关键边输出如下：
---------------------------------
8    T         27        0         0         
3    T         29        0         0         
1    T         40        0.0364294 0.0518934 
7    T         40        0.084732  0.146914  
15   T         40        0.084732  0.146914  
18   T         49        0         0         
4    T         51        0.0525766 0.0525766 
10   T         51        0.0525766 0.0525766 
5    T         52        0.0193889 0.0193889 
6    T         52        0.0206563 0.0294247 
2    T         52        0.028081  0.028081  
9    T         52        0.028081  0.0320752 
13   T         52        0.028081  0.0408437 
14   T         52        0.028081  0.0408437 
11   T         52        0.028081  0.0408437 
16   T         52        0.028081  0.0408437 
17   T         52        0.028081  0.0408437 
12   T         52        0.028081  0.0408437 
---------------------------------
---------------------------------

2--8最大流值为：52
最可靠最大流分布概率为 ： 0.028081
状态划分算法消耗的内存为：4.875
状态划分算法运行时间(ms) ： 71.9425
---------------------------------
流分布如下: 
---------------------------------
0   0   0   0   0   0   0   12  0   0   
0   0   36  13  0   0   0   0   0   3   
12  0   0   0   0   0   12  25  0   0   
0   0   13  0   0   0   0   0   0   0   
0   0   0   0   0   0   0   0   0   0   
0   0   0   0   0   0   0   0   0   0   
0   0   0   0   0   0   0   12  0   0   
0   0   0   0   0   0   0   0   0   0   
0   0   0   0   0   0   0   0   0   0   
0   0   0   0   0   0   0   3   0   0   
---------------------------------
关键边输出如下：
---------------------------------
8    T         27        0         0         
3    T         29        0         0         
1    T         40        0.0364294 0.0518934 
7    T         40        0.084732  0.146914  
15   T         40        0.084732  0.146914  
18   T         49        0         0         
4    T         51        0.0525766 0.0525766 
10   T         51        0.0525766 0.0525766 
5    T         52        0.0193889 0.0193889 
6    T         52        0.0206563 0.0294247 
2    T         52        0.028081  0.028081  
9    T         52        0.028081  0.0320752 
13   T         52        0.028081  0.0408437 
14   T         52        0.028081  0.0408437 
11   T         52        0.028081  0.0408437 
16   T         52        0.028081  0.0408437 
17   T         52        0.028081  0.0408437 
12   T         52        0.028081  0.0408437 
---------------------------------
---------------------------------

2--8最大流值为：52
最可靠最大流分布概率为 ： 0.028081
状态划分算法消耗的内存为：4.97266
状态划分算法运行时间(ms) ： 70.8655
---------------------------------
流分布如下: 
---------------------------------
0   0   0   0   0   0   0   12  0   0   
0   0   36  13  0   0   0   0   0   3   
12  0   0   0   0   0   12  25  0   0   
0   0   13  0   0   0   0   0   0   0   
0   0   0   0   0   0   0   0   0   0   
0   0   0   0   0   0   0   0   0   0   
0   0   0   0   0   0   0   12  0   0   
0   0   0   0   0   0   0   0   0   0   
0   0   0   0   0   0   0   0   0   0   
0   0   0   0   0   0   0   3   0   0   
---------------------------------
关键边输出如下：
---------------------------------
8    T         27        0         0         
3    T         29        0         0         
1    T         40        0.0364294 0.0518934 
7    T         40        0.084732  0.146914  
15   T         40        0.084732  0.146914  
18   T         49        0         0         
4    T         51        0.0525766 0.0525766 
10   T         51        0.0525766 0.0525766 
5    T         52        0.0193889 0.0193889 
6    T         52        0.0206563 0.0294247 
2    T         52        0.028081  0.028081  
9    T         52        0.028081  0.0320752 
13   T         52        0.028081  0.0408437 
14   T         52        0.028081  0.0408437 
11   T         52        0.028081  0.0408437 
16   T         52        0.028081  0.0408437 
17   T         52        0.028081  0.0408437 
12   T         52        0.028081  0.0408437 
---------------------------------
---------------------------------

2--8最大流值为：52
最可靠最大流分布概率为 ： 0.028081
状态划分算法消耗的内存为：4.9375
状态划分算法运行时间(ms) ： 71.3747
---------------------------------
流分布如下: 
---------------------------------
0   0   0   0   0   0   0   12  0   0   
0   0   36  13  0   0   0   0   0   3   
12  0   0   0   0   0   12  25  0   0   
0   0   13  0   0   0   0   0   0   0   
0   0   0   0   0   0   0   0   0   0   
0   0   0   0   0   0   0   0   0   0   
0   0   0   0   0   0   0   12  0   0   
0   0   0   0   0   0   0   0   0   0   
0   0   0   0   0   0   0   0   0   0   
0   0   0   0   0   0   0   3   0   0   
---------------------------------
关键边输出如下：
---------------------------------
8    T         27        0         0         
3    T         29        0         0         
1    T         40        0.0364294 0.0518934 
7    T         40        0.084732  0.146914  
15   T         40        0.084732  0.146914  
18   T         49        0         0         
4    T         51        0.0525766 0.0525766 
10   T         51        0.0525766 0.0525766 
5    T         52        0.0193889 0.0193889 
6    T         52        0.0206563 0.0294247 
2    T         52        0.028081  0.028081  
9    T         52        0.028081  0.0320752 
13   T         52        0.028081  0.0408437 
14   T         52        0.028081  0.0408437 
11   T         52        0.028081  0.0408437 
16   T         52        0.028081  0.0408437 
17   T         52        0.028081  0.0408437 
12   T         52        0.028081  0.0408437 
---------------------------------
---------------------------------

2--8最大流值为：52
最可靠最大流分布概率为 ： 0.028081
状态划分算法消耗的内存为：4.96484
状态划分算法运行时间(ms) ： 71.4351
---------------------------------
流分布如下: 
---------------------------------
0   0   0   0   0   0   0   12  0   0   
0   0   36  13  0   0   0   0   0   3   
12  0   0   0   0   0   12  25  0   0   
0   0   13  0   0   0   0   0   0   0   
0   0   0   0   0   0   0   0   0   0   
0   0   0   0   0   0   0   0   0   0   
0   0   0   0   0   0   0   12  0   0   
0   0   0   0   0   0   0   0   0   0   
0   0   0   0   0   0   0   0   0   0   
0   0   0   0   0   0   0   3   0   0   
---------------------------------
关键边输出如下：
---------------------------------
8    T         27        0         0         
3    T         29        0         0         
1    T         40        0.0364294 0.0518934 
7    T         40        0.084732  0.146914  
15   T         40        0.084732  0.146914  
18   T         49        0         0         
4    T         51        0.0525766 0.0525766 
10   T         51        0.0525766 0.0525766 
5    T         52        0.0193889 0.0193889 
6    T         52        0.0206563 0.0294247 
2    T         52        0.028081  0.028081  
9    T         52        0.028081  0.0320752 
13   T         52        0.028081  0.0408437 
14   T         52        0.028081  0.0408437 
11   T         52        0.028081  0.0408437 
16   T         52        0.028081  0.0408437 
17   T         52        0.028081  0.0408437 
12   T         52        0.028081  0.0408437 
---------------------------------
---------------------------------

2--8最大流值为：52
最可靠最大流分布概率为 ： 0.028081
状态划分算法消耗的内存为：4.94141
状态划分算法运行时间(ms) ： 71.1571
---------------------------------
流分布如下: 
---------------------------------
0   0   0   0   0   0   0   12  0   0   
0   0   36  13  0   0   0   0   0   3   
12  0   0   0   0   0   12  25  0   0   
0   0   13  0   0   0   0   0   0   0   
0   0   0   0   0   0   0   0   0   0   
0   0   0   0   0   0   0   0   0   0   
0   0   0   0   0   0   0   12  0   0   
0   0   0   0   0   0   0   0   0   0   
0   0   0   0   0   0   0   0   0   0   
0   0   0   0   0   0   0   3   0   0   
---------------------------------
关键边输出如下：
---------------------------------
8    T         27        0         0         
3    T         29        0         0         
1    T         40        0.0364294 0.0518934 
7    T         40        0.084732  0.146914  
15   T         40        0.084732  0.146914  
18   T         49        0         0         
4    T         51        0.0525766 0.0525766 
10   T         51        0.0525766 0.0525766 
5    T         52        0.0193889 0.0193889 
6    T         52        0.0206563 0.0294247 
2    T         52        0.028081  0.028081  
9    T         52        0.028081  0.0320752 
13   T         52        0.028081  0.0408437 
14   T         52        0.028081  0.0408437 
11   T         52        0.028081  0.0408437 
16   T         52        0.028081  0.0408437 
17   T         52        0.028081  0.0408437 
12   T         52        0.028081  0.0408437 
---------------------------------
---------------------------------

2--8最大流值为：52
最可靠最大流分布概率为 ： 0.028081
状态划分算法消耗的内存为：4.98438
状态划分算法运行时间(ms) ： 71.4067
---------------------------------
流分布如下: 
---------------------------------
0   0   0   0   0   0   0   12  0   0   
0   0   36  13  0   0   0   0   0   3   
12  0   0   0   0   0   12  25  0   0   
0   0   13  0   0   0   0   0   0   0   
0   0   0   0   0   0   0   0   0   0   
0   0   0   0   0   0   0   0   0   0   
0   0   0   0   0   0   0   12  0   0   
0   0   0   0   0   0   0   0   0   0   
0   0   0   0   0   0   0   0   0   0   
0   0   0   0   0   0   0   3   0   0   
---------------------------------
关键边输出如下：
---------------------------------
8    T         27        0         0         
3    T         29        0         0         
1    T         40        0.0364294 0.0518934 
7    T         40        0.084732  0.146914  
15   T         40        0.084732  0.146914  
18   T         49        0         0         
4    T         51        0.0525766 0.0525766 
10   T         51        0.0525766 0.0525766 
5    T         52        0.0193889 0.0193889 
6    T         52        0.0206563 0.0294247 
2    T         52        0.028081  0.028081  
9    T         52        0.028081  0.0320752 
13   T         52        0.028081  0.0408437 
14   T         52        0.028081  0.0408437 
11   T         52        0.028081  0.0408437 
16   T         52        0.028081  0.0408437 
17   T         52        0.028081  0.0408437 
12   T         52        0.028081  0.0408437 
---------------------------------
---------------------------------

2--8最大流值为：52
最可靠最大流分布概率为 ： 0.028081
状态划分算法消耗的内存为：4.90625
状态划分算法运行时间(ms) ： 71.5126
---------------------------------
流分布如下: 
---------------------------------
0   0   0   0   0   0   0   12  0   0   
0   0   36  13  0   0   0   0   0   3   
12  0   0   0   0   0   12  25  0   0   
0   0   13  0   0   0   0   0   0   0   
0   0   0   0   0   0   0   0   0   0   
0   0   0   0   0   0   0   0   0   0   
0   0   0   0   0   0   0   12  0   0   
0   0   0   0   0   0   0   0   0   0   
0   0   0   0   0   0   0   0   0   0   
0   0   0   0   0   0   0   3   0   0   
---------------------------------
关键边输出如下：
---------------------------------
8    T         27        0         0         
3    T         29        0         0         
1    T         40        0.0364294 0.0518934 
7    T         40        0.084732  0.146914  
15   T         40        0.084732  0.146914  
18   T         49        0         0         
4    T         51        0.0525766 0.0525766 
10   T         51        0.0525766 0.0525766 
5    T         52        0.0193889 0.0193889 
6    T         52        0.0206563 0.0294247 
2    T         52        0.028081  0.028081  
9    T         52        0.028081  0.0320752 
13   T         52        0.028081  0.0408437 
14   T         52        0.028081  0.0408437 
11   T         52        0.028081  0.0408437 
16   T         52        0.028081  0.0408437 
17   T         52        0.028081  0.0408437 
12   T         52        0.028081  0.0408437 
---------------------------------
---------------------------------

2--8最大流值为：52
最可靠最大流分布概率为 ： 0.028081
状态划分算法消耗的内存为：4.96875
状态划分算法运行时间(ms) ： 76.7527
---------------------------------
流分布如下: 
---------------------------------
0   0   0   0   0   0   0   12  0   0   
0   0   36  13  0   0   0   0   0   3   
12  0   0   0   0   0   12  25  0   0   
0   0   13  0   0   0   0   0   0   0   
0   0   0   0   0   0   0   0   0   0   
0   0   0   0   0   0   0   0   0   0   
0   0   0   0   0   0   0   12  0   0   
0   0   0   0   0   0   0   0   0   0   
0   0   0   0   0   0   0   0   0   0   
0   0   0   0   0   0   0   3   0   0   
---------------------------------
关键边输出如下：
---------------------------------
8    T         27        0         0         
3    T         29        0         0         
1    T         40        0.0364294 0.0518934 
7    T         40        0.084732  0.146914  
15   T         40        0.084732  0.146914  
18   T         49        0         0         
4    T         51        0.0525766 0.0525766 
10   T         51        0.0525766 0.0525766 
5    T         52        0.0193889 0.0193889 
6    T         52        0.0206563 0.0294247 
2    T         52        0.028081  0.028081  
9    T         52        0.028081  0.0320752 
13   T         52        0.028081  0.0408437 
14   T         52        0.028081  0.0408437 
11   T         52        0.028081  0.0408437 
16   T         52        0.028081  0.0408437 
17   T         52        0.028081  0.0408437 
12   T         52        0.028081  0.0408437 
---------------------------------
---------------------------------

