1--4最大流值为：47
最可靠最大流分布概率为 ： 0.0355748
状态划分算法消耗的内存为：4.88672
状态划分算法运行时间(ms) ： 90.3114
---------------------------------
流分布如下: 
---------------------------------
0   12  35  0   0   0   0   0   0   0   
0   0   0   0   12  0   0   0   0   0   
0   0   0   0   35  0   0   0   0   0   
0   0   0   0   0   0   0   0   0   0   
0   0   0   22  0   0   25  0   0   0   
0   0   0   0   0   0   0   0   0   0   
0   0   0   22  0   0   0   0   0   3   
0   0   0   0   0   0   0   0   0   0   
0   0   0   0   0   0   0   0   0   0   
0   0   0   3   0   0   0   0   0   0   
---------------------------------
关键边输出如下：
---------------------------------
2    T         12        0         0         
13   T         25        0.0744889 0.147428  
9    T         25        0.107421  0.168792  
10   T         28        0         0         
1    T         37        0         0         
5    T         41        0         0         
3    T         43        0         0         
17   T         44        0         0         
14   T         47        0.0251292 0.0360633 
11   T         47        0.0355748 0.0411026 
4    T         47        0.0355748 0.0413772 
12   T         47        0.0355748 0.0439019 
7    T         47        0.0355748 0.0439019 
6    T         47        0.0355748 0.0439019 
15   T         47        0.0355748 0.0439019 
16   T         47        0.0355748 0.0439019 
8    T         47        0.0355748 0.0439019 
18   T         47        0.0355748 0.0439019 
---------------------------------
---------------------------------

1--4最大流值为：47
最可靠最大流分布概率为 ： 0.0355748
状态划分算法消耗的内存为：4.96875
状态划分算法运行时间(ms) ： 88.9298
---------------------------------
流分布如下: 
---------------------------------
0   12  35  0   0   0   0   0   0   0   
0   0   0   0   12  0   0   0   0   0   
0   0   0   0   35  0   0   0   0   0   
0   0   0   0   0   0   0   0   0   0   
0   0   0   22  0   0   25  0   0   0   
0   0   0   0   0   0   0   0   0   0   
0   0   0   22  0   0   0   0   0   3   
0   0   0   0   0   0   0   0   0   0   
0   0   0   0   0   0   0   0   0   0   
0   0   0   3   0   0   0   0   0   0   
---------------------------------
关键边输出如下：
---------------------------------
2    T         12        0         0         
13   T         25        0.0744889 0.147428  
9    T         25        0.107421  0.168792  
10   T         28        0         0         
1    T         37        0         0         
5    T         41        0         0         
3    T         43        0         0         
17   T         44        0         0         
14   T         47        0.0251292 0.0360633 
11   T         47        0.0355748 0.0411026 
4    T         47        0.0355748 0.0413772 
12   T         47        0.0355748 0.0439019 
7    T         47        0.0355748 0.0439019 
6    T         47        0.0355748 0.0439019 
15   T         47        0.0355748 0.0439019 
16   T         47        0.0355748 0.0439019 
8    T         47        0.0355748 0.0439019 
18   T         47        0.0355748 0.0439019 
---------------------------------
---------------------------------

1--4最大流值为：47
最可靠最大流分布概率为 ： 0.0355748
状态划分算法消耗的内存为：4.96875
状态划分算法运行时间(ms) ： 89.219
---------------------------------
流分布如下: 
---------------------------------
0   12  35  0   0   0   0   0   0   0   
0   0   0   0   12  0   0   0   0   0   
0   0   0   0   35  0   0   0   0   0   
0   0   0   0   0   0   0   0   0   0   
0   0   0   22  0   0   25  0   0   0   
0   0   0   0   0   0   0   0   0   0   
0   0   0   22  0   0   0   0   0   3   
0   0   0   0   0   0   0   0   0   0   
0   0   0   0   0   0   0   0   0   0   
0   0   0   3   0   0   0   0   0   0   
---------------------------------
关键边输出如下：
---------------------------------
2    T         12        0         0         
13   T         25        0.0744889 0.147428  
9    T         25        0.107421  0.168792  
10   T         28        0         0         
1    T         37        0         0         
5    T         41        0         0         
3    T         43        0         0         
17   T         44        0         0         
14   T         47        0.0251292 0.0360633 
11   T         47        0.0355748 0.0411026 
4    T         47        0.0355748 0.0413772 
12   T         47        0.0355748 0.0439019 
7    T         47        0.0355748 0.0439019 
6    T         47        0.0355748 0.0439019 
15   T         47        0.0355748 0.0439019 
16   T         47        0.0355748 0.0439019 
8    T         47        0.0355748 0.0439019 
18   T         47        0.0355748 0.0439019 
---------------------------------
---------------------------------

1--4最大流值为：47
最可靠最大流分布概率为 ： 0.0355748
状态划分算法消耗的内存为：4.97656
状态划分算法运行时间(ms) ： 88.0061
---------------------------------
流分布如下: 
---------------------------------
0   12  35  0   0   0   0   0   0   0   
0   0   0   0   12  0   0   0   0   0   
0   0   0   0   35  0   0   0   0   0   
0   0   0   0   0   0   0   0   0   0   
0   0   0   22  0   0   25  0   0   0   
0   0   0   0   0   0   0   0   0   0   
0   0   0   22  0   0   0   0   0   3   
0   0   0   0   0   0   0   0   0   0   
0   0   0   0   0   0   0   0   0   0   
0   0   0   3   0   0   0   0   0   0   
---------------------------------
关键边输出如下：
---------------------------------
2    T         12        0         0         
13   T         25        0.0744889 0.147428  
9    T         25        0.107421  0.168792  
10   T         28        0         0         
1    T         37        0         0         
5    T         41        0         0         
3    T         43        0         0         
17   T         44        0         0         
14   T         47        0.0251292 0.0360633 
11   T         47        0.0355748 0.0411026 
4    T         47        0.0355748 0.0413772 
12   T         47        0.0355748 0.0439019 
7    T         47        0.0355748 0.0439019 
6    T         47        0.0355748 0.0439019 
15   T         47        0.0355748 0.0439019 
16   T         47        0.0355748 0.0439019 
8    T         47        0.0355748 0.0439019 
18   T         47        0.0355748 0.0439019 
---------------------------------
---------------------------------

1--4最大流值为：47
最可靠最大流分布概率为 ： 0.0355748
状态划分算法消耗的内存为：4.89063
状态划分算法运行时间(ms) ： 89.8776
---------------------------------
流分布如下: 
---------------------------------
0   12  35  0   0   0   0   0   0   0   
0   0   0   0   12  0   0   0   0   0   
0   0   0   0   35  0   0   0   0   0   
0   0   0   0   0   0   0   0   0   0   
0   0   0   22  0   0   25  0   0   0   
0   0   0   0   0   0   0   0   0   0   
0   0   0   22  0   0   0   0   0   3   
0   0   0   0   0   0   0   0   0   0   
0   0   0   0   0   0   0   0   0   0   
0   0   0   3   0   0   0   0   0   0   
---------------------------------
关键边输出如下：
---------------------------------
2    T         12        0         0         
13   T         25        0.0744889 0.147428  
9    T         25        0.107421  0.168792  
10   T         28        0         0         
1    T         37        0         0         
5    T         41        0         0         
3    T         43        0         0         
17   T         44        0         0         
14   T         47        0.0251292 0.0360633 
11   T         47        0.0355748 0.0411026 
4    T         47        0.0355748 0.0413772 
12   T         47        0.0355748 0.0439019 
7    T         47        0.0355748 0.0439019 
6    T         47        0.0355748 0.0439019 
15   T         47        0.0355748 0.0439019 
16   T         47        0.0355748 0.0439019 
8    T         47        0.0355748 0.0439019 
18   T         47        0.0355748 0.0439019 
---------------------------------
---------------------------------

1--4最大流值为：47
最可靠最大流分布概率为 ： 0.0355748
状态划分算法消耗的内存为：4.88281
状态划分算法运行时间(ms) ： 88.5226
---------------------------------
流分布如下: 
---------------------------------
0   12  35  0   0   0   0   0   0   0   
0   0   0   0   12  0   0   0   0   0   
0   0   0   0   35  0   0   0   0   0   
0   0   0   0   0   0   0   0   0   0   
0   0   0   22  0   0   25  0   0   0   
0   0   0   0   0   0   0   0   0   0   
0   0   0   22  0   0   0   0   0   3   
0   0   0   0   0   0   0   0   0   0   
0   0   0   0   0   0   0   0   0   0   
0   0   0   3   0   0   0   0   0   0   
---------------------------------
关键边输出如下：
---------------------------------
2    T         12        0         0         
13   T         25        0.0744889 0.147428  
9    T         25        0.107421  0.168792  
10   T         28        0         0         
1    T         37        0         0         
5    T         41        0         0         
3    T         43        0         0         
17   T         44        0         0         
14   T         47        0.0251292 0.0360633 
11   T         47        0.0355748 0.0411026 
4    T         47        0.0355748 0.0413772 
12   T         47        0.0355748 0.0439019 
7    T         47        0.0355748 0.0439019 
6    T         47        0.0355748 0.0439019 
15   T         47        0.0355748 0.0439019 
16   T         47        0.0355748 0.0439019 
8    T         47        0.0355748 0.0439019 
18   T         47        0.0355748 0.0439019 
---------------------------------
---------------------------------

1--4最大流值为：47
最可靠最大流分布概率为 ： 0.0355748
状态划分算法消耗的内存为：4.94141
状态划分算法运行时间(ms) ： 89.123
---------------------------------
流分布如下: 
---------------------------------
0   12  35  0   0   0   0   0   0   0   
0   0   0   0   12  0   0   0   0   0   
0   0   0   0   35  0   0   0   0   0   
0   0   0   0   0   0   0   0   0   0   
0   0   0   22  0   0   25  0   0   0   
0   0   0   0   0   0   0   0   0   0   
0   0   0   22  0   0   0   0   0   3   
0   0   0   0   0   0   0   0   0   0   
0   0   0   0   0   0   0   0   0   0   
0   0   0   3   0   0   0   0   0   0   
---------------------------------
关键边输出如下：
---------------------------------
2    T         12        0         0         
13   T         25        0.0744889 0.147428  
9    T         25        0.107421  0.168792  
10   T         28        0         0         
1    T         37        0         0         
5    T         41        0         0         
3    T         43        0         0         
17   T         44        0         0         
14   T         47        0.0251292 0.0360633 
11   T         47        0.0355748 0.0411026 
4    T         47        0.0355748 0.0413772 
12   T         47        0.0355748 0.0439019 
7    T         47        0.0355748 0.0439019 
6    T         47        0.0355748 0.0439019 
15   T         47        0.0355748 0.0439019 
16   T         47        0.0355748 0.0439019 
8    T         47        0.0355748 0.0439019 
18   T         47        0.0355748 0.0439019 
---------------------------------
---------------------------------

1--4最大流值为：47
最可靠最大流分布概率为 ： 0.0355748
状态划分算法消耗的内存为：4.98438
状态划分算法运行时间(ms) ： 88.8395
---------------------------------
流分布如下: 
---------------------------------
0   12  35  0   0   0   0   0   0   0   
0   0   0   0   12  0   0   0   0   0   
0   0   0   0   35  0   0   0   0   0   
0   0   0   0   0   0   0   0   0   0   
0   0   0   22  0   0   25  0   0   0   
0   0   0   0   0   0   0   0   0   0   
0   0   0   22  0   0   0   0   0   3   
0   0   0   0   0   0   0   0   0   0   
0   0   0   0   0   0   0   0   0   0   
0   0   0   3   0   0   0   0   0   0   
---------------------------------
关键边输出如下：
---------------------------------
2    T         12        0         0         
13   T         25        0.0744889 0.147428  
9    T         25        0.107421  0.168792  
10   T         28        0         0         
1    T         37        0         0         
5    T         41        0         0         
3    T         43        0         0         
17   T         44        0         0         
14   T         47        0.0251292 0.0360633 
11   T         47        0.0355748 0.0411026 
4    T         47        0.0355748 0.0413772 
12   T         47        0.0355748 0.0439019 
7    T         47        0.0355748 0.0439019 
6    T         47        0.0355748 0.0439019 
15   T         47        0.0355748 0.0439019 
16   T         47        0.0355748 0.0439019 
8    T         47        0.0355748 0.0439019 
18   T         47        0.0355748 0.0439019 
---------------------------------
---------------------------------

1--4最大流值为：47
最可靠最大流分布概率为 ： 0.0355748
状态划分算法消耗的内存为：4.95703
状态划分算法运行时间(ms) ： 89.5902
---------------------------------
流分布如下: 
---------------------------------
0   12  35  0   0   0   0   0   0   0   
0   0   0   0   12  0   0   0   0   0   
0   0   0   0   35  0   0   0   0   0   
0   0   0   0   0   0   0   0   0   0   
0   0   0   22  0   0   25  0   0   0   
0   0   0   0   0   0   0   0   0   0   
0   0   0   22  0   0   0   0   0   3   
0   0   0   0   0   0   0   0   0   0   
0   0   0   0   0   0   0   0   0   0   
0   0   0   3   0   0   0   0   0   0   
---------------------------------
关键边输出如下：
---------------------------------
2    T         12        0         0         
13   T         25        0.0744889 0.147428  
9    T         25        0.107421  0.168792  
10   T         28        0         0         
1    T         37        0         0         
5    T         41        0         0         
3    T         43        0         0         
17   T         44        0         0         
14   T         47        0.0251292 0.0360633 
11   T         47        0.0355748 0.0411026 
4    T         47        0.0355748 0.0413772 
12   T         47        0.0355748 0.0439019 
7    T         47        0.0355748 0.0439019 
6    T         47        0.0355748 0.0439019 
15   T         47        0.0355748 0.0439019 
16   T         47        0.0355748 0.0439019 
8    T         47        0.0355748 0.0439019 
18   T         47        0.0355748 0.0439019 
---------------------------------
---------------------------------

1--4最大流值为：47
最可靠最大流分布概率为 ： 0.0355748
状态划分算法消耗的内存为：4.9375
状态划分算法运行时间(ms) ： 87.7297
---------------------------------
流分布如下: 
---------------------------------
0   12  35  0   0   0   0   0   0   0   
0   0   0   0   12  0   0   0   0   0   
0   0   0   0   35  0   0   0   0   0   
0   0   0   0   0   0   0   0   0   0   
0   0   0   22  0   0   25  0   0   0   
0   0   0   0   0   0   0   0   0   0   
0   0   0   22  0   0   0   0   0   3   
0   0   0   0   0   0   0   0   0   0   
0   0   0   0   0   0   0   0   0   0   
0   0   0   3   0   0   0   0   0   0   
---------------------------------
关键边输出如下：
---------------------------------
2    T         12        0         0         
13   T         25        0.0744889 0.147428  
9    T         25        0.107421  0.168792  
10   T         28        0         0         
1    T         37        0         0         
5    T         41        0         0         
3    T         43        0         0         
17   T         44        0         0         
14   T         47        0.0251292 0.0360633 
11   T         47        0.0355748 0.0411026 
4    T         47        0.0355748 0.0413772 
12   T         47        0.0355748 0.0439019 
7    T         47        0.0355748 0.0439019 
6    T         47        0.0355748 0.0439019 
15   T         47        0.0355748 0.0439019 
16   T         47        0.0355748 0.0439019 
8    T         47        0.0355748 0.0439019 
18   T         47        0.0355748 0.0439019 
---------------------------------
---------------------------------

