3--4最大流值为：55
最可靠最大流分布概率为 ： 0.0597624
状态划分算法消耗的内存为：4.91016
状态划分算法运行时间(ms) ： 110.794
---------------------------------
流分布如下: 
---------------------------------
0   0   0   0   0   0   0   0   0   0   
0   0   0   0   0   0   0   0   0   0   
0   0   0   38  0   3   14  0   0   0   
0   0   0   0   0   0   0   0   0   0   
0   0   0   0   0   0   0   0   0   0   
0   0   0   0   0   0   0   0   0   3   
0   0   0   17  0   0   0   0   0   0   
0   0   0   0   0   0   0   0   0   0   
0   0   0   0   0   0   0   0   0   0   
0   0   0   0   0   0   3   0   0   0   
---------------------------------
关键边输出如下：
---------------------------------
5    T         17        0         0         
12   T         38        0         0         
7    T         41        0         0         
18   T         52        0         0         
11   T         55        0.0475751 0.0475751 
6    T         55        0.0475751 0.0811785 
4    T         55        0.0597624 0.0687702 
3    T         55        0.0597624 0.0707101 
8    T         55        0.0597624 0.0882128 
15   T         55        0.0597624 0.0893128 
2    T         55        0.0597624 0.0926001 
16   T         55        0.0597624 0.092794  
9    T         55        0.0597624 0.092794  
1    T         55        0.0597624 0.0928866 
14   T         55        0.0597624 0.092905  
10   T         55        0.0597624 0.0929866 
17   T         55        0.0597624 0.0929866 
13   T         55        0.0597624 0.0929866 
---------------------------------
---------------------------------

3--4最大流值为：55
最可靠最大流分布概率为 ： 0.0597624
状态划分算法消耗的内存为：4.96484
状态划分算法运行时间(ms) ： 109.225
---------------------------------
流分布如下: 
---------------------------------
0   0   0   0   0   0   0   0   0   0   
0   0   0   0   0   0   0   0   0   0   
0   0   0   38  0   3   14  0   0   0   
0   0   0   0   0   0   0   0   0   0   
0   0   0   0   0   0   0   0   0   0   
0   0   0   0   0   0   0   0   0   3   
0   0   0   17  0   0   0   0   0   0   
0   0   0   0   0   0   0   0   0   0   
0   0   0   0   0   0   0   0   0   0   
0   0   0   0   0   0   3   0   0   0   
---------------------------------
关键边输出如下：
---------------------------------
5    T         17        0         0         
12   T         38        0         0         
7    T         41        0         0         
18   T         52        0         0         
11   T         55        0.0475751 0.0475751 
6    T         55        0.0475751 0.0811785 
4    T         55        0.0597624 0.0687702 
3    T         55        0.0597624 0.0707101 
8    T         55        0.0597624 0.0882128 
15   T         55        0.0597624 0.0893128 
2    T         55        0.0597624 0.0926001 
16   T         55        0.0597624 0.092794  
9    T         55        0.0597624 0.092794  
1    T         55        0.0597624 0.0928866 
14   T         55        0.0597624 0.092905  
10   T         55        0.0597624 0.0929866 
17   T         55        0.0597624 0.0929866 
13   T         55        0.0597624 0.0929866 
---------------------------------
---------------------------------

3--4最大流值为：55
最可靠最大流分布概率为 ： 0.0597624
状态划分算法消耗的内存为：4.98047
状态划分算法运行时间(ms) ： 110.222
---------------------------------
流分布如下: 
---------------------------------
0   0   0   0   0   0   0   0   0   0   
0   0   0   0   0   0   0   0   0   0   
0   0   0   38  0   3   14  0   0   0   
0   0   0   0   0   0   0   0   0   0   
0   0   0   0   0   0   0   0   0   0   
0   0   0   0   0   0   0   0   0   3   
0   0   0   17  0   0   0   0   0   0   
0   0   0   0   0   0   0   0   0   0   
0   0   0   0   0   0   0   0   0   0   
0   0   0   0   0   0   3   0   0   0   
---------------------------------
关键边输出如下：
---------------------------------
5    T         17        0         0         
12   T         38        0         0         
7    T         41        0         0         
18   T         52        0         0         
11   T         55        0.0475751 0.0475751 
6    T         55        0.0475751 0.0811785 
4    T         55        0.0597624 0.0687702 
3    T         55        0.0597624 0.0707101 
8    T         55        0.0597624 0.0882128 
15   T         55        0.0597624 0.0893128 
2    T         55        0.0597624 0.0926001 
16   T         55        0.0597624 0.092794  
9    T         55        0.0597624 0.092794  
1    T         55        0.0597624 0.0928866 
14   T         55        0.0597624 0.092905  
10   T         55        0.0597624 0.0929866 
17   T         55        0.0597624 0.0929866 
13   T         55        0.0597624 0.0929866 
---------------------------------
---------------------------------

3--4最大流值为：55
最可靠最大流分布概率为 ： 0.0597624
状态划分算法消耗的内存为：4.98828
状态划分算法运行时间(ms) ： 110.909
---------------------------------
流分布如下: 
---------------------------------
0   0   0   0   0   0   0   0   0   0   
0   0   0   0   0   0   0   0   0   0   
0   0   0   38  0   3   14  0   0   0   
0   0   0   0   0   0   0   0   0   0   
0   0   0   0   0   0   0   0   0   0   
0   0   0   0   0   0   0   0   0   3   
0   0   0   17  0   0   0   0   0   0   
0   0   0   0   0   0   0   0   0   0   
0   0   0   0   0   0   0   0   0   0   
0   0   0   0   0   0   3   0   0   0   
---------------------------------
关键边输出如下：
---------------------------------
5    T         17        0         0         
12   T         38        0         0         
7    T         41        0         0         
18   T         52        0         0         
11   T         55        0.0475751 0.0475751 
6    T         55        0.0475751 0.0811785 
4    T         55        0.0597624 0.0687702 
3    T         55        0.0597624 0.0707101 
8    T         55        0.0597624 0.0882128 
15   T         55        0.0597624 0.0893128 
2    T         55        0.0597624 0.0926001 
16   T         55        0.0597624 0.092794  
9    T         55        0.0597624 0.092794  
1    T         55        0.0597624 0.0928866 
14   T         55        0.0597624 0.092905  
10   T         55        0.0597624 0.0929866 
17   T         55        0.0597624 0.0929866 
13   T         55        0.0597624 0.0929866 
---------------------------------
---------------------------------

3--4最大流值为：55
最可靠最大流分布概率为 ： 0.0597624
状态划分算法消耗的内存为：4.97656
状态划分算法运行时间(ms) ： 111.923
---------------------------------
流分布如下: 
---------------------------------
0   0   0   0   0   0   0   0   0   0   
0   0   0   0   0   0   0   0   0   0   
0   0   0   38  0   3   14  0   0   0   
0   0   0   0   0   0   0   0   0   0   
0   0   0   0   0   0   0   0   0   0   
0   0   0   0   0   0   0   0   0   3   
0   0   0   17  0   0   0   0   0   0   
0   0   0   0   0   0   0   0   0   0   
0   0   0   0   0   0   0   0   0   0   
0   0   0   0   0   0   3   0   0   0   
---------------------------------
关键边输出如下：
---------------------------------
5    T         17        0         0         
12   T         38        0         0         
7    T         41        0         0         
18   T         52        0         0         
11   T         55        0.0475751 0.0475751 
6    T         55        0.0475751 0.0811785 
4    T         55        0.0597624 0.0687702 
3    T         55        0.0597624 0.0707101 
8    T         55        0.0597624 0.0882128 
15   T         55        0.0597624 0.0893128 
2    T         55        0.0597624 0.0926001 
16   T         55        0.0597624 0.092794  
9    T         55        0.0597624 0.092794  
1    T         55        0.0597624 0.0928866 
14   T         55        0.0597624 0.092905  
10   T         55        0.0597624 0.0929866 
17   T         55        0.0597624 0.0929866 
13   T         55        0.0597624 0.0929866 
---------------------------------
---------------------------------

3--4最大流值为：55
最可靠最大流分布概率为 ： 0.0597624
状态划分算法消耗的内存为：4.98047
状态划分算法运行时间(ms) ： 110.363
---------------------------------
流分布如下: 
---------------------------------
0   0   0   0   0   0   0   0   0   0   
0   0   0   0   0   0   0   0   0   0   
0   0   0   38  0   3   14  0   0   0   
0   0   0   0   0   0   0   0   0   0   
0   0   0   0   0   0   0   0   0   0   
0   0   0   0   0   0   0   0   0   3   
0   0   0   17  0   0   0   0   0   0   
0   0   0   0   0   0   0   0   0   0   
0   0   0   0   0   0   0   0   0   0   
0   0   0   0   0   0   3   0   0   0   
---------------------------------
关键边输出如下：
---------------------------------
5    T         17        0         0         
12   T         38        0         0         
7    T         41        0         0         
18   T         52        0         0         
11   T         55        0.0475751 0.0475751 
6    T         55        0.0475751 0.0811785 
4    T         55        0.0597624 0.0687702 
3    T         55        0.0597624 0.0707101 
8    T         55        0.0597624 0.0882128 
15   T         55        0.0597624 0.0893128 
2    T         55        0.0597624 0.0926001 
16   T         55        0.0597624 0.092794  
9    T         55        0.0597624 0.092794  
1    T         55        0.0597624 0.0928866 
14   T         55        0.0597624 0.092905  
10   T         55        0.0597624 0.0929866 
17   T         55        0.0597624 0.0929866 
13   T         55        0.0597624 0.0929866 
---------------------------------
---------------------------------

3--4最大流值为：55
最可靠最大流分布概率为 ： 0.0597624
状态划分算法消耗的内存为：4.98047
状态划分算法运行时间(ms) ： 110.766
---------------------------------
流分布如下: 
---------------------------------
0   0   0   0   0   0   0   0   0   0   
0   0   0   0   0   0   0   0   0   0   
0   0   0   38  0   3   14  0   0   0   
0   0   0   0   0   0   0   0   0   0   
0   0   0   0   0   0   0   0   0   0   
0   0   0   0   0   0   0   0   0   3   
0   0   0   17  0   0   0   0   0   0   
0   0   0   0   0   0   0   0   0   0   
0   0   0   0   0   0   0   0   0   0   
0   0   0   0   0   0   3   0   0   0   
---------------------------------
关键边输出如下：
---------------------------------
5    T         17        0         0         
12   T         38        0         0         
7    T         41        0         0         
18   T         52        0         0         
11   T         55        0.0475751 0.0475751 
6    T         55        0.0475751 0.0811785 
4    T         55        0.0597624 0.0687702 
3    T         55        0.0597624 0.0707101 
8    T         55        0.0597624 0.0882128 
15   T         55        0.0597624 0.0893128 
2    T         55        0.0597624 0.0926001 
16   T         55        0.0597624 0.092794  
9    T         55        0.0597624 0.092794  
1    T         55        0.0597624 0.0928866 
14   T         55        0.0597624 0.092905  
10   T         55        0.0597624 0.0929866 
17   T         55        0.0597624 0.0929866 
13   T         55        0.0597624 0.0929866 
---------------------------------
---------------------------------

3--4最大流值为：55
最可靠最大流分布概率为 ： 0.0597624
状态划分算法消耗的内存为：4.94922
状态划分算法运行时间(ms) ： 110.825
---------------------------------
流分布如下: 
---------------------------------
0   0   0   0   0   0   0   0   0   0   
0   0   0   0   0   0   0   0   0   0   
0   0   0   38  0   3   14  0   0   0   
0   0   0   0   0   0   0   0   0   0   
0   0   0   0   0   0   0   0   0   0   
0   0   0   0   0   0   0   0   0   3   
0   0   0   17  0   0   0   0   0   0   
0   0   0   0   0   0   0   0   0   0   
0   0   0   0   0   0   0   0   0   0   
0   0   0   0   0   0   3   0   0   0   
---------------------------------
关键边输出如下：
---------------------------------
5    T         17        0         0         
12   T         38        0         0         
7    T         41        0         0         
18   T         52        0         0         
11   T         55        0.0475751 0.0475751 
6    T         55        0.0475751 0.0811785 
4    T         55        0.0597624 0.0687702 
3    T         55        0.0597624 0.0707101 
8    T         55        0.0597624 0.0882128 
15   T         55        0.0597624 0.0893128 
2    T         55        0.0597624 0.0926001 
16   T         55        0.0597624 0.092794  
9    T         55        0.0597624 0.092794  
1    T         55        0.0597624 0.0928866 
14   T         55        0.0597624 0.092905  
10   T         55        0.0597624 0.0929866 
17   T         55        0.0597624 0.0929866 
13   T         55        0.0597624 0.0929866 
---------------------------------
---------------------------------

3--4最大流值为：55
最可靠最大流分布概率为 ： 0.0597624
状态划分算法消耗的内存为：4.98047
状态划分算法运行时间(ms) ： 110.672
---------------------------------
流分布如下: 
---------------------------------
0   0   0   0   0   0   0   0   0   0   
0   0   0   0   0   0   0   0   0   0   
0   0   0   38  0   3   14  0   0   0   
0   0   0   0   0   0   0   0   0   0   
0   0   0   0   0   0   0   0   0   0   
0   0   0   0   0   0   0   0   0   3   
0   0   0   17  0   0   0   0   0   0   
0   0   0   0   0   0   0   0   0   0   
0   0   0   0   0   0   0   0   0   0   
0   0   0   0   0   0   3   0   0   0   
---------------------------------
关键边输出如下：
---------------------------------
5    T         17        0         0         
12   T         38        0         0         
7    T         41        0         0         
18   T         52        0         0         
11   T         55        0.0475751 0.0475751 
6    T         55        0.0475751 0.0811785 
4    T         55        0.0597624 0.0687702 
3    T         55        0.0597624 0.0707101 
8    T         55        0.0597624 0.0882128 
15   T         55        0.0597624 0.0893128 
2    T         55        0.0597624 0.0926001 
16   T         55        0.0597624 0.092794  
9    T         55        0.0597624 0.092794  
1    T         55        0.0597624 0.0928866 
14   T         55        0.0597624 0.092905  
10   T         55        0.0597624 0.0929866 
17   T         55        0.0597624 0.0929866 
13   T         55        0.0597624 0.0929866 
---------------------------------
---------------------------------

3--4最大流值为：55
最可靠最大流分布概率为 ： 0.0597624
状态划分算法消耗的内存为：4.96484
状态划分算法运行时间(ms) ： 110.87
---------------------------------
流分布如下: 
---------------------------------
0   0   0   0   0   0   0   0   0   0   
0   0   0   0   0   0   0   0   0   0   
0   0   0   38  0   3   14  0   0   0   
0   0   0   0   0   0   0   0   0   0   
0   0   0   0   0   0   0   0   0   0   
0   0   0   0   0   0   0   0   0   3   
0   0   0   17  0   0   0   0   0   0   
0   0   0   0   0   0   0   0   0   0   
0   0   0   0   0   0   0   0   0   0   
0   0   0   0   0   0   3   0   0   0   
---------------------------------
关键边输出如下：
---------------------------------
5    T         17        0         0         
12   T         38        0         0         
7    T         41        0         0         
18   T         52        0         0         
11   T         55        0.0475751 0.0475751 
6    T         55        0.0475751 0.0811785 
4    T         55        0.0597624 0.0687702 
3    T         55        0.0597624 0.0707101 
8    T         55        0.0597624 0.0882128 
15   T         55        0.0597624 0.0893128 
2    T         55        0.0597624 0.0926001 
16   T         55        0.0597624 0.092794  
9    T         55        0.0597624 0.092794  
1    T         55        0.0597624 0.0928866 
14   T         55        0.0597624 0.092905  
10   T         55        0.0597624 0.0929866 
17   T         55        0.0597624 0.0929866 
13   T         55        0.0597624 0.0929866 
---------------------------------
---------------------------------

