10--8最大流值为：32
最可靠最大流分布概率为 ： 0.107603
状态划分算法消耗的内存为：4.95703
状态划分算法运行时间(ms) ： 56.3859
---------------------------------
流分布如下: 
---------------------------------
0   0   0   0   0   0   0   0   0   0   0   0   
0   0   0   0   0   0   0   0   0   0   0   19  
0   0   0   0   0   0   0   0   0   0   0   0   
0   0   0   0   0   19  0   0   0   0   0   0   
0   0   0   0   0   0   0   0   0   0   0   0   
0   0   0   0   0   0   0   32  0   0   0   0   
0   0   0   0   0   0   0   0   0   0   0   0   
0   0   0   0   0   0   0   0   0   0   0   0   
0   0   0   0   0   0   0   0   0   0   0   0   
0   19  0   0   0   13  0   0   0   0   0   0   
0   0   0   7   0   0   0   0   0   0   0   0   
0   0   0   12  0   0   0   0   0   0   7   0   
---------------------------------
关键边输出如下：
---------------------------------
5    T         13        0.714152  0.731688  
17   T         13        0.714152  0.73206   
11   T         14        0         0         
18   T         19        0         0         
19   T         25        0.198278  0.20569   
22   T         25        0.198278  0.20569   
7    T         27        0         0         
21   T         29        0         0         
9    T         32        0.107603  0.107603  
10   T         32        0.107603  0.107603  
3    T         32        0.107603  0.107603  
12   T         32        0.107603  0.107603  
13   T         32        0.107603  0.107603  
14   T         32        0.107603  0.107603  
15   T         32        0.107603  0.107603  
16   T         32        0.107603  0.107603  
4    T         32        0.107603  0.107603  
1    T         32        0.107603  0.107603  
6    T         32        0.107603  0.107603  
20   T         32        0.107603  0.107603  
2    T         32        0.107603  0.107603  
8    T         32        0.107603  0.107603  
---------------------------------
---------------------------------

10--8最大流值为：32
最可靠最大流分布概率为 ： 0.107603
状态划分算法消耗的内存为：4.96875
状态划分算法运行时间(ms) ： 60.1155
---------------------------------
流分布如下: 
---------------------------------
0   0   0   0   0   0   0   0   0   0   0   0   
0   0   0   0   0   0   0   0   0   0   0   19  
0   0   0   0   0   0   0   0   0   0   0   0   
0   0   0   0   0   19  0   0   0   0   0   0   
0   0   0   0   0   0   0   0   0   0   0   0   
0   0   0   0   0   0   0   32  0   0   0   0   
0   0   0   0   0   0   0   0   0   0   0   0   
0   0   0   0   0   0   0   0   0   0   0   0   
0   0   0   0   0   0   0   0   0   0   0   0   
0   19  0   0   0   13  0   0   0   0   0   0   
0   0   0   7   0   0   0   0   0   0   0   0   
0   0   0   12  0   0   0   0   0   0   7   0   
---------------------------------
关键边输出如下：
---------------------------------
5    T         13        0.714152  0.731688  
17   T         13        0.714152  0.73206   
11   T         14        0         0         
18   T         19        0         0         
19   T         25        0.198278  0.20569   
22   T         25        0.198278  0.20569   
7    T         27        0         0         
21   T         29        0         0         
9    T         32        0.107603  0.107603  
10   T         32        0.107603  0.107603  
3    T         32        0.107603  0.107603  
12   T         32        0.107603  0.107603  
13   T         32        0.107603  0.107603  
14   T         32        0.107603  0.107603  
15   T         32        0.107603  0.107603  
16   T         32        0.107603  0.107603  
4    T         32        0.107603  0.107603  
1    T         32        0.107603  0.107603  
6    T         32        0.107603  0.107603  
20   T         32        0.107603  0.107603  
2    T         32        0.107603  0.107603  
8    T         32        0.107603  0.107603  
---------------------------------
---------------------------------

10--8最大流值为：32
最可靠最大流分布概率为 ： 0.107603
状态划分算法消耗的内存为：4.97266
状态划分算法运行时间(ms) ： 58.5233
---------------------------------
流分布如下: 
---------------------------------
0   0   0   0   0   0   0   0   0   0   0   0   
0   0   0   0   0   0   0   0   0   0   0   19  
0   0   0   0   0   0   0   0   0   0   0   0   
0   0   0   0   0   19  0   0   0   0   0   0   
0   0   0   0   0   0   0   0   0   0   0   0   
0   0   0   0   0   0   0   32  0   0   0   0   
0   0   0   0   0   0   0   0   0   0   0   0   
0   0   0   0   0   0   0   0   0   0   0   0   
0   0   0   0   0   0   0   0   0   0   0   0   
0   19  0   0   0   13  0   0   0   0   0   0   
0   0   0   7   0   0   0   0   0   0   0   0   
0   0   0   12  0   0   0   0   0   0   7   0   
---------------------------------
关键边输出如下：
---------------------------------
5    T         13        0.714152  0.731688  
17   T         13        0.714152  0.73206   
11   T         14        0         0         
18   T         19        0         0         
19   T         25        0.198278  0.20569   
22   T         25        0.198278  0.20569   
7    T         27        0         0         
21   T         29        0         0         
9    T         32        0.107603  0.107603  
10   T         32        0.107603  0.107603  
3    T         32        0.107603  0.107603  
12   T         32        0.107603  0.107603  
13   T         32        0.107603  0.107603  
14   T         32        0.107603  0.107603  
15   T         32        0.107603  0.107603  
16   T         32        0.107603  0.107603  
4    T         32        0.107603  0.107603  
1    T         32        0.107603  0.107603  
6    T         32        0.107603  0.107603  
20   T         32        0.107603  0.107603  
2    T         32        0.107603  0.107603  
8    T         32        0.107603  0.107603  
---------------------------------
---------------------------------

10--8最大流值为：32
最可靠最大流分布概率为 ： 0.107603
状态划分算法消耗的内存为：4.97266
状态划分算法运行时间(ms) ： 56.9268
---------------------------------
流分布如下: 
---------------------------------
0   0   0   0   0   0   0   0   0   0   0   0   
0   0   0   0   0   0   0   0   0   0   0   19  
0   0   0   0   0   0   0   0   0   0   0   0   
0   0   0   0   0   19  0   0   0   0   0   0   
0   0   0   0   0   0   0   0   0   0   0   0   
0   0   0   0   0   0   0   32  0   0   0   0   
0   0   0   0   0   0   0   0   0   0   0   0   
0   0   0   0   0   0   0   0   0   0   0   0   
0   0   0   0   0   0   0   0   0   0   0   0   
0   19  0   0   0   13  0   0   0   0   0   0   
0   0   0   7   0   0   0   0   0   0   0   0   
0   0   0   12  0   0   0   0   0   0   7   0   
---------------------------------
关键边输出如下：
---------------------------------
5    T         13        0.714152  0.731688  
17   T         13        0.714152  0.73206   
11   T         14        0         0         
18   T         19        0         0         
19   T         25        0.198278  0.20569   
22   T         25        0.198278  0.20569   
7    T         27        0         0         
21   T         29        0         0         
9    T         32        0.107603  0.107603  
10   T         32        0.107603  0.107603  
3    T         32        0.107603  0.107603  
12   T         32        0.107603  0.107603  
13   T         32        0.107603  0.107603  
14   T         32        0.107603  0.107603  
15   T         32        0.107603  0.107603  
16   T         32        0.107603  0.107603  
4    T         32        0.107603  0.107603  
1    T         32        0.107603  0.107603  
6    T         32        0.107603  0.107603  
20   T         32        0.107603  0.107603  
2    T         32        0.107603  0.107603  
8    T         32        0.107603  0.107603  
---------------------------------
---------------------------------

10--8最大流值为：32
最可靠最大流分布概率为 ： 0.107603
状态划分算法消耗的内存为：4.96875
状态划分算法运行时间(ms) ： 56.9838
---------------------------------
流分布如下: 
---------------------------------
0   0   0   0   0   0   0   0   0   0   0   0   
0   0   0   0   0   0   0   0   0   0   0   19  
0   0   0   0   0   0   0   0   0   0   0   0   
0   0   0   0   0   19  0   0   0   0   0   0   
0   0   0   0   0   0   0   0   0   0   0   0   
0   0   0   0   0   0   0   32  0   0   0   0   
0   0   0   0   0   0   0   0   0   0   0   0   
0   0   0   0   0   0   0   0   0   0   0   0   
0   0   0   0   0   0   0   0   0   0   0   0   
0   19  0   0   0   13  0   0   0   0   0   0   
0   0   0   7   0   0   0   0   0   0   0   0   
0   0   0   12  0   0   0   0   0   0   7   0   
---------------------------------
关键边输出如下：
---------------------------------
5    T         13        0.714152  0.731688  
17   T         13        0.714152  0.73206   
11   T         14        0         0         
18   T         19        0         0         
19   T         25        0.198278  0.20569   
22   T         25        0.198278  0.20569   
7    T         27        0         0         
21   T         29        0         0         
9    T         32        0.107603  0.107603  
10   T         32        0.107603  0.107603  
3    T         32        0.107603  0.107603  
12   T         32        0.107603  0.107603  
13   T         32        0.107603  0.107603  
14   T         32        0.107603  0.107603  
15   T         32        0.107603  0.107603  
16   T         32        0.107603  0.107603  
4    T         32        0.107603  0.107603  
1    T         32        0.107603  0.107603  
6    T         32        0.107603  0.107603  
20   T         32        0.107603  0.107603  
2    T         32        0.107603  0.107603  
8    T         32        0.107603  0.107603  
---------------------------------
---------------------------------

10--8最大流值为：32
最可靠最大流分布概率为 ： 0.107603
状态划分算法消耗的内存为：4.96875
状态划分算法运行时间(ms) ： 56.8559
---------------------------------
流分布如下: 
---------------------------------
0   0   0   0   0   0   0   0   0   0   0   0   
0   0   0   0   0   0   0   0   0   0   0   19  
0   0   0   0   0   0   0   0   0   0   0   0   
0   0   0   0   0   19  0   0   0   0   0   0   
0   0   0   0   0   0   0   0   0   0   0   0   
0   0   0   0   0   0   0   32  0   0   0   0   
0   0   0   0   0   0   0   0   0   0   0   0   
0   0   0   0   0   0   0   0   0   0   0   0   
0   0   0   0   0   0   0   0   0   0   0   0   
0   19  0   0   0   13  0   0   0   0   0   0   
0   0   0   7   0   0   0   0   0   0   0   0   
0   0   0   12  0   0   0   0   0   0   7   0   
---------------------------------
关键边输出如下：
---------------------------------
5    T         13        0.714152  0.731688  
17   T         13        0.714152  0.73206   
11   T         14        0         0         
18   T         19        0         0         
19   T         25        0.198278  0.20569   
22   T         25        0.198278  0.20569   
7    T         27        0         0         
21   T         29        0         0         
9    T         32        0.107603  0.107603  
10   T         32        0.107603  0.107603  
3    T         32        0.107603  0.107603  
12   T         32        0.107603  0.107603  
13   T         32        0.107603  0.107603  
14   T         32        0.107603  0.107603  
15   T         32        0.107603  0.107603  
16   T         32        0.107603  0.107603  
4    T         32        0.107603  0.107603  
1    T         32        0.107603  0.107603  
6    T         32        0.107603  0.107603  
20   T         32        0.107603  0.107603  
2    T         32        0.107603  0.107603  
8    T         32        0.107603  0.107603  
---------------------------------
---------------------------------

10--8最大流值为：32
最可靠最大流分布概率为 ： 0.107603
状态划分算法消耗的内存为：4.99609
状态划分算法运行时间(ms) ： 57.0759
---------------------------------
流分布如下: 
---------------------------------
0   0   0   0   0   0   0   0   0   0   0   0   
0   0   0   0   0   0   0   0   0   0   0   19  
0   0   0   0   0   0   0   0   0   0   0   0   
0   0   0   0   0   19  0   0   0   0   0   0   
0   0   0   0   0   0   0   0   0   0   0   0   
0   0   0   0   0   0   0   32  0   0   0   0   
0   0   0   0   0   0   0   0   0   0   0   0   
0   0   0   0   0   0   0   0   0   0   0   0   
0   0   0   0   0   0   0   0   0   0   0   0   
0   19  0   0   0   13  0   0   0   0   0   0   
0   0   0   7   0   0   0   0   0   0   0   0   
0   0   0   12  0   0   0   0   0   0   7   0   
---------------------------------
关键边输出如下：
---------------------------------
5    T         13        0.714152  0.731688  
17   T         13        0.714152  0.73206   
11   T         14        0         0         
18   T         19        0         0         
19   T         25        0.198278  0.20569   
22   T         25        0.198278  0.20569   
7    T         27        0         0         
21   T         29        0         0         
9    T         32        0.107603  0.107603  
10   T         32        0.107603  0.107603  
3    T         32        0.107603  0.107603  
12   T         32        0.107603  0.107603  
13   T         32        0.107603  0.107603  
14   T         32        0.107603  0.107603  
15   T         32        0.107603  0.107603  
16   T         32        0.107603  0.107603  
4    T         32        0.107603  0.107603  
1    T         32        0.107603  0.107603  
6    T         32        0.107603  0.107603  
20   T         32        0.107603  0.107603  
2    T         32        0.107603  0.107603  
8    T         32        0.107603  0.107603  
---------------------------------
---------------------------------

10--8最大流值为：32
最可靠最大流分布概率为 ： 0.107603
状态划分算法消耗的内存为：4.97266
状态划分算法运行时间(ms) ： 56.8178
---------------------------------
流分布如下: 
---------------------------------
0   0   0   0   0   0   0   0   0   0   0   0   
0   0   0   0   0   0   0   0   0   0   0   19  
0   0   0   0   0   0   0   0   0   0   0   0   
0   0   0   0   0   19  0   0   0   0   0   0   
0   0   0   0   0   0   0   0   0   0   0   0   
0   0   0   0   0   0   0   32  0   0   0   0   
0   0   0   0   0   0   0   0   0   0   0   0   
0   0   0   0   0   0   0   0   0   0   0   0   
0   0   0   0   0   0   0   0   0   0   0   0   
0   19  0   0   0   13  0   0   0   0   0   0   
0   0   0   7   0   0   0   0   0   0   0   0   
0   0   0   12  0   0   0   0   0   0   7   0   
---------------------------------
关键边输出如下：
---------------------------------
5    T         13        0.714152  0.731688  
17   T         13        0.714152  0.73206   
11   T         14        0         0         
18   T         19        0         0         
19   T         25        0.198278  0.20569   
22   T         25        0.198278  0.20569   
7    T         27        0         0         
21   T         29        0         0         
9    T         32        0.107603  0.107603  
10   T         32        0.107603  0.107603  
3    T         32        0.107603  0.107603  
12   T         32        0.107603  0.107603  
13   T         32        0.107603  0.107603  
14   T         32        0.107603  0.107603  
15   T         32        0.107603  0.107603  
16   T         32        0.107603  0.107603  
4    T         32        0.107603  0.107603  
1    T         32        0.107603  0.107603  
6    T         32        0.107603  0.107603  
20   T         32        0.107603  0.107603  
2    T         32        0.107603  0.107603  
8    T         32        0.107603  0.107603  
---------------------------------
---------------------------------

10--8最大流值为：32
最可靠最大流分布概率为 ： 0.107603
状态划分算法消耗的内存为：4.94141
状态划分算法运行时间(ms) ： 56.7514
---------------------------------
流分布如下: 
---------------------------------
0   0   0   0   0   0   0   0   0   0   0   0   
0   0   0   0   0   0   0   0   0   0   0   19  
0   0   0   0   0   0   0   0   0   0   0   0   
0   0   0   0   0   19  0   0   0   0   0   0   
0   0   0   0   0   0   0   0   0   0   0   0   
0   0   0   0   0   0   0   32  0   0   0   0   
0   0   0   0   0   0   0   0   0   0   0   0   
0   0   0   0   0   0   0   0   0   0   0   0   
0   0   0   0   0   0   0   0   0   0   0   0   
0   19  0   0   0   13  0   0   0   0   0   0   
0   0   0   7   0   0   0   0   0   0   0   0   
0   0   0   12  0   0   0   0   0   0   7   0   
---------------------------------
关键边输出如下：
---------------------------------
5    T         13        0.714152  0.731688  
17   T         13        0.714152  0.73206   
11   T         14        0         0         
18   T         19        0         0         
19   T         25        0.198278  0.20569   
22   T         25        0.198278  0.20569   
7    T         27        0         0         
21   T         29        0         0         
9    T         32        0.107603  0.107603  
10   T         32        0.107603  0.107603  
3    T         32        0.107603  0.107603  
12   T         32        0.107603  0.107603  
13   T         32        0.107603  0.107603  
14   T         32        0.107603  0.107603  
15   T         32        0.107603  0.107603  
16   T         32        0.107603  0.107603  
4    T         32        0.107603  0.107603  
1    T         32        0.107603  0.107603  
6    T         32        0.107603  0.107603  
20   T         32        0.107603  0.107603  
2    T         32        0.107603  0.107603  
8    T         32        0.107603  0.107603  
---------------------------------
---------------------------------

10--8最大流值为：32
最可靠最大流分布概率为 ： 0.107603
状态划分算法消耗的内存为：4.9375
状态划分算法运行时间(ms) ： 56.9117
---------------------------------
流分布如下: 
---------------------------------
0   0   0   0   0   0   0   0   0   0   0   0   
0   0   0   0   0   0   0   0   0   0   0   19  
0   0   0   0   0   0   0   0   0   0   0   0   
0   0   0   0   0   19  0   0   0   0   0   0   
0   0   0   0   0   0   0   0   0   0   0   0   
0   0   0   0   0   0   0   32  0   0   0   0   
0   0   0   0   0   0   0   0   0   0   0   0   
0   0   0   0   0   0   0   0   0   0   0   0   
0   0   0   0   0   0   0   0   0   0   0   0   
0   19  0   0   0   13  0   0   0   0   0   0   
0   0   0   7   0   0   0   0   0   0   0   0   
0   0   0   12  0   0   0   0   0   0   7   0   
---------------------------------
关键边输出如下：
---------------------------------
5    T         13        0.714152  0.731688  
17   T         13        0.714152  0.73206   
11   T         14        0         0         
18   T         19        0         0         
19   T         25        0.198278  0.20569   
22   T         25        0.198278  0.20569   
7    T         27        0         0         
21   T         29        0         0         
9    T         32        0.107603  0.107603  
10   T         32        0.107603  0.107603  
3    T         32        0.107603  0.107603  
12   T         32        0.107603  0.107603  
13   T         32        0.107603  0.107603  
14   T         32        0.107603  0.107603  
15   T         32        0.107603  0.107603  
16   T         32        0.107603  0.107603  
4    T         32        0.107603  0.107603  
1    T         32        0.107603  0.107603  
6    T         32        0.107603  0.107603  
20   T         32        0.107603  0.107603  
2    T         32        0.107603  0.107603  
8    T         32        0.107603  0.107603  
---------------------------------
---------------------------------

