7--12最大流值为：61
最可靠最大流分布概率为 ： 0.111716
状态划分算法消耗的内存为：4.96875
状态划分算法运行时间(ms) ： 108.167
---------------------------------
流分布如下: 
---------------------------------
0   0   0   0   0   0   0   0   0   0   0   13  
0   0   0   0   0   0   0   0   0   0   0   0   
0   0   0   0   0   0   0   0   0   0   0   0   
0   0   0   0   0   0   0   0   0   0   0   0   
0   0   0   0   0   0   0   0   0   0   0   0   
0   0   0   0   0   0   0   0   0   0   0   0   
0   0   0   0   0   0   0   29  0   0   0   32  
0   0   0   0   0   0   0   0   19  0   10  0   
0   0   0   0   0   0   0   0   0   19  0   0   
13  0   0   0   0   0   0   0   0   0   0   16  
0   0   0   0   0   0   0   0   0   10  0   0   
0   0   0   0   0   0   0   0   0   0   0   0   
---------------------------------
关键边输出如下：
---------------------------------
11   T         29        0         0         
19   T         45        0         0         
9    T         47        0         0         
16   T         48        0.397694  0.444516  
1    T         48        0.397694  0.444516  
22   T         51        0         0         
15   T         53        0         0         
12   T         61        0.0575258 0.0575258 
13   T         61        0.0621694 0.0621694 
8    T         61        0.111716  0.11252   
21   T         61        0.111716  0.11252   
10   T         61        0.111716  0.120528  
2    T         61        0.111716  0.121331  
14   T         61        0.111716  0.121331  
4    T         61        0.111716  0.121331  
5    T         61        0.111716  0.121331  
17   T         61        0.111716  0.121331  
18   T         61        0.111716  0.121331  
6    T         61        0.111716  0.121331  
20   T         61        0.111716  0.121331  
3    T         61        0.111716  0.121331  
7    T         61        0.111716  0.121331  
---------------------------------
---------------------------------

7--12最大流值为：61
最可靠最大流分布概率为 ： 0.111716
状态划分算法消耗的内存为：4.97266
状态划分算法运行时间(ms) ： 107.646
---------------------------------
流分布如下: 
---------------------------------
0   0   0   0   0   0   0   0   0   0   0   13  
0   0   0   0   0   0   0   0   0   0   0   0   
0   0   0   0   0   0   0   0   0   0   0   0   
0   0   0   0   0   0   0   0   0   0   0   0   
0   0   0   0   0   0   0   0   0   0   0   0   
0   0   0   0   0   0   0   0   0   0   0   0   
0   0   0   0   0   0   0   29  0   0   0   32  
0   0   0   0   0   0   0   0   19  0   10  0   
0   0   0   0   0   0   0   0   0   19  0   0   
13  0   0   0   0   0   0   0   0   0   0   16  
0   0   0   0   0   0   0   0   0   10  0   0   
0   0   0   0   0   0   0   0   0   0   0   0   
---------------------------------
关键边输出如下：
---------------------------------
11   T         29        0         0         
19   T         45        0         0         
9    T         47        0         0         
16   T         48        0.397694  0.444516  
1    T         48        0.397694  0.444516  
22   T         51        0         0         
15   T         53        0         0         
12   T         61        0.0575258 0.0575258 
13   T         61        0.0621694 0.0621694 
8    T         61        0.111716  0.11252   
21   T         61        0.111716  0.11252   
10   T         61        0.111716  0.120528  
2    T         61        0.111716  0.121331  
14   T         61        0.111716  0.121331  
4    T         61        0.111716  0.121331  
5    T         61        0.111716  0.121331  
17   T         61        0.111716  0.121331  
18   T         61        0.111716  0.121331  
6    T         61        0.111716  0.121331  
20   T         61        0.111716  0.121331  
3    T         61        0.111716  0.121331  
7    T         61        0.111716  0.121331  
---------------------------------
---------------------------------

7--12最大流值为：61
最可靠最大流分布概率为 ： 0.111716
状态划分算法消耗的内存为：4.89063
状态划分算法运行时间(ms) ： 108.028
---------------------------------
流分布如下: 
---------------------------------
0   0   0   0   0   0   0   0   0   0   0   13  
0   0   0   0   0   0   0   0   0   0   0   0   
0   0   0   0   0   0   0   0   0   0   0   0   
0   0   0   0   0   0   0   0   0   0   0   0   
0   0   0   0   0   0   0   0   0   0   0   0   
0   0   0   0   0   0   0   0   0   0   0   0   
0   0   0   0   0   0   0   29  0   0   0   32  
0   0   0   0   0   0   0   0   19  0   10  0   
0   0   0   0   0   0   0   0   0   19  0   0   
13  0   0   0   0   0   0   0   0   0   0   16  
0   0   0   0   0   0   0   0   0   10  0   0   
0   0   0   0   0   0   0   0   0   0   0   0   
---------------------------------
关键边输出如下：
---------------------------------
11   T         29        0         0         
19   T         45        0         0         
9    T         47        0         0         
16   T         48        0.397694  0.444516  
1    T         48        0.397694  0.444516  
22   T         51        0         0         
15   T         53        0         0         
12   T         61        0.0575258 0.0575258 
13   T         61        0.0621694 0.0621694 
8    T         61        0.111716  0.11252   
21   T         61        0.111716  0.11252   
10   T         61        0.111716  0.120528  
2    T         61        0.111716  0.121331  
14   T         61        0.111716  0.121331  
4    T         61        0.111716  0.121331  
5    T         61        0.111716  0.121331  
17   T         61        0.111716  0.121331  
18   T         61        0.111716  0.121331  
6    T         61        0.111716  0.121331  
20   T         61        0.111716  0.121331  
3    T         61        0.111716  0.121331  
7    T         61        0.111716  0.121331  
---------------------------------
---------------------------------

7--12最大流值为：61
最可靠最大流分布概率为 ： 0.111716
状态划分算法消耗的内存为：4.89453
状态划分算法运行时间(ms) ： 107.833
---------------------------------
流分布如下: 
---------------------------------
0   0   0   0   0   0   0   0   0   0   0   13  
0   0   0   0   0   0   0   0   0   0   0   0   
0   0   0   0   0   0   0   0   0   0   0   0   
0   0   0   0   0   0   0   0   0   0   0   0   
0   0   0   0   0   0   0   0   0   0   0   0   
0   0   0   0   0   0   0   0   0   0   0   0   
0   0   0   0   0   0   0   29  0   0   0   32  
0   0   0   0   0   0   0   0   19  0   10  0   
0   0   0   0   0   0   0   0   0   19  0   0   
13  0   0   0   0   0   0   0   0   0   0   16  
0   0   0   0   0   0   0   0   0   10  0   0   
0   0   0   0   0   0   0   0   0   0   0   0   
---------------------------------
关键边输出如下：
---------------------------------
11   T         29        0         0         
19   T         45        0         0         
9    T         47        0         0         
16   T         48        0.397694  0.444516  
1    T         48        0.397694  0.444516  
22   T         51        0         0         
15   T         53        0         0         
12   T         61        0.0575258 0.0575258 
13   T         61        0.0621694 0.0621694 
8    T         61        0.111716  0.11252   
21   T         61        0.111716  0.11252   
10   T         61        0.111716  0.120528  
2    T         61        0.111716  0.121331  
14   T         61        0.111716  0.121331  
4    T         61        0.111716  0.121331  
5    T         61        0.111716  0.121331  
17   T         61        0.111716  0.121331  
18   T         61        0.111716  0.121331  
6    T         61        0.111716  0.121331  
20   T         61        0.111716  0.121331  
3    T         61        0.111716  0.121331  
7    T         61        0.111716  0.121331  
---------------------------------
---------------------------------

7--12最大流值为：61
最可靠最大流分布概率为 ： 0.111716
状态划分算法消耗的内存为：4.97266
状态划分算法运行时间(ms) ： 108.706
---------------------------------
流分布如下: 
---------------------------------
0   0   0   0   0   0   0   0   0   0   0   13  
0   0   0   0   0   0   0   0   0   0   0   0   
0   0   0   0   0   0   0   0   0   0   0   0   
0   0   0   0   0   0   0   0   0   0   0   0   
0   0   0   0   0   0   0   0   0   0   0   0   
0   0   0   0   0   0   0   0   0   0   0   0   
0   0   0   0   0   0   0   29  0   0   0   32  
0   0   0   0   0   0   0   0   19  0   10  0   
0   0   0   0   0   0   0   0   0   19  0   0   
13  0   0   0   0   0   0   0   0   0   0   16  
0   0   0   0   0   0   0   0   0   10  0   0   
0   0   0   0   0   0   0   0   0   0   0   0   
---------------------------------
关键边输出如下：
---------------------------------
11   T         29        0         0         
19   T         45        0         0         
9    T         47        0         0         
16   T         48        0.397694  0.444516  
1    T         48        0.397694  0.444516  
22   T         51        0         0         
15   T         53        0         0         
12   T         61        0.0575258 0.0575258 
13   T         61        0.0621694 0.0621694 
8    T         61        0.111716  0.11252   
21   T         61        0.111716  0.11252   
10   T         61        0.111716  0.120528  
2    T         61        0.111716  0.121331  
14   T         61        0.111716  0.121331  
4    T         61        0.111716  0.121331  
5    T         61        0.111716  0.121331  
17   T         61        0.111716  0.121331  
18   T         61        0.111716  0.121331  
6    T         61        0.111716  0.121331  
20   T         61        0.111716  0.121331  
3    T         61        0.111716  0.121331  
7    T         61        0.111716  0.121331  
---------------------------------
---------------------------------

7--12最大流值为：61
最可靠最大流分布概率为 ： 0.111716
状态划分算法消耗的内存为：4.96875
状态划分算法运行时间(ms) ： 108.322
---------------------------------
流分布如下: 
---------------------------------
0   0   0   0   0   0   0   0   0   0   0   13  
0   0   0   0   0   0   0   0   0   0   0   0   
0   0   0   0   0   0   0   0   0   0   0   0   
0   0   0   0   0   0   0   0   0   0   0   0   
0   0   0   0   0   0   0   0   0   0   0   0   
0   0   0   0   0   0   0   0   0   0   0   0   
0   0   0   0   0   0   0   29  0   0   0   32  
0   0   0   0   0   0   0   0   19  0   10  0   
0   0   0   0   0   0   0   0   0   19  0   0   
13  0   0   0   0   0   0   0   0   0   0   16  
0   0   0   0   0   0   0   0   0   10  0   0   
0   0   0   0   0   0   0   0   0   0   0   0   
---------------------------------
关键边输出如下：
---------------------------------
11   T         29        0         0         
19   T         45        0         0         
9    T         47        0         0         
16   T         48        0.397694  0.444516  
1    T         48        0.397694  0.444516  
22   T         51        0         0         
15   T         53        0         0         
12   T         61        0.0575258 0.0575258 
13   T         61        0.0621694 0.0621694 
8    T         61        0.111716  0.11252   
21   T         61        0.111716  0.11252   
10   T         61        0.111716  0.120528  
2    T         61        0.111716  0.121331  
14   T         61        0.111716  0.121331  
4    T         61        0.111716  0.121331  
5    T         61        0.111716  0.121331  
17   T         61        0.111716  0.121331  
18   T         61        0.111716  0.121331  
6    T         61        0.111716  0.121331  
20   T         61        0.111716  0.121331  
3    T         61        0.111716  0.121331  
7    T         61        0.111716  0.121331  
---------------------------------
---------------------------------

7--12最大流值为：61
最可靠最大流分布概率为 ： 0.111716
状态划分算法消耗的内存为：4.94531
状态划分算法运行时间(ms) ： 107.82
---------------------------------
流分布如下: 
---------------------------------
0   0   0   0   0   0   0   0   0   0   0   13  
0   0   0   0   0   0   0   0   0   0   0   0   
0   0   0   0   0   0   0   0   0   0   0   0   
0   0   0   0   0   0   0   0   0   0   0   0   
0   0   0   0   0   0   0   0   0   0   0   0   
0   0   0   0   0   0   0   0   0   0   0   0   
0   0   0   0   0   0   0   29  0   0   0   32  
0   0   0   0   0   0   0   0   19  0   10  0   
0   0   0   0   0   0   0   0   0   19  0   0   
13  0   0   0   0   0   0   0   0   0   0   16  
0   0   0   0   0   0   0   0   0   10  0   0   
0   0   0   0   0   0   0   0   0   0   0   0   
---------------------------------
关键边输出如下：
---------------------------------
11   T         29        0         0         
19   T         45        0         0         
9    T         47        0         0         
16   T         48        0.397694  0.444516  
1    T         48        0.397694  0.444516  
22   T         51        0         0         
15   T         53        0         0         
12   T         61        0.0575258 0.0575258 
13   T         61        0.0621694 0.0621694 
8    T         61        0.111716  0.11252   
21   T         61        0.111716  0.11252   
10   T         61        0.111716  0.120528  
2    T         61        0.111716  0.121331  
14   T         61        0.111716  0.121331  
4    T         61        0.111716  0.121331  
5    T         61        0.111716  0.121331  
17   T         61        0.111716  0.121331  
18   T         61        0.111716  0.121331  
6    T         61        0.111716  0.121331  
20   T         61        0.111716  0.121331  
3    T         61        0.111716  0.121331  
7    T         61        0.111716  0.121331  
---------------------------------
---------------------------------

7--12最大流值为：61
最可靠最大流分布概率为 ： 0.111716
状态划分算法消耗的内存为：4.97266
状态划分算法运行时间(ms) ： 107.766
---------------------------------
流分布如下: 
---------------------------------
0   0   0   0   0   0   0   0   0   0   0   13  
0   0   0   0   0   0   0   0   0   0   0   0   
0   0   0   0   0   0   0   0   0   0   0   0   
0   0   0   0   0   0   0   0   0   0   0   0   
0   0   0   0   0   0   0   0   0   0   0   0   
0   0   0   0   0   0   0   0   0   0   0   0   
0   0   0   0   0   0   0   29  0   0   0   32  
0   0   0   0   0   0   0   0   19  0   10  0   
0   0   0   0   0   0   0   0   0   19  0   0   
13  0   0   0   0   0   0   0   0   0   0   16  
0   0   0   0   0   0   0   0   0   10  0   0   
0   0   0   0   0   0   0   0   0   0   0   0   
---------------------------------
关键边输出如下：
---------------------------------
11   T         29        0         0         
19   T         45        0         0         
9    T         47        0         0         
16   T         48        0.397694  0.444516  
1    T         48        0.397694  0.444516  
22   T         51        0         0         
15   T         53        0         0         
12   T         61        0.0575258 0.0575258 
13   T         61        0.0621694 0.0621694 
8    T         61        0.111716  0.11252   
21   T         61        0.111716  0.11252   
10   T         61        0.111716  0.120528  
2    T         61        0.111716  0.121331  
14   T         61        0.111716  0.121331  
4    T         61        0.111716  0.121331  
5    T         61        0.111716  0.121331  
17   T         61        0.111716  0.121331  
18   T         61        0.111716  0.121331  
6    T         61        0.111716  0.121331  
20   T         61        0.111716  0.121331  
3    T         61        0.111716  0.121331  
7    T         61        0.111716  0.121331  
---------------------------------
---------------------------------

7--12最大流值为：61
最可靠最大流分布概率为 ： 0.111716
状态划分算法消耗的内存为：4.85547
状态划分算法运行时间(ms) ： 108.414
---------------------------------
流分布如下: 
---------------------------------
0   0   0   0   0   0   0   0   0   0   0   13  
0   0   0   0   0   0   0   0   0   0   0   0   
0   0   0   0   0   0   0   0   0   0   0   0   
0   0   0   0   0   0   0   0   0   0   0   0   
0   0   0   0   0   0   0   0   0   0   0   0   
0   0   0   0   0   0   0   0   0   0   0   0   
0   0   0   0   0   0   0   29  0   0   0   32  
0   0   0   0   0   0   0   0   19  0   10  0   
0   0   0   0   0   0   0   0   0   19  0   0   
13  0   0   0   0   0   0   0   0   0   0   16  
0   0   0   0   0   0   0   0   0   10  0   0   
0   0   0   0   0   0   0   0   0   0   0   0   
---------------------------------
关键边输出如下：
---------------------------------
11   T         29        0         0         
19   T         45        0         0         
9    T         47        0         0         
16   T         48        0.397694  0.444516  
1    T         48        0.397694  0.444516  
22   T         51        0         0         
15   T         53        0         0         
12   T         61        0.0575258 0.0575258 
13   T         61        0.0621694 0.0621694 
8    T         61        0.111716  0.11252   
21   T         61        0.111716  0.11252   
10   T         61        0.111716  0.120528  
2    T         61        0.111716  0.121331  
14   T         61        0.111716  0.121331  
4    T         61        0.111716  0.121331  
5    T         61        0.111716  0.121331  
17   T         61        0.111716  0.121331  
18   T         61        0.111716  0.121331  
6    T         61        0.111716  0.121331  
20   T         61        0.111716  0.121331  
3    T         61        0.111716  0.121331  
7    T         61        0.111716  0.121331  
---------------------------------
---------------------------------

7--12最大流值为：61
最可靠最大流分布概率为 ： 0.111716
状态划分算法消耗的内存为：4.96875
状态划分算法运行时间(ms) ： 107.916
---------------------------------
流分布如下: 
---------------------------------
0   0   0   0   0   0   0   0   0   0   0   13  
0   0   0   0   0   0   0   0   0   0   0   0   
0   0   0   0   0   0   0   0   0   0   0   0   
0   0   0   0   0   0   0   0   0   0   0   0   
0   0   0   0   0   0   0   0   0   0   0   0   
0   0   0   0   0   0   0   0   0   0   0   0   
0   0   0   0   0   0   0   29  0   0   0   32  
0   0   0   0   0   0   0   0   19  0   10  0   
0   0   0   0   0   0   0   0   0   19  0   0   
13  0   0   0   0   0   0   0   0   0   0   16  
0   0   0   0   0   0   0   0   0   10  0   0   
0   0   0   0   0   0   0   0   0   0   0   0   
---------------------------------
关键边输出如下：
---------------------------------
11   T         29        0         0         
19   T         45        0         0         
9    T         47        0         0         
16   T         48        0.397694  0.444516  
1    T         48        0.397694  0.444516  
22   T         51        0         0         
15   T         53        0         0         
12   T         61        0.0575258 0.0575258 
13   T         61        0.0621694 0.0621694 
8    T         61        0.111716  0.11252   
21   T         61        0.111716  0.11252   
10   T         61        0.111716  0.120528  
2    T         61        0.111716  0.121331  
14   T         61        0.111716  0.121331  
4    T         61        0.111716  0.121331  
5    T         61        0.111716  0.121331  
17   T         61        0.111716  0.121331  
18   T         61        0.111716  0.121331  
6    T         61        0.111716  0.121331  
20   T         61        0.111716  0.121331  
3    T         61        0.111716  0.121331  
7    T         61        0.111716  0.121331  
---------------------------------
---------------------------------

