6--5最大流值为：26
最可靠最大流分布概率为 ： 0.132277
状态划分算法消耗的内存为：4.96094
状态划分算法运行时间(ms) ： 1311.37
---------------------------------
流分布如下: 
---------------------------------
0   0   0   0   13  0   0   0   0   0   0   0   
0   0   0   0   0   0   0   0   0   0   0   0   
0   0   0   0   13  0   0   0   0   0   0   0   
0   0   0   0   0   0   0   0   0   0   0   0   
0   0   0   0   0   0   0   0   0   0   0   0   
0   0   0   0   0   0   13  0   13  0   0   0   
13  0   0   0   0   0   0   0   0   0   0   0   
0   0   0   0   0   0   0   0   0   0   0   0   
0   0   0   0   0   0   0   0   0   0   0   13  
0   0   13  0   0   0   0   0   0   0   0   0   
0   0   0   0   0   0   0   0   0   0   0   0   
0   0   0   0   0   0   0   0   0   13  0   0   
---------------------------------
关键边输出如下：
---------------------------------
1    T         13        0.214936  0.358489  
18   T         13        0.615423  0.665555  
4    T         13        0.615423  0.668847  
11   T         26        0.0686003 0.144563  
14   T         26        0.0686003 0.144563  
12   T         26        0.0724632 0.118602  
17   T         26        0.116865  0.180901  
22   T         26        0.116865  0.201068  
3    T         26        0.132277  0.18397   
15   T         26        0.132277  0.197258  
19   T         26        0.132277  0.206791  
10   T         26        0.132277  0.211118  
13   T         26        0.132277  0.211862  
7    T         26        0.132277  0.212123  
9    T         26        0.132277  0.21225   
20   T         26        0.132277  0.213619  
2    T         26        0.132277  0.214369  
8    T         26        0.132277  0.218845  
21   T         26        0.132277  0.219552  
16   T         26        0.132277  0.219715  
5    T         26        0.132277  0.21978   
6    T         26        0.132277  0.21978   
---------------------------------
---------------------------------

6--5最大流值为：26
最可靠最大流分布概率为 ： 0.132277
状态划分算法消耗的内存为：5.00391
状态划分算法运行时间(ms) ： 1284.76
---------------------------------
流分布如下: 
---------------------------------
0   0   0   0   13  0   0   0   0   0   0   0   
0   0   0   0   0   0   0   0   0   0   0   0   
0   0   0   0   13  0   0   0   0   0   0   0   
0   0   0   0   0   0   0   0   0   0   0   0   
0   0   0   0   0   0   0   0   0   0   0   0   
0   0   0   0   0   0   13  0   13  0   0   0   
13  0   0   0   0   0   0   0   0   0   0   0   
0   0   0   0   0   0   0   0   0   0   0   0   
0   0   0   0   0   0   0   0   0   0   0   13  
0   0   13  0   0   0   0   0   0   0   0   0   
0   0   0   0   0   0   0   0   0   0   0   0   
0   0   0   0   0   0   0   0   0   13  0   0   
---------------------------------
关键边输出如下：
---------------------------------
1    T         13        0.214936  0.358489  
18   T         13        0.615423  0.665555  
4    T         13        0.615423  0.668847  
11   T         26        0.0686003 0.144563  
14   T         26        0.0686003 0.144563  
12   T         26        0.0724632 0.118602  
17   T         26        0.116865  0.180901  
22   T         26        0.116865  0.201068  
3    T         26        0.132277  0.18397   
15   T         26        0.132277  0.197258  
19   T         26        0.132277  0.206791  
10   T         26        0.132277  0.211118  
13   T         26        0.132277  0.211862  
7    T         26        0.132277  0.212123  
9    T         26        0.132277  0.21225   
20   T         26        0.132277  0.213619  
2    T         26        0.132277  0.214369  
8    T         26        0.132277  0.218845  
21   T         26        0.132277  0.219552  
16   T         26        0.132277  0.219715  
5    T         26        0.132277  0.21978   
6    T         26        0.132277  0.21978   
---------------------------------
---------------------------------

6--5最大流值为：26
最可靠最大流分布概率为 ： 0.132277
状态划分算法消耗的内存为：4.99609
状态划分算法运行时间(ms) ： 1289.03
---------------------------------
流分布如下: 
---------------------------------
0   0   0   0   13  0   0   0   0   0   0   0   
0   0   0   0   0   0   0   0   0   0   0   0   
0   0   0   0   13  0   0   0   0   0   0   0   
0   0   0   0   0   0   0   0   0   0   0   0   
0   0   0   0   0   0   0   0   0   0   0   0   
0   0   0   0   0   0   13  0   13  0   0   0   
13  0   0   0   0   0   0   0   0   0   0   0   
0   0   0   0   0   0   0   0   0   0   0   0   
0   0   0   0   0   0   0   0   0   0   0   13  
0   0   13  0   0   0   0   0   0   0   0   0   
0   0   0   0   0   0   0   0   0   0   0   0   
0   0   0   0   0   0   0   0   0   13  0   0   
---------------------------------
关键边输出如下：
---------------------------------
1    T         13        0.214936  0.358489  
18   T         13        0.615423  0.665555  
4    T         13        0.615423  0.668847  
11   T         26        0.0686003 0.144563  
14   T         26        0.0686003 0.144563  
12   T         26        0.0724632 0.118602  
17   T         26        0.116865  0.180901  
22   T         26        0.116865  0.201068  
3    T         26        0.132277  0.18397   
15   T         26        0.132277  0.197258  
19   T         26        0.132277  0.206791  
10   T         26        0.132277  0.211118  
13   T         26        0.132277  0.211862  
7    T         26        0.132277  0.212123  
9    T         26        0.132277  0.21225   
20   T         26        0.132277  0.213619  
2    T         26        0.132277  0.214369  
8    T         26        0.132277  0.218845  
21   T         26        0.132277  0.219552  
16   T         26        0.132277  0.219715  
5    T         26        0.132277  0.21978   
6    T         26        0.132277  0.21978   
---------------------------------
---------------------------------

6--5最大流值为：26
最可靠最大流分布概率为 ： 0.132277
状态划分算法消耗的内存为：5.00781
状态划分算法运行时间(ms) ： 1308.05
---------------------------------
流分布如下: 
---------------------------------
0   0   0   0   13  0   0   0   0   0   0   0   
0   0   0   0   0   0   0   0   0   0   0   0   
0   0   0   0   13  0   0   0   0   0   0   0   
0   0   0   0   0   0   0   0   0   0   0   0   
0   0   0   0   0   0   0   0   0   0   0   0   
0   0   0   0   0   0   13  0   13  0   0   0   
13  0   0   0   0   0   0   0   0   0   0   0   
0   0   0   0   0   0   0   0   0   0   0   0   
0   0   0   0   0   0   0   0   0   0   0   13  
0   0   13  0   0   0   0   0   0   0   0   0   
0   0   0   0   0   0   0   0   0   0   0   0   
0   0   0   0   0   0   0   0   0   13  0   0   
---------------------------------
关键边输出如下：
---------------------------------
1    T         13        0.214936  0.358489  
18   T         13        0.615423  0.665555  
4    T         13        0.615423  0.668847  
11   T         26        0.0686003 0.144563  
14   T         26        0.0686003 0.144563  
12   T         26        0.0724632 0.118602  
17   T         26        0.116865  0.180901  
22   T         26        0.116865  0.201068  
3    T         26        0.132277  0.18397   
15   T         26        0.132277  0.197258  
19   T         26        0.132277  0.206791  
10   T         26        0.132277  0.211118  
13   T         26        0.132277  0.211862  
7    T         26        0.132277  0.212123  
9    T         26        0.132277  0.21225   
20   T         26        0.132277  0.213619  
2    T         26        0.132277  0.214369  
8    T         26        0.132277  0.218845  
21   T         26        0.132277  0.219552  
16   T         26        0.132277  0.219715  
5    T         26        0.132277  0.21978   
6    T         26        0.132277  0.21978   
---------------------------------
---------------------------------

6--5最大流值为：26
最可靠最大流分布概率为 ： 0.132277
状态划分算法消耗的内存为：4.99609
状态划分算法运行时间(ms) ： 1286.43
---------------------------------
流分布如下: 
---------------------------------
0   0   0   0   13  0   0   0   0   0   0   0   
0   0   0   0   0   0   0   0   0   0   0   0   
0   0   0   0   13  0   0   0   0   0   0   0   
0   0   0   0   0   0   0   0   0   0   0   0   
0   0   0   0   0   0   0   0   0   0   0   0   
0   0   0   0   0   0   13  0   13  0   0   0   
13  0   0   0   0   0   0   0   0   0   0   0   
0   0   0   0   0   0   0   0   0   0   0   0   
0   0   0   0   0   0   0   0   0   0   0   13  
0   0   13  0   0   0   0   0   0   0   0   0   
0   0   0   0   0   0   0   0   0   0   0   0   
0   0   0   0   0   0   0   0   0   13  0   0   
---------------------------------
关键边输出如下：
---------------------------------
1    T         13        0.214936  0.358489  
18   T         13        0.615423  0.665555  
4    T         13        0.615423  0.668847  
11   T         26        0.0686003 0.144563  
14   T         26        0.0686003 0.144563  
12   T         26        0.0724632 0.118602  
17   T         26        0.116865  0.180901  
22   T         26        0.116865  0.201068  
3    T         26        0.132277  0.18397   
15   T         26        0.132277  0.197258  
19   T         26        0.132277  0.206791  
10   T         26        0.132277  0.211118  
13   T         26        0.132277  0.211862  
7    T         26        0.132277  0.212123  
9    T         26        0.132277  0.21225   
20   T         26        0.132277  0.213619  
2    T         26        0.132277  0.214369  
8    T         26        0.132277  0.218845  
21   T         26        0.132277  0.219552  
16   T         26        0.132277  0.219715  
5    T         26        0.132277  0.21978   
6    T         26        0.132277  0.21978   
---------------------------------
---------------------------------

6--5最大流值为：26
最可靠最大流分布概率为 ： 0.132277
状态划分算法消耗的内存为：4.99609
状态划分算法运行时间(ms) ： 1286.61
---------------------------------
流分布如下: 
---------------------------------
0   0   0   0   13  0   0   0   0   0   0   0   
0   0   0   0   0   0   0   0   0   0   0   0   
0   0   0   0   13  0   0   0   0   0   0   0   
0   0   0   0   0   0   0   0   0   0   0   0   
0   0   0   0   0   0   0   0   0   0   0   0   
0   0   0   0   0   0   13  0   13  0   0   0   
13  0   0   0   0   0   0   0   0   0   0   0   
0   0   0   0   0   0   0   0   0   0   0   0   
0   0   0   0   0   0   0   0   0   0   0   13  
0   0   13  0   0   0   0   0   0   0   0   0   
0   0   0   0   0   0   0   0   0   0   0   0   
0   0   0   0   0   0   0   0   0   13  0   0   
---------------------------------
关键边输出如下：
---------------------------------
1    T         13        0.214936  0.358489  
18   T         13        0.615423  0.665555  
4    T         13        0.615423  0.668847  
11   T         26        0.0686003 0.144563  
14   T         26        0.0686003 0.144563  
12   T         26        0.0724632 0.118602  
17   T         26        0.116865  0.180901  
22   T         26        0.116865  0.201068  
3    T         26        0.132277  0.18397   
15   T         26        0.132277  0.197258  
19   T         26        0.132277  0.206791  
10   T         26        0.132277  0.211118  
13   T         26        0.132277  0.211862  
7    T         26        0.132277  0.212123  
9    T         26        0.132277  0.21225   
20   T         26        0.132277  0.213619  
2    T         26        0.132277  0.214369  
8    T         26        0.132277  0.218845  
21   T         26        0.132277  0.219552  
16   T         26        0.132277  0.219715  
5    T         26        0.132277  0.21978   
6    T         26        0.132277  0.21978   
---------------------------------
---------------------------------

6--5最大流值为：26
最可靠最大流分布概率为 ： 0.132277
状态划分算法消耗的内存为：5
状态划分算法运行时间(ms) ： 1284.76
---------------------------------
流分布如下: 
---------------------------------
0   0   0   0   13  0   0   0   0   0   0   0   
0   0   0   0   0   0   0   0   0   0   0   0   
0   0   0   0   13  0   0   0   0   0   0   0   
0   0   0   0   0   0   0   0   0   0   0   0   
0   0   0   0   0   0   0   0   0   0   0   0   
0   0   0   0   0   0   13  0   13  0   0   0   
13  0   0   0   0   0   0   0   0   0   0   0   
0   0   0   0   0   0   0   0   0   0   0   0   
0   0   0   0   0   0   0   0   0   0   0   13  
0   0   13  0   0   0   0   0   0   0   0   0   
0   0   0   0   0   0   0   0   0   0   0   0   
0   0   0   0   0   0   0   0   0   13  0   0   
---------------------------------
关键边输出如下：
---------------------------------
1    T         13        0.214936  0.358489  
18   T         13        0.615423  0.665555  
4    T         13        0.615423  0.668847  
11   T         26        0.0686003 0.144563  
14   T         26        0.0686003 0.144563  
12   T         26        0.0724632 0.118602  
17   T         26        0.116865  0.180901  
22   T         26        0.116865  0.201068  
3    T         26        0.132277  0.18397   
15   T         26        0.132277  0.197258  
19   T         26        0.132277  0.206791  
10   T         26        0.132277  0.211118  
13   T         26        0.132277  0.211862  
7    T         26        0.132277  0.212123  
9    T         26        0.132277  0.21225   
20   T         26        0.132277  0.213619  
2    T         26        0.132277  0.214369  
8    T         26        0.132277  0.218845  
21   T         26        0.132277  0.219552  
16   T         26        0.132277  0.219715  
5    T         26        0.132277  0.21978   
6    T         26        0.132277  0.21978   
---------------------------------
---------------------------------

6--5最大流值为：26
最可靠最大流分布概率为 ： 0.132277
状态划分算法消耗的内存为：4.95313
状态划分算法运行时间(ms) ： 1286.67
---------------------------------
流分布如下: 
---------------------------------
0   0   0   0   13  0   0   0   0   0   0   0   
0   0   0   0   0   0   0   0   0   0   0   0   
0   0   0   0   13  0   0   0   0   0   0   0   
0   0   0   0   0   0   0   0   0   0   0   0   
0   0   0   0   0   0   0   0   0   0   0   0   
0   0   0   0   0   0   13  0   13  0   0   0   
13  0   0   0   0   0   0   0   0   0   0   0   
0   0   0   0   0   0   0   0   0   0   0   0   
0   0   0   0   0   0   0   0   0   0   0   13  
0   0   13  0   0   0   0   0   0   0   0   0   
0   0   0   0   0   0   0   0   0   0   0   0   
0   0   0   0   0   0   0   0   0   13  0   0   
---------------------------------
关键边输出如下：
---------------------------------
1    T         13        0.214936  0.358489  
18   T         13        0.615423  0.665555  
4    T         13        0.615423  0.668847  
11   T         26        0.0686003 0.144563  
14   T         26        0.0686003 0.144563  
12   T         26        0.0724632 0.118602  
17   T         26        0.116865  0.180901  
22   T         26        0.116865  0.201068  
3    T         26        0.132277  0.18397   
15   T         26        0.132277  0.197258  
19   T         26        0.132277  0.206791  
10   T         26        0.132277  0.211118  
13   T         26        0.132277  0.211862  
7    T         26        0.132277  0.212123  
9    T         26        0.132277  0.21225   
20   T         26        0.132277  0.213619  
2    T         26        0.132277  0.214369  
8    T         26        0.132277  0.218845  
21   T         26        0.132277  0.219552  
16   T         26        0.132277  0.219715  
5    T         26        0.132277  0.21978   
6    T         26        0.132277  0.21978   
---------------------------------
---------------------------------

6--5最大流值为：26
最可靠最大流分布概率为 ： 0.132277
状态划分算法消耗的内存为：4.98828
状态划分算法运行时间(ms) ： 1284.15
---------------------------------
流分布如下: 
---------------------------------
0   0   0   0   13  0   0   0   0   0   0   0   
0   0   0   0   0   0   0   0   0   0   0   0   
0   0   0   0   13  0   0   0   0   0   0   0   
0   0   0   0   0   0   0   0   0   0   0   0   
0   0   0   0   0   0   0   0   0   0   0   0   
0   0   0   0   0   0   13  0   13  0   0   0   
13  0   0   0   0   0   0   0   0   0   0   0   
0   0   0   0   0   0   0   0   0   0   0   0   
0   0   0   0   0   0   0   0   0   0   0   13  
0   0   13  0   0   0   0   0   0   0   0   0   
0   0   0   0   0   0   0   0   0   0   0   0   
0   0   0   0   0   0   0   0   0   13  0   0   
---------------------------------
关键边输出如下：
---------------------------------
1    T         13        0.214936  0.358489  
18   T         13        0.615423  0.665555  
4    T         13        0.615423  0.668847  
11   T         26        0.0686003 0.144563  
14   T         26        0.0686003 0.144563  
12   T         26        0.0724632 0.118602  
17   T         26        0.116865  0.180901  
22   T         26        0.116865  0.201068  
3    T         26        0.132277  0.18397   
15   T         26        0.132277  0.197258  
19   T         26        0.132277  0.206791  
10   T         26        0.132277  0.211118  
13   T         26        0.132277  0.211862  
7    T         26        0.132277  0.212123  
9    T         26        0.132277  0.21225   
20   T         26        0.132277  0.213619  
2    T         26        0.132277  0.214369  
8    T         26        0.132277  0.218845  
21   T         26        0.132277  0.219552  
16   T         26        0.132277  0.219715  
5    T         26        0.132277  0.21978   
6    T         26        0.132277  0.21978   
---------------------------------
---------------------------------

6--5最大流值为：26
最可靠最大流分布概率为 ： 0.132277
状态划分算法消耗的内存为：5.00781
状态划分算法运行时间(ms) ： 1286.68
---------------------------------
流分布如下: 
---------------------------------
0   0   0   0   13  0   0   0   0   0   0   0   
0   0   0   0   0   0   0   0   0   0   0   0   
0   0   0   0   13  0   0   0   0   0   0   0   
0   0   0   0   0   0   0   0   0   0   0   0   
0   0   0   0   0   0   0   0   0   0   0   0   
0   0   0   0   0   0   13  0   13  0   0   0   
13  0   0   0   0   0   0   0   0   0   0   0   
0   0   0   0   0   0   0   0   0   0   0   0   
0   0   0   0   0   0   0   0   0   0   0   13  
0   0   13  0   0   0   0   0   0   0   0   0   
0   0   0   0   0   0   0   0   0   0   0   0   
0   0   0   0   0   0   0   0   0   13  0   0   
---------------------------------
关键边输出如下：
---------------------------------
1    T         13        0.214936  0.358489  
18   T         13        0.615423  0.665555  
4    T         13        0.615423  0.668847  
11   T         26        0.0686003 0.144563  
14   T         26        0.0686003 0.144563  
12   T         26        0.0724632 0.118602  
17   T         26        0.116865  0.180901  
22   T         26        0.116865  0.201068  
3    T         26        0.132277  0.18397   
15   T         26        0.132277  0.197258  
19   T         26        0.132277  0.206791  
10   T         26        0.132277  0.211118  
13   T         26        0.132277  0.211862  
7    T         26        0.132277  0.212123  
9    T         26        0.132277  0.21225   
20   T         26        0.132277  0.213619  
2    T         26        0.132277  0.214369  
8    T         26        0.132277  0.218845  
21   T         26        0.132277  0.219552  
16   T         26        0.132277  0.219715  
5    T         26        0.132277  0.21978   
6    T         26        0.132277  0.21978   
---------------------------------
---------------------------------

