7--6最大流值为：27
最可靠最大流分布概率为 ： 0.0693474
状态划分算法消耗的内存为：4.97656
状态划分算法运行时间(ms) ： 103.408
---------------------------------
流分布如下: 
---------------------------------
0   0   0   0   0   0   0   0   0   0   0   0   
0   0   0   0   0   14  0   0   0   0   0   0   
0   14  0   0   0   0   0   0   0   0   0   0   
0   0   0   0   0   0   0   13  0   0   0   0   
0   0   0   0   0   0   0   0   0   0   0   0   
0   0   0   0   0   0   0   0   0   0   0   0   
0   0   14  0   0   0   0   0   13  0   0   0   
0   0   0   0   0   13  0   0   0   0   0   0   
0   0   0   13  0   0   0   0   0   0   0   0   
0   0   0   0   0   0   0   0   0   0   0   0   
0   0   0   0   0   0   0   0   0   0   0   0   
0   0   0   0   0   0   0   0   0   0   0   0   
---------------------------------
关键边输出如下：
---------------------------------
2    T         13        0         0         
18   T         14        0         0         
14   T         19        0         0         
20   T         20        0.129143  0.191874  
15   T         20        0.129143  0.224435  
9    T         27        0.0664402 0.0664402 
4    T         27        0.0664402 0.092097  
8    T         27        0.0693474 0.0693474 
5    T         27        0.0693474 0.0986979 
3    T         27        0.0693474 0.116918  
1    T         27        0.0693474 0.116918  
6    T         27        0.0693474 0.117452  
21   T         27        0.0693474 0.117452  
10   T         27        0.0693474 0.122031  
11   T         27        0.0693474 0.122031  
16   T         27        0.0693474 0.122031  
17   T         27        0.0693474 0.122031  
7    T         27        0.0693474 0.122031  
19   T         27        0.0693474 0.122031  
12   T         27        0.0693474 0.122031  
13   T         27        0.0693474 0.122031  
22   T         27        0.0693474 0.122031  
---------------------------------
---------------------------------

7--6最大流值为：27
最可靠最大流分布概率为 ： 0.0693474
状态划分算法消耗的内存为：4.98047
状态划分算法运行时间(ms) ： 103.969
---------------------------------
流分布如下: 
---------------------------------
0   0   0   0   0   0   0   0   0   0   0   0   
0   0   0   0   0   14  0   0   0   0   0   0   
0   14  0   0   0   0   0   0   0   0   0   0   
0   0   0   0   0   0   0   13  0   0   0   0   
0   0   0   0   0   0   0   0   0   0   0   0   
0   0   0   0   0   0   0   0   0   0   0   0   
0   0   14  0   0   0   0   0   13  0   0   0   
0   0   0   0   0   13  0   0   0   0   0   0   
0   0   0   13  0   0   0   0   0   0   0   0   
0   0   0   0   0   0   0   0   0   0   0   0   
0   0   0   0   0   0   0   0   0   0   0   0   
0   0   0   0   0   0   0   0   0   0   0   0   
---------------------------------
关键边输出如下：
---------------------------------
2    T         13        0         0         
18   T         14        0         0         
14   T         19        0         0         
20   T         20        0.129143  0.191874  
15   T         20        0.129143  0.224435  
9    T         27        0.0664402 0.0664402 
4    T         27        0.0664402 0.092097  
8    T         27        0.0693474 0.0693474 
5    T         27        0.0693474 0.0986979 
3    T         27        0.0693474 0.116918  
1    T         27        0.0693474 0.116918  
6    T         27        0.0693474 0.117452  
21   T         27        0.0693474 0.117452  
10   T         27        0.0693474 0.122031  
11   T         27        0.0693474 0.122031  
16   T         27        0.0693474 0.122031  
17   T         27        0.0693474 0.122031  
7    T         27        0.0693474 0.122031  
19   T         27        0.0693474 0.122031  
12   T         27        0.0693474 0.122031  
13   T         27        0.0693474 0.122031  
22   T         27        0.0693474 0.122031  
---------------------------------
---------------------------------

7--6最大流值为：27
最可靠最大流分布概率为 ： 0.0693474
状态划分算法消耗的内存为：4.9375
状态划分算法运行时间(ms) ： 103.385
---------------------------------
流分布如下: 
---------------------------------
0   0   0   0   0   0   0   0   0   0   0   0   
0   0   0   0   0   14  0   0   0   0   0   0   
0   14  0   0   0   0   0   0   0   0   0   0   
0   0   0   0   0   0   0   13  0   0   0   0   
0   0   0   0   0   0   0   0   0   0   0   0   
0   0   0   0   0   0   0   0   0   0   0   0   
0   0   14  0   0   0   0   0   13  0   0   0   
0   0   0   0   0   13  0   0   0   0   0   0   
0   0   0   13  0   0   0   0   0   0   0   0   
0   0   0   0   0   0   0   0   0   0   0   0   
0   0   0   0   0   0   0   0   0   0   0   0   
0   0   0   0   0   0   0   0   0   0   0   0   
---------------------------------
关键边输出如下：
---------------------------------
2    T         13        0         0         
18   T         14        0         0         
14   T         19        0         0         
20   T         20        0.129143  0.191874  
15   T         20        0.129143  0.224435  
9    T         27        0.0664402 0.0664402 
4    T         27        0.0664402 0.092097  
8    T         27        0.0693474 0.0693474 
5    T         27        0.0693474 0.0986979 
3    T         27        0.0693474 0.116918  
1    T         27        0.0693474 0.116918  
6    T         27        0.0693474 0.117452  
21   T         27        0.0693474 0.117452  
10   T         27        0.0693474 0.122031  
11   T         27        0.0693474 0.122031  
16   T         27        0.0693474 0.122031  
17   T         27        0.0693474 0.122031  
7    T         27        0.0693474 0.122031  
19   T         27        0.0693474 0.122031  
12   T         27        0.0693474 0.122031  
13   T         27        0.0693474 0.122031  
22   T         27        0.0693474 0.122031  
---------------------------------
---------------------------------

7--6最大流值为：27
最可靠最大流分布概率为 ： 0.0693474
状态划分算法消耗的内存为：4.94922
状态划分算法运行时间(ms) ： 104.521
---------------------------------
流分布如下: 
---------------------------------
0   0   0   0   0   0   0   0   0   0   0   0   
0   0   0   0   0   14  0   0   0   0   0   0   
0   14  0   0   0   0   0   0   0   0   0   0   
0   0   0   0   0   0   0   13  0   0   0   0   
0   0   0   0   0   0   0   0   0   0   0   0   
0   0   0   0   0   0   0   0   0   0   0   0   
0   0   14  0   0   0   0   0   13  0   0   0   
0   0   0   0   0   13  0   0   0   0   0   0   
0   0   0   13  0   0   0   0   0   0   0   0   
0   0   0   0   0   0   0   0   0   0   0   0   
0   0   0   0   0   0   0   0   0   0   0   0   
0   0   0   0   0   0   0   0   0   0   0   0   
---------------------------------
关键边输出如下：
---------------------------------
2    T         13        0         0         
18   T         14        0         0         
14   T         19        0         0         
20   T         20        0.129143  0.191874  
15   T         20        0.129143  0.224435  
9    T         27        0.0664402 0.0664402 
4    T         27        0.0664402 0.092097  
8    T         27        0.0693474 0.0693474 
5    T         27        0.0693474 0.0986979 
3    T         27        0.0693474 0.116918  
1    T         27        0.0693474 0.116918  
6    T         27        0.0693474 0.117452  
21   T         27        0.0693474 0.117452  
10   T         27        0.0693474 0.122031  
11   T         27        0.0693474 0.122031  
16   T         27        0.0693474 0.122031  
17   T         27        0.0693474 0.122031  
7    T         27        0.0693474 0.122031  
19   T         27        0.0693474 0.122031  
12   T         27        0.0693474 0.122031  
13   T         27        0.0693474 0.122031  
22   T         27        0.0693474 0.122031  
---------------------------------
---------------------------------

7--6最大流值为：27
最可靠最大流分布概率为 ： 0.0693474
状态划分算法消耗的内存为：4.95703
状态划分算法运行时间(ms) ： 104.95
---------------------------------
流分布如下: 
---------------------------------
0   0   0   0   0   0   0   0   0   0   0   0   
0   0   0   0   0   14  0   0   0   0   0   0   
0   14  0   0   0   0   0   0   0   0   0   0   
0   0   0   0   0   0   0   13  0   0   0   0   
0   0   0   0   0   0   0   0   0   0   0   0   
0   0   0   0   0   0   0   0   0   0   0   0   
0   0   14  0   0   0   0   0   13  0   0   0   
0   0   0   0   0   13  0   0   0   0   0   0   
0   0   0   13  0   0   0   0   0   0   0   0   
0   0   0   0   0   0   0   0   0   0   0   0   
0   0   0   0   0   0   0   0   0   0   0   0   
0   0   0   0   0   0   0   0   0   0   0   0   
---------------------------------
关键边输出如下：
---------------------------------
2    T         13        0         0         
18   T         14        0         0         
14   T         19        0         0         
20   T         20        0.129143  0.191874  
15   T         20        0.129143  0.224435  
9    T         27        0.0664402 0.0664402 
4    T         27        0.0664402 0.092097  
8    T         27        0.0693474 0.0693474 
5    T         27        0.0693474 0.0986979 
3    T         27        0.0693474 0.116918  
1    T         27        0.0693474 0.116918  
6    T         27        0.0693474 0.117452  
21   T         27        0.0693474 0.117452  
10   T         27        0.0693474 0.122031  
11   T         27        0.0693474 0.122031  
16   T         27        0.0693474 0.122031  
17   T         27        0.0693474 0.122031  
7    T         27        0.0693474 0.122031  
19   T         27        0.0693474 0.122031  
12   T         27        0.0693474 0.122031  
13   T         27        0.0693474 0.122031  
22   T         27        0.0693474 0.122031  
---------------------------------
---------------------------------

7--6最大流值为：27
最可靠最大流分布概率为 ： 0.0693474
状态划分算法消耗的内存为：4.98438
状态划分算法运行时间(ms) ： 103.701
---------------------------------
流分布如下: 
---------------------------------
0   0   0   0   0   0   0   0   0   0   0   0   
0   0   0   0   0   14  0   0   0   0   0   0   
0   14  0   0   0   0   0   0   0   0   0   0   
0   0   0   0   0   0   0   13  0   0   0   0   
0   0   0   0   0   0   0   0   0   0   0   0   
0   0   0   0   0   0   0   0   0   0   0   0   
0   0   14  0   0   0   0   0   13  0   0   0   
0   0   0   0   0   13  0   0   0   0   0   0   
0   0   0   13  0   0   0   0   0   0   0   0   
0   0   0   0   0   0   0   0   0   0   0   0   
0   0   0   0   0   0   0   0   0   0   0   0   
0   0   0   0   0   0   0   0   0   0   0   0   
---------------------------------
关键边输出如下：
---------------------------------
2    T         13        0         0         
18   T         14        0         0         
14   T         19        0         0         
20   T         20        0.129143  0.191874  
15   T         20        0.129143  0.224435  
9    T         27        0.0664402 0.0664402 
4    T         27        0.0664402 0.092097  
8    T         27        0.0693474 0.0693474 
5    T         27        0.0693474 0.0986979 
3    T         27        0.0693474 0.116918  
1    T         27        0.0693474 0.116918  
6    T         27        0.0693474 0.117452  
21   T         27        0.0693474 0.117452  
10   T         27        0.0693474 0.122031  
11   T         27        0.0693474 0.122031  
16   T         27        0.0693474 0.122031  
17   T         27        0.0693474 0.122031  
7    T         27        0.0693474 0.122031  
19   T         27        0.0693474 0.122031  
12   T         27        0.0693474 0.122031  
13   T         27        0.0693474 0.122031  
22   T         27        0.0693474 0.122031  
---------------------------------
---------------------------------

7--6最大流值为：27
最可靠最大流分布概率为 ： 0.0693474
状态划分算法消耗的内存为：4.88672
状态划分算法运行时间(ms) ： 103.625
---------------------------------
流分布如下: 
---------------------------------
0   0   0   0   0   0   0   0   0   0   0   0   
0   0   0   0   0   14  0   0   0   0   0   0   
0   14  0   0   0   0   0   0   0   0   0   0   
0   0   0   0   0   0   0   13  0   0   0   0   
0   0   0   0   0   0   0   0   0   0   0   0   
0   0   0   0   0   0   0   0   0   0   0   0   
0   0   14  0   0   0   0   0   13  0   0   0   
0   0   0   0   0   13  0   0   0   0   0   0   
0   0   0   13  0   0   0   0   0   0   0   0   
0   0   0   0   0   0   0   0   0   0   0   0   
0   0   0   0   0   0   0   0   0   0   0   0   
0   0   0   0   0   0   0   0   0   0   0   0   
---------------------------------
关键边输出如下：
---------------------------------
2    T         13        0         0         
18   T         14        0         0         
14   T         19        0         0         
20   T         20        0.129143  0.191874  
15   T         20        0.129143  0.224435  
9    T         27        0.0664402 0.0664402 
4    T         27        0.0664402 0.092097  
8    T         27        0.0693474 0.0693474 
5    T         27        0.0693474 0.0986979 
3    T         27        0.0693474 0.116918  
1    T         27        0.0693474 0.116918  
6    T         27        0.0693474 0.117452  
21   T         27        0.0693474 0.117452  
10   T         27        0.0693474 0.122031  
11   T         27        0.0693474 0.122031  
16   T         27        0.0693474 0.122031  
17   T         27        0.0693474 0.122031  
7    T         27        0.0693474 0.122031  
19   T         27        0.0693474 0.122031  
12   T         27        0.0693474 0.122031  
13   T         27        0.0693474 0.122031  
22   T         27        0.0693474 0.122031  
---------------------------------
---------------------------------

7--6最大流值为：27
最可靠最大流分布概率为 ： 0.0693474
状态划分算法消耗的内存为：4.9375
状态划分算法运行时间(ms) ： 104.965
---------------------------------
流分布如下: 
---------------------------------
0   0   0   0   0   0   0   0   0   0   0   0   
0   0   0   0   0   14  0   0   0   0   0   0   
0   14  0   0   0   0   0   0   0   0   0   0   
0   0   0   0   0   0   0   13  0   0   0   0   
0   0   0   0   0   0   0   0   0   0   0   0   
0   0   0   0   0   0   0   0   0   0   0   0   
0   0   14  0   0   0   0   0   13  0   0   0   
0   0   0   0   0   13  0   0   0   0   0   0   
0   0   0   13  0   0   0   0   0   0   0   0   
0   0   0   0   0   0   0   0   0   0   0   0   
0   0   0   0   0   0   0   0   0   0   0   0   
0   0   0   0   0   0   0   0   0   0   0   0   
---------------------------------
关键边输出如下：
---------------------------------
2    T         13        0         0         
18   T         14        0         0         
14   T         19        0         0         
20   T         20        0.129143  0.191874  
15   T         20        0.129143  0.224435  
9    T         27        0.0664402 0.0664402 
4    T         27        0.0664402 0.092097  
8    T         27        0.0693474 0.0693474 
5    T         27        0.0693474 0.0986979 
3    T         27        0.0693474 0.116918  
1    T         27        0.0693474 0.116918  
6    T         27        0.0693474 0.117452  
21   T         27        0.0693474 0.117452  
10   T         27        0.0693474 0.122031  
11   T         27        0.0693474 0.122031  
16   T         27        0.0693474 0.122031  
17   T         27        0.0693474 0.122031  
7    T         27        0.0693474 0.122031  
19   T         27        0.0693474 0.122031  
12   T         27        0.0693474 0.122031  
13   T         27        0.0693474 0.122031  
22   T         27        0.0693474 0.122031  
---------------------------------
---------------------------------

7--6最大流值为：27
最可靠最大流分布概率为 ： 0.0693474
状态划分算法消耗的内存为：4.94141
状态划分算法运行时间(ms) ： 103.747
---------------------------------
流分布如下: 
---------------------------------
0   0   0   0   0   0   0   0   0   0   0   0   
0   0   0   0   0   14  0   0   0   0   0   0   
0   14  0   0   0   0   0   0   0   0   0   0   
0   0   0   0   0   0   0   13  0   0   0   0   
0   0   0   0   0   0   0   0   0   0   0   0   
0   0   0   0   0   0   0   0   0   0   0   0   
0   0   14  0   0   0   0   0   13  0   0   0   
0   0   0   0   0   13  0   0   0   0   0   0   
0   0   0   13  0   0   0   0   0   0   0   0   
0   0   0   0   0   0   0   0   0   0   0   0   
0   0   0   0   0   0   0   0   0   0   0   0   
0   0   0   0   0   0   0   0   0   0   0   0   
---------------------------------
关键边输出如下：
---------------------------------
2    T         13        0         0         
18   T         14        0         0         
14   T         19        0         0         
20   T         20        0.129143  0.191874  
15   T         20        0.129143  0.224435  
9    T         27        0.0664402 0.0664402 
4    T         27        0.0664402 0.092097  
8    T         27        0.0693474 0.0693474 
5    T         27        0.0693474 0.0986979 
3    T         27        0.0693474 0.116918  
1    T         27        0.0693474 0.116918  
6    T         27        0.0693474 0.117452  
21   T         27        0.0693474 0.117452  
10   T         27        0.0693474 0.122031  
11   T         27        0.0693474 0.122031  
16   T         27        0.0693474 0.122031  
17   T         27        0.0693474 0.122031  
7    T         27        0.0693474 0.122031  
19   T         27        0.0693474 0.122031  
12   T         27        0.0693474 0.122031  
13   T         27        0.0693474 0.122031  
22   T         27        0.0693474 0.122031  
---------------------------------
---------------------------------

7--6最大流值为：27
最可靠最大流分布概率为 ： 0.0693474
状态划分算法消耗的内存为：4.9375
状态划分算法运行时间(ms) ： 102.963
---------------------------------
流分布如下: 
---------------------------------
0   0   0   0   0   0   0   0   0   0   0   0   
0   0   0   0   0   14  0   0   0   0   0   0   
0   14  0   0   0   0   0   0   0   0   0   0   
0   0   0   0   0   0   0   13  0   0   0   0   
0   0   0   0   0   0   0   0   0   0   0   0   
0   0   0   0   0   0   0   0   0   0   0   0   
0   0   14  0   0   0   0   0   13  0   0   0   
0   0   0   0   0   13  0   0   0   0   0   0   
0   0   0   13  0   0   0   0   0   0   0   0   
0   0   0   0   0   0   0   0   0   0   0   0   
0   0   0   0   0   0   0   0   0   0   0   0   
0   0   0   0   0   0   0   0   0   0   0   0   
---------------------------------
关键边输出如下：
---------------------------------
2    T         13        0         0         
18   T         14        0         0         
14   T         19        0         0         
20   T         20        0.129143  0.191874  
15   T         20        0.129143  0.224435  
9    T         27        0.0664402 0.0664402 
4    T         27        0.0664402 0.092097  
8    T         27        0.0693474 0.0693474 
5    T         27        0.0693474 0.0986979 
3    T         27        0.0693474 0.116918  
1    T         27        0.0693474 0.116918  
6    T         27        0.0693474 0.117452  
21   T         27        0.0693474 0.117452  
10   T         27        0.0693474 0.122031  
11   T         27        0.0693474 0.122031  
16   T         27        0.0693474 0.122031  
17   T         27        0.0693474 0.122031  
7    T         27        0.0693474 0.122031  
19   T         27        0.0693474 0.122031  
12   T         27        0.0693474 0.122031  
13   T         27        0.0693474 0.122031  
22   T         27        0.0693474 0.122031  
---------------------------------
---------------------------------

