12--6最大流值为：62
最可靠最大流分布概率为 ： 0.0330876
状态划分算法消耗的内存为：4.96875
状态划分算法运行时间(ms) ： 279.262
---------------------------------
流分布如下: 
---------------------------------
0   0   0   0   0   5   0   0   0   0   0   0   
0   0   0   0   0   0   29  0   0   0   0   0   
5   0   0   0   0   0   0   0   0   0   0   0   
0   0   0   0   0   0   0   0   0   0   0   0   
0   0   0   0   0   0   0   0   0   0   0   0   
0   0   0   0   0   0   0   0   0   0   0   0   
0   0   0   0   0   0   0   29  0   0   0   0   
0   0   0   0   0   29  0   0   0   0   0   0   
0   0   0   0   0   0   0   0   0   0   0   0   
0   0   0   0   0   0   0   0   0   0   0   0   
0   0   5   0   0   16  0   0   0   0   0   0   
0   29  0   0   0   12  0   0   0   0   21  0   
---------------------------------
关键边输出如下：
---------------------------------
20   T         33        0         0         
22   T         41        0         0         
21   T         50        0         0         
19   T         54        0         0         
5    T         55        0.0190023 0.0261411 
13   T         55        0.0199302 0.0398045 
12   T         55        0.0199302 0.0398045 
18   T         57        0.107355  0.107355  
6    T         57        0.107355  0.107355  
1    T         57        0.107355  0.107355  
8    T         62        0.0330876 0.0330876 
4    T         62        0.0330876 0.0330876 
2    T         62        0.0330876 0.0330876 
14   T         62        0.0330876 0.0330876 
15   T         62        0.0330876 0.0330876 
16   T         62        0.0330876 0.0330876 
17   T         62        0.0330876 0.0330876 
3    T         62        0.0330876 0.0330876 
7    T         62        0.0330876 0.0330876 
11   T         62        0.0330876 0.0330876 
9    T         62        0.0330876 0.0330876 
10   T         62        0.0330876 0.0330876 
---------------------------------
---------------------------------

12--6最大流值为：62
最可靠最大流分布概率为 ： 0.0330876
状态划分算法消耗的内存为：4.88672
状态划分算法运行时间(ms) ： 279.104
---------------------------------
流分布如下: 
---------------------------------
0   0   0   0   0   5   0   0   0   0   0   0   
0   0   0   0   0   0   29  0   0   0   0   0   
5   0   0   0   0   0   0   0   0   0   0   0   
0   0   0   0   0   0   0   0   0   0   0   0   
0   0   0   0   0   0   0   0   0   0   0   0   
0   0   0   0   0   0   0   0   0   0   0   0   
0   0   0   0   0   0   0   29  0   0   0   0   
0   0   0   0   0   29  0   0   0   0   0   0   
0   0   0   0   0   0   0   0   0   0   0   0   
0   0   0   0   0   0   0   0   0   0   0   0   
0   0   5   0   0   16  0   0   0   0   0   0   
0   29  0   0   0   12  0   0   0   0   21  0   
---------------------------------
关键边输出如下：
---------------------------------
20   T         33        0         0         
22   T         41        0         0         
21   T         50        0         0         
19   T         54        0         0         
5    T         55        0.0190023 0.0261411 
13   T         55        0.0199302 0.0398045 
12   T         55        0.0199302 0.0398045 
18   T         57        0.107355  0.107355  
6    T         57        0.107355  0.107355  
1    T         57        0.107355  0.107355  
8    T         62        0.0330876 0.0330876 
4    T         62        0.0330876 0.0330876 
2    T         62        0.0330876 0.0330876 
14   T         62        0.0330876 0.0330876 
15   T         62        0.0330876 0.0330876 
16   T         62        0.0330876 0.0330876 
17   T         62        0.0330876 0.0330876 
3    T         62        0.0330876 0.0330876 
7    T         62        0.0330876 0.0330876 
11   T         62        0.0330876 0.0330876 
9    T         62        0.0330876 0.0330876 
10   T         62        0.0330876 0.0330876 
---------------------------------
---------------------------------

12--6最大流值为：62
最可靠最大流分布概率为 ： 0.0330876
状态划分算法消耗的内存为：4.97266
状态划分算法运行时间(ms) ： 280.211
---------------------------------
流分布如下: 
---------------------------------
0   0   0   0   0   5   0   0   0   0   0   0   
0   0   0   0   0   0   29  0   0   0   0   0   
5   0   0   0   0   0   0   0   0   0   0   0   
0   0   0   0   0   0   0   0   0   0   0   0   
0   0   0   0   0   0   0   0   0   0   0   0   
0   0   0   0   0   0   0   0   0   0   0   0   
0   0   0   0   0   0   0   29  0   0   0   0   
0   0   0   0   0   29  0   0   0   0   0   0   
0   0   0   0   0   0   0   0   0   0   0   0   
0   0   0   0   0   0   0   0   0   0   0   0   
0   0   5   0   0   16  0   0   0   0   0   0   
0   29  0   0   0   12  0   0   0   0   21  0   
---------------------------------
关键边输出如下：
---------------------------------
20   T         33        0         0         
22   T         41        0         0         
21   T         50        0         0         
19   T         54        0         0         
5    T         55        0.0190023 0.0261411 
13   T         55        0.0199302 0.0398045 
12   T         55        0.0199302 0.0398045 
18   T         57        0.107355  0.107355  
6    T         57        0.107355  0.107355  
1    T         57        0.107355  0.107355  
8    T         62        0.0330876 0.0330876 
4    T         62        0.0330876 0.0330876 
2    T         62        0.0330876 0.0330876 
14   T         62        0.0330876 0.0330876 
15   T         62        0.0330876 0.0330876 
16   T         62        0.0330876 0.0330876 
17   T         62        0.0330876 0.0330876 
3    T         62        0.0330876 0.0330876 
7    T         62        0.0330876 0.0330876 
11   T         62        0.0330876 0.0330876 
9    T         62        0.0330876 0.0330876 
10   T         62        0.0330876 0.0330876 
---------------------------------
---------------------------------

12--6最大流值为：62
最可靠最大流分布概率为 ： 0.0330876
状态划分算法消耗的内存为：4.98047
状态划分算法运行时间(ms) ： 279.94
---------------------------------
流分布如下: 
---------------------------------
0   0   0   0   0   5   0   0   0   0   0   0   
0   0   0   0   0   0   29  0   0   0   0   0   
5   0   0   0   0   0   0   0   0   0   0   0   
0   0   0   0   0   0   0   0   0   0   0   0   
0   0   0   0   0   0   0   0   0   0   0   0   
0   0   0   0   0   0   0   0   0   0   0   0   
0   0   0   0   0   0   0   29  0   0   0   0   
0   0   0   0   0   29  0   0   0   0   0   0   
0   0   0   0   0   0   0   0   0   0   0   0   
0   0   0   0   0   0   0   0   0   0   0   0   
0   0   5   0   0   16  0   0   0   0   0   0   
0   29  0   0   0   12  0   0   0   0   21  0   
---------------------------------
关键边输出如下：
---------------------------------
20   T         33        0         0         
22   T         41        0         0         
21   T         50        0         0         
19   T         54        0         0         
5    T         55        0.0190023 0.0261411 
13   T         55        0.0199302 0.0398045 
12   T         55        0.0199302 0.0398045 
18   T         57        0.107355  0.107355  
6    T         57        0.107355  0.107355  
1    T         57        0.107355  0.107355  
8    T         62        0.0330876 0.0330876 
4    T         62        0.0330876 0.0330876 
2    T         62        0.0330876 0.0330876 
14   T         62        0.0330876 0.0330876 
15   T         62        0.0330876 0.0330876 
16   T         62        0.0330876 0.0330876 
17   T         62        0.0330876 0.0330876 
3    T         62        0.0330876 0.0330876 
7    T         62        0.0330876 0.0330876 
11   T         62        0.0330876 0.0330876 
9    T         62        0.0330876 0.0330876 
10   T         62        0.0330876 0.0330876 
---------------------------------
---------------------------------

12--6最大流值为：62
最可靠最大流分布概率为 ： 0.0330876
状态划分算法消耗的内存为：4.97266
状态划分算法运行时间(ms) ： 279.987
---------------------------------
流分布如下: 
---------------------------------
0   0   0   0   0   5   0   0   0   0   0   0   
0   0   0   0   0   0   29  0   0   0   0   0   
5   0   0   0   0   0   0   0   0   0   0   0   
0   0   0   0   0   0   0   0   0   0   0   0   
0   0   0   0   0   0   0   0   0   0   0   0   
0   0   0   0   0   0   0   0   0   0   0   0   
0   0   0   0   0   0   0   29  0   0   0   0   
0   0   0   0   0   29  0   0   0   0   0   0   
0   0   0   0   0   0   0   0   0   0   0   0   
0   0   0   0   0   0   0   0   0   0   0   0   
0   0   5   0   0   16  0   0   0   0   0   0   
0   29  0   0   0   12  0   0   0   0   21  0   
---------------------------------
关键边输出如下：
---------------------------------
20   T         33        0         0         
22   T         41        0         0         
21   T         50        0         0         
19   T         54        0         0         
5    T         55        0.0190023 0.0261411 
13   T         55        0.0199302 0.0398045 
12   T         55        0.0199302 0.0398045 
18   T         57        0.107355  0.107355  
6    T         57        0.107355  0.107355  
1    T         57        0.107355  0.107355  
8    T         62        0.0330876 0.0330876 
4    T         62        0.0330876 0.0330876 
2    T         62        0.0330876 0.0330876 
14   T         62        0.0330876 0.0330876 
15   T         62        0.0330876 0.0330876 
16   T         62        0.0330876 0.0330876 
17   T         62        0.0330876 0.0330876 
3    T         62        0.0330876 0.0330876 
7    T         62        0.0330876 0.0330876 
11   T         62        0.0330876 0.0330876 
9    T         62        0.0330876 0.0330876 
10   T         62        0.0330876 0.0330876 
---------------------------------
---------------------------------

12--6最大流值为：62
最可靠最大流分布概率为 ： 0.0330876
状态划分算法消耗的内存为：4.96484
状态划分算法运行时间(ms) ： 280.329
---------------------------------
流分布如下: 
---------------------------------
0   0   0   0   0   5   0   0   0   0   0   0   
0   0   0   0   0   0   29  0   0   0   0   0   
5   0   0   0   0   0   0   0   0   0   0   0   
0   0   0   0   0   0   0   0   0   0   0   0   
0   0   0   0   0   0   0   0   0   0   0   0   
0   0   0   0   0   0   0   0   0   0   0   0   
0   0   0   0   0   0   0   29  0   0   0   0   
0   0   0   0   0   29  0   0   0   0   0   0   
0   0   0   0   0   0   0   0   0   0   0   0   
0   0   0   0   0   0   0   0   0   0   0   0   
0   0   5   0   0   16  0   0   0   0   0   0   
0   29  0   0   0   12  0   0   0   0   21  0   
---------------------------------
关键边输出如下：
---------------------------------
20   T         33        0         0         
22   T         41        0         0         
21   T         50        0         0         
19   T         54        0         0         
5    T         55        0.0190023 0.0261411 
13   T         55        0.0199302 0.0398045 
12   T         55        0.0199302 0.0398045 
18   T         57        0.107355  0.107355  
6    T         57        0.107355  0.107355  
1    T         57        0.107355  0.107355  
8    T         62        0.0330876 0.0330876 
4    T         62        0.0330876 0.0330876 
2    T         62        0.0330876 0.0330876 
14   T         62        0.0330876 0.0330876 
15   T         62        0.0330876 0.0330876 
16   T         62        0.0330876 0.0330876 
17   T         62        0.0330876 0.0330876 
3    T         62        0.0330876 0.0330876 
7    T         62        0.0330876 0.0330876 
11   T         62        0.0330876 0.0330876 
9    T         62        0.0330876 0.0330876 
10   T         62        0.0330876 0.0330876 
---------------------------------
---------------------------------

12--6最大流值为：62
最可靠最大流分布概率为 ： 0.0330876
状态划分算法消耗的内存为：4.87891
状态划分算法运行时间(ms) ： 279.182
---------------------------------
流分布如下: 
---------------------------------
0   0   0   0   0   5   0   0   0   0   0   0   
0   0   0   0   0   0   29  0   0   0   0   0   
5   0   0   0   0   0   0   0   0   0   0   0   
0   0   0   0   0   0   0   0   0   0   0   0   
0   0   0   0   0   0   0   0   0   0   0   0   
0   0   0   0   0   0   0   0   0   0   0   0   
0   0   0   0   0   0   0   29  0   0   0   0   
0   0   0   0   0   29  0   0   0   0   0   0   
0   0   0   0   0   0   0   0   0   0   0   0   
0   0   0   0   0   0   0   0   0   0   0   0   
0   0   5   0   0   16  0   0   0   0   0   0   
0   29  0   0   0   12  0   0   0   0   21  0   
---------------------------------
关键边输出如下：
---------------------------------
20   T         33        0         0         
22   T         41        0         0         
21   T         50        0         0         
19   T         54        0         0         
5    T         55        0.0190023 0.0261411 
13   T         55        0.0199302 0.0398045 
12   T         55        0.0199302 0.0398045 
18   T         57        0.107355  0.107355  
6    T         57        0.107355  0.107355  
1    T         57        0.107355  0.107355  
8    T         62        0.0330876 0.0330876 
4    T         62        0.0330876 0.0330876 
2    T         62        0.0330876 0.0330876 
14   T         62        0.0330876 0.0330876 
15   T         62        0.0330876 0.0330876 
16   T         62        0.0330876 0.0330876 
17   T         62        0.0330876 0.0330876 
3    T         62        0.0330876 0.0330876 
7    T         62        0.0330876 0.0330876 
11   T         62        0.0330876 0.0330876 
9    T         62        0.0330876 0.0330876 
10   T         62        0.0330876 0.0330876 
---------------------------------
---------------------------------

12--6最大流值为：62
最可靠最大流分布概率为 ： 0.0330876
状态划分算法消耗的内存为：4.85547
状态划分算法运行时间(ms) ： 277.478
---------------------------------
流分布如下: 
---------------------------------
0   0   0   0   0   5   0   0   0   0   0   0   
0   0   0   0   0   0   29  0   0   0   0   0   
5   0   0   0   0   0   0   0   0   0   0   0   
0   0   0   0   0   0   0   0   0   0   0   0   
0   0   0   0   0   0   0   0   0   0   0   0   
0   0   0   0   0   0   0   0   0   0   0   0   
0   0   0   0   0   0   0   29  0   0   0   0   
0   0   0   0   0   29  0   0   0   0   0   0   
0   0   0   0   0   0   0   0   0   0   0   0   
0   0   0   0   0   0   0   0   0   0   0   0   
0   0   5   0   0   16  0   0   0   0   0   0   
0   29  0   0   0   12  0   0   0   0   21  0   
---------------------------------
关键边输出如下：
---------------------------------
20   T         33        0         0         
22   T         41        0         0         
21   T         50        0         0         
19   T         54        0         0         
5    T         55        0.0190023 0.0261411 
13   T         55        0.0199302 0.0398045 
12   T         55        0.0199302 0.0398045 
18   T         57        0.107355  0.107355  
6    T         57        0.107355  0.107355  
1    T         57        0.107355  0.107355  
8    T         62        0.0330876 0.0330876 
4    T         62        0.0330876 0.0330876 
2    T         62        0.0330876 0.0330876 
14   T         62        0.0330876 0.0330876 
15   T         62        0.0330876 0.0330876 
16   T         62        0.0330876 0.0330876 
17   T         62        0.0330876 0.0330876 
3    T         62        0.0330876 0.0330876 
7    T         62        0.0330876 0.0330876 
11   T         62        0.0330876 0.0330876 
9    T         62        0.0330876 0.0330876 
10   T         62        0.0330876 0.0330876 
---------------------------------
---------------------------------

12--6最大流值为：62
最可靠最大流分布概率为 ： 0.0330876
状态划分算法消耗的内存为：4.97656
状态划分算法运行时间(ms) ： 280.947
---------------------------------
流分布如下: 
---------------------------------
0   0   0   0   0   5   0   0   0   0   0   0   
0   0   0   0   0   0   29  0   0   0   0   0   
5   0   0   0   0   0   0   0   0   0   0   0   
0   0   0   0   0   0   0   0   0   0   0   0   
0   0   0   0   0   0   0   0   0   0   0   0   
0   0   0   0   0   0   0   0   0   0   0   0   
0   0   0   0   0   0   0   29  0   0   0   0   
0   0   0   0   0   29  0   0   0   0   0   0   
0   0   0   0   0   0   0   0   0   0   0   0   
0   0   0   0   0   0   0   0   0   0   0   0   
0   0   5   0   0   16  0   0   0   0   0   0   
0   29  0   0   0   12  0   0   0   0   21  0   
---------------------------------
关键边输出如下：
---------------------------------
20   T         33        0         0         
22   T         41        0         0         
21   T         50        0         0         
19   T         54        0         0         
5    T         55        0.0190023 0.0261411 
13   T         55        0.0199302 0.0398045 
12   T         55        0.0199302 0.0398045 
18   T         57        0.107355  0.107355  
6    T         57        0.107355  0.107355  
1    T         57        0.107355  0.107355  
8    T         62        0.0330876 0.0330876 
4    T         62        0.0330876 0.0330876 
2    T         62        0.0330876 0.0330876 
14   T         62        0.0330876 0.0330876 
15   T         62        0.0330876 0.0330876 
16   T         62        0.0330876 0.0330876 
17   T         62        0.0330876 0.0330876 
3    T         62        0.0330876 0.0330876 
7    T         62        0.0330876 0.0330876 
11   T         62        0.0330876 0.0330876 
9    T         62        0.0330876 0.0330876 
10   T         62        0.0330876 0.0330876 
---------------------------------
---------------------------------

12--6最大流值为：62
最可靠最大流分布概率为 ： 0.0330876
状态划分算法消耗的内存为：4.93359
状态划分算法运行时间(ms) ： 278.778
---------------------------------
流分布如下: 
---------------------------------
0   0   0   0   0   5   0   0   0   0   0   0   
0   0   0   0   0   0   29  0   0   0   0   0   
5   0   0   0   0   0   0   0   0   0   0   0   
0   0   0   0   0   0   0   0   0   0   0   0   
0   0   0   0   0   0   0   0   0   0   0   0   
0   0   0   0   0   0   0   0   0   0   0   0   
0   0   0   0   0   0   0   29  0   0   0   0   
0   0   0   0   0   29  0   0   0   0   0   0   
0   0   0   0   0   0   0   0   0   0   0   0   
0   0   0   0   0   0   0   0   0   0   0   0   
0   0   5   0   0   16  0   0   0   0   0   0   
0   29  0   0   0   12  0   0   0   0   21  0   
---------------------------------
关键边输出如下：
---------------------------------
20   T         33        0         0         
22   T         41        0         0         
21   T         50        0         0         
19   T         54        0         0         
5    T         55        0.0190023 0.0261411 
13   T         55        0.0199302 0.0398045 
12   T         55        0.0199302 0.0398045 
18   T         57        0.107355  0.107355  
6    T         57        0.107355  0.107355  
1    T         57        0.107355  0.107355  
8    T         62        0.0330876 0.0330876 
4    T         62        0.0330876 0.0330876 
2    T         62        0.0330876 0.0330876 
14   T         62        0.0330876 0.0330876 
15   T         62        0.0330876 0.0330876 
16   T         62        0.0330876 0.0330876 
17   T         62        0.0330876 0.0330876 
3    T         62        0.0330876 0.0330876 
7    T         62        0.0330876 0.0330876 
11   T         62        0.0330876 0.0330876 
9    T         62        0.0330876 0.0330876 
10   T         62        0.0330876 0.0330876 
---------------------------------
---------------------------------

