12--10最大流值为：81
最可靠最大流分布概率为 ： 0.023357
状态划分算法消耗的内存为：4.95313
状态划分算法运行时间(ms) ： 82.4805
---------------------------------
流分布如下: 
---------------------------------
0   0   0   0   0   0   0   0   0   0   0   0   0   0   
0   0   0   0   0   0   0   0   0   0   0   0   0   0   
0   0   0   0   0   0   24  0   0   0   0   0   0   0   
0   0   0   0   0   0   0   0   0   19  0   0   0   0   
0   0   0   19  0   0   0   0   0   0   0   0   0   0   
0   0   0   0   0   0   0   0   0   0   0   0   0   0   
0   0   0   0   0   0   0   0   0   0   0   0   1   23  
0   0   0   0   0   0   0   0   0   1   0   0   0   0   
0   0   0   0   0   0   0   0   0   0   0   0   0   0   
0   0   0   0   0   0   0   0   0   0   0   0   0   0   
0   0   0   0   0   0   0   0   0   0   0   0   0   0   
0   0   24  0   19  0   0   0   0   38  0   0   0   0   
0   0   0   0   0   0   0   1   0   0   0   0   0   0   
0   0   0   0   0   0   0   0   0   23  0   0   0   0   
---------------------------------
关键边输出如下：
---------------------------------
22   T         43        0         0         
6    T         57        0         0         
14   T         58        0.0396284 0.0553475 
26   T         58        0.0396284 0.0638271 
11   T         62        0.0736843 0.0736843 
10   T         62        0.0736843 0.0943009 
19   T         66        0         0         
20   T         71        0         0         
13   T         80        0.0467281 0.0467281 
23   T         80        0.0467281 0.0467281 
15   T         80        0.0467281 0.0467281 
12   T         81        0.023357  0.023357  
4    T         81        0.023357  0.023357  
5    T         81        0.023357  0.023357  
1    T         81        0.023357  0.023357  
16   T         81        0.023357  0.023357  
17   T         81        0.023357  0.023357  
18   T         81        0.023357  0.023357  
7    T         81        0.023357  0.023357  
8    T         81        0.023357  0.023357  
21   T         81        0.023357  0.023357  
9    T         81        0.023357  0.023357  
2    T         81        0.023357  0.023357  
24   T         81        0.023357  0.023357  
25   T         81        0.023357  0.023357  
3    T         81        0.023357  0.023357  
---------------------------------
---------------------------------

12--10最大流值为：81
最可靠最大流分布概率为 ： 0.023357
状态划分算法消耗的内存为：4.97266
状态划分算法运行时间(ms) ： 82.5648
---------------------------------
流分布如下: 
---------------------------------
0   0   0   0   0   0   0   0   0   0   0   0   0   0   
0   0   0   0   0   0   0   0   0   0   0   0   0   0   
0   0   0   0   0   0   24  0   0   0   0   0   0   0   
0   0   0   0   0   0   0   0   0   19  0   0   0   0   
0   0   0   19  0   0   0   0   0   0   0   0   0   0   
0   0   0   0   0   0   0   0   0   0   0   0   0   0   
0   0   0   0   0   0   0   0   0   0   0   0   1   23  
0   0   0   0   0   0   0   0   0   1   0   0   0   0   
0   0   0   0   0   0   0   0   0   0   0   0   0   0   
0   0   0   0   0   0   0   0   0   0   0   0   0   0   
0   0   0   0   0   0   0   0   0   0   0   0   0   0   
0   0   24  0   19  0   0   0   0   38  0   0   0   0   
0   0   0   0   0   0   0   1   0   0   0   0   0   0   
0   0   0   0   0   0   0   0   0   23  0   0   0   0   
---------------------------------
关键边输出如下：
---------------------------------
22   T         43        0         0         
6    T         57        0         0         
14   T         58        0.0396284 0.0553475 
26   T         58        0.0396284 0.0638271 
11   T         62        0.0736843 0.0736843 
10   T         62        0.0736843 0.0943009 
19   T         66        0         0         
20   T         71        0         0         
13   T         80        0.0467281 0.0467281 
23   T         80        0.0467281 0.0467281 
15   T         80        0.0467281 0.0467281 
12   T         81        0.023357  0.023357  
4    T         81        0.023357  0.023357  
5    T         81        0.023357  0.023357  
1    T         81        0.023357  0.023357  
16   T         81        0.023357  0.023357  
17   T         81        0.023357  0.023357  
18   T         81        0.023357  0.023357  
7    T         81        0.023357  0.023357  
8    T         81        0.023357  0.023357  
21   T         81        0.023357  0.023357  
9    T         81        0.023357  0.023357  
2    T         81        0.023357  0.023357  
24   T         81        0.023357  0.023357  
25   T         81        0.023357  0.023357  
3    T         81        0.023357  0.023357  
---------------------------------
---------------------------------

12--10最大流值为：81
最可靠最大流分布概率为 ： 0.023357
状态划分算法消耗的内存为：4.96875
状态划分算法运行时间(ms) ： 84.4121
---------------------------------
流分布如下: 
---------------------------------
0   0   0   0   0   0   0   0   0   0   0   0   0   0   
0   0   0   0   0   0   0   0   0   0   0   0   0   0   
0   0   0   0   0   0   24  0   0   0   0   0   0   0   
0   0   0   0   0   0   0   0   0   19  0   0   0   0   
0   0   0   19  0   0   0   0   0   0   0   0   0   0   
0   0   0   0   0   0   0   0   0   0   0   0   0   0   
0   0   0   0   0   0   0   0   0   0   0   0   1   23  
0   0   0   0   0   0   0   0   0   1   0   0   0   0   
0   0   0   0   0   0   0   0   0   0   0   0   0   0   
0   0   0   0   0   0   0   0   0   0   0   0   0   0   
0   0   0   0   0   0   0   0   0   0   0   0   0   0   
0   0   24  0   19  0   0   0   0   38  0   0   0   0   
0   0   0   0   0   0   0   1   0   0   0   0   0   0   
0   0   0   0   0   0   0   0   0   23  0   0   0   0   
---------------------------------
关键边输出如下：
---------------------------------
22   T         43        0         0         
6    T         57        0         0         
14   T         58        0.0396284 0.0553475 
26   T         58        0.0396284 0.0638271 
11   T         62        0.0736843 0.0736843 
10   T         62        0.0736843 0.0943009 
19   T         66        0         0         
20   T         71        0         0         
13   T         80        0.0467281 0.0467281 
23   T         80        0.0467281 0.0467281 
15   T         80        0.0467281 0.0467281 
12   T         81        0.023357  0.023357  
4    T         81        0.023357  0.023357  
5    T         81        0.023357  0.023357  
1    T         81        0.023357  0.023357  
16   T         81        0.023357  0.023357  
17   T         81        0.023357  0.023357  
18   T         81        0.023357  0.023357  
7    T         81        0.023357  0.023357  
8    T         81        0.023357  0.023357  
21   T         81        0.023357  0.023357  
9    T         81        0.023357  0.023357  
2    T         81        0.023357  0.023357  
24   T         81        0.023357  0.023357  
25   T         81        0.023357  0.023357  
3    T         81        0.023357  0.023357  
---------------------------------
---------------------------------

12--10最大流值为：81
最可靠最大流分布概率为 ： 0.023357
状态划分算法消耗的内存为：4.99219
状态划分算法运行时间(ms) ： 82.6846
---------------------------------
流分布如下: 
---------------------------------
0   0   0   0   0   0   0   0   0   0   0   0   0   0   
0   0   0   0   0   0   0   0   0   0   0   0   0   0   
0   0   0   0   0   0   24  0   0   0   0   0   0   0   
0   0   0   0   0   0   0   0   0   19  0   0   0   0   
0   0   0   19  0   0   0   0   0   0   0   0   0   0   
0   0   0   0   0   0   0   0   0   0   0   0   0   0   
0   0   0   0   0   0   0   0   0   0   0   0   1   23  
0   0   0   0   0   0   0   0   0   1   0   0   0   0   
0   0   0   0   0   0   0   0   0   0   0   0   0   0   
0   0   0   0   0   0   0   0   0   0   0   0   0   0   
0   0   0   0   0   0   0   0   0   0   0   0   0   0   
0   0   24  0   19  0   0   0   0   38  0   0   0   0   
0   0   0   0   0   0   0   1   0   0   0   0   0   0   
0   0   0   0   0   0   0   0   0   23  0   0   0   0   
---------------------------------
关键边输出如下：
---------------------------------
22   T         43        0         0         
6    T         57        0         0         
14   T         58        0.0396284 0.0553475 
26   T         58        0.0396284 0.0638271 
11   T         62        0.0736843 0.0736843 
10   T         62        0.0736843 0.0943009 
19   T         66        0         0         
20   T         71        0         0         
13   T         80        0.0467281 0.0467281 
23   T         80        0.0467281 0.0467281 
15   T         80        0.0467281 0.0467281 
12   T         81        0.023357  0.023357  
4    T         81        0.023357  0.023357  
5    T         81        0.023357  0.023357  
1    T         81        0.023357  0.023357  
16   T         81        0.023357  0.023357  
17   T         81        0.023357  0.023357  
18   T         81        0.023357  0.023357  
7    T         81        0.023357  0.023357  
8    T         81        0.023357  0.023357  
21   T         81        0.023357  0.023357  
9    T         81        0.023357  0.023357  
2    T         81        0.023357  0.023357  
24   T         81        0.023357  0.023357  
25   T         81        0.023357  0.023357  
3    T         81        0.023357  0.023357  
---------------------------------
---------------------------------

12--10最大流值为：81
最可靠最大流分布概率为 ： 0.023357
状态划分算法消耗的内存为：4.97656
状态划分算法运行时间(ms) ： 82.2505
---------------------------------
流分布如下: 
---------------------------------
0   0   0   0   0   0   0   0   0   0   0   0   0   0   
0   0   0   0   0   0   0   0   0   0   0   0   0   0   
0   0   0   0   0   0   24  0   0   0   0   0   0   0   
0   0   0   0   0   0   0   0   0   19  0   0   0   0   
0   0   0   19  0   0   0   0   0   0   0   0   0   0   
0   0   0   0   0   0   0   0   0   0   0   0   0   0   
0   0   0   0   0   0   0   0   0   0   0   0   1   23  
0   0   0   0   0   0   0   0   0   1   0   0   0   0   
0   0   0   0   0   0   0   0   0   0   0   0   0   0   
0   0   0   0   0   0   0   0   0   0   0   0   0   0   
0   0   0   0   0   0   0   0   0   0   0   0   0   0   
0   0   24  0   19  0   0   0   0   38  0   0   0   0   
0   0   0   0   0   0   0   1   0   0   0   0   0   0   
0   0   0   0   0   0   0   0   0   23  0   0   0   0   
---------------------------------
关键边输出如下：
---------------------------------
22   T         43        0         0         
6    T         57        0         0         
14   T         58        0.0396284 0.0553475 
26   T         58        0.0396284 0.0638271 
11   T         62        0.0736843 0.0736843 
10   T         62        0.0736843 0.0943009 
19   T         66        0         0         
20   T         71        0         0         
13   T         80        0.0467281 0.0467281 
23   T         80        0.0467281 0.0467281 
15   T         80        0.0467281 0.0467281 
12   T         81        0.023357  0.023357  
4    T         81        0.023357  0.023357  
5    T         81        0.023357  0.023357  
1    T         81        0.023357  0.023357  
16   T         81        0.023357  0.023357  
17   T         81        0.023357  0.023357  
18   T         81        0.023357  0.023357  
7    T         81        0.023357  0.023357  
8    T         81        0.023357  0.023357  
21   T         81        0.023357  0.023357  
9    T         81        0.023357  0.023357  
2    T         81        0.023357  0.023357  
24   T         81        0.023357  0.023357  
25   T         81        0.023357  0.023357  
3    T         81        0.023357  0.023357  
---------------------------------
---------------------------------

12--10最大流值为：81
最可靠最大流分布概率为 ： 0.023357
状态划分算法消耗的内存为：4.97266
状态划分算法运行时间(ms) ： 82.444
---------------------------------
流分布如下: 
---------------------------------
0   0   0   0   0   0   0   0   0   0   0   0   0   0   
0   0   0   0   0   0   0   0   0   0   0   0   0   0   
0   0   0   0   0   0   24  0   0   0   0   0   0   0   
0   0   0   0   0   0   0   0   0   19  0   0   0   0   
0   0   0   19  0   0   0   0   0   0   0   0   0   0   
0   0   0   0   0   0   0   0   0   0   0   0   0   0   
0   0   0   0   0   0   0   0   0   0   0   0   1   23  
0   0   0   0   0   0   0   0   0   1   0   0   0   0   
0   0   0   0   0   0   0   0   0   0   0   0   0   0   
0   0   0   0   0   0   0   0   0   0   0   0   0   0   
0   0   0   0   0   0   0   0   0   0   0   0   0   0   
0   0   24  0   19  0   0   0   0   38  0   0   0   0   
0   0   0   0   0   0   0   1   0   0   0   0   0   0   
0   0   0   0   0   0   0   0   0   23  0   0   0   0   
---------------------------------
关键边输出如下：
---------------------------------
22   T         43        0         0         
6    T         57        0         0         
14   T         58        0.0396284 0.0553475 
26   T         58        0.0396284 0.0638271 
11   T         62        0.0736843 0.0736843 
10   T         62        0.0736843 0.0943009 
19   T         66        0         0         
20   T         71        0         0         
13   T         80        0.0467281 0.0467281 
23   T         80        0.0467281 0.0467281 
15   T         80        0.0467281 0.0467281 
12   T         81        0.023357  0.023357  
4    T         81        0.023357  0.023357  
5    T         81        0.023357  0.023357  
1    T         81        0.023357  0.023357  
16   T         81        0.023357  0.023357  
17   T         81        0.023357  0.023357  
18   T         81        0.023357  0.023357  
7    T         81        0.023357  0.023357  
8    T         81        0.023357  0.023357  
21   T         81        0.023357  0.023357  
9    T         81        0.023357  0.023357  
2    T         81        0.023357  0.023357  
24   T         81        0.023357  0.023357  
25   T         81        0.023357  0.023357  
3    T         81        0.023357  0.023357  
---------------------------------
---------------------------------

12--10最大流值为：81
最可靠最大流分布概率为 ： 0.023357
状态划分算法消耗的内存为：4.95313
状态划分算法运行时间(ms) ： 83.4353
---------------------------------
流分布如下: 
---------------------------------
0   0   0   0   0   0   0   0   0   0   0   0   0   0   
0   0   0   0   0   0   0   0   0   0   0   0   0   0   
0   0   0   0   0   0   24  0   0   0   0   0   0   0   
0   0   0   0   0   0   0   0   0   19  0   0   0   0   
0   0   0   19  0   0   0   0   0   0   0   0   0   0   
0   0   0   0   0   0   0   0   0   0   0   0   0   0   
0   0   0   0   0   0   0   0   0   0   0   0   1   23  
0   0   0   0   0   0   0   0   0   1   0   0   0   0   
0   0   0   0   0   0   0   0   0   0   0   0   0   0   
0   0   0   0   0   0   0   0   0   0   0   0   0   0   
0   0   0   0   0   0   0   0   0   0   0   0   0   0   
0   0   24  0   19  0   0   0   0   38  0   0   0   0   
0   0   0   0   0   0   0   1   0   0   0   0   0   0   
0   0   0   0   0   0   0   0   0   23  0   0   0   0   
---------------------------------
关键边输出如下：
---------------------------------
22   T         43        0         0         
6    T         57        0         0         
14   T         58        0.0396284 0.0553475 
26   T         58        0.0396284 0.0638271 
11   T         62        0.0736843 0.0736843 
10   T         62        0.0736843 0.0943009 
19   T         66        0         0         
20   T         71        0         0         
13   T         80        0.0467281 0.0467281 
23   T         80        0.0467281 0.0467281 
15   T         80        0.0467281 0.0467281 
12   T         81        0.023357  0.023357  
4    T         81        0.023357  0.023357  
5    T         81        0.023357  0.023357  
1    T         81        0.023357  0.023357  
16   T         81        0.023357  0.023357  
17   T         81        0.023357  0.023357  
18   T         81        0.023357  0.023357  
7    T         81        0.023357  0.023357  
8    T         81        0.023357  0.023357  
21   T         81        0.023357  0.023357  
9    T         81        0.023357  0.023357  
2    T         81        0.023357  0.023357  
24   T         81        0.023357  0.023357  
25   T         81        0.023357  0.023357  
3    T         81        0.023357  0.023357  
---------------------------------
---------------------------------

12--10最大流值为：81
最可靠最大流分布概率为 ： 0.023357
状态划分算法消耗的内存为：4.85547
状态划分算法运行时间(ms) ： 82.1654
---------------------------------
流分布如下: 
---------------------------------
0   0   0   0   0   0   0   0   0   0   0   0   0   0   
0   0   0   0   0   0   0   0   0   0   0   0   0   0   
0   0   0   0   0   0   24  0   0   0   0   0   0   0   
0   0   0   0   0   0   0   0   0   19  0   0   0   0   
0   0   0   19  0   0   0   0   0   0   0   0   0   0   
0   0   0   0   0   0   0   0   0   0   0   0   0   0   
0   0   0   0   0   0   0   0   0   0   0   0   1   23  
0   0   0   0   0   0   0   0   0   1   0   0   0   0   
0   0   0   0   0   0   0   0   0   0   0   0   0   0   
0   0   0   0   0   0   0   0   0   0   0   0   0   0   
0   0   0   0   0   0   0   0   0   0   0   0   0   0   
0   0   24  0   19  0   0   0   0   38  0   0   0   0   
0   0   0   0   0   0   0   1   0   0   0   0   0   0   
0   0   0   0   0   0   0   0   0   23  0   0   0   0   
---------------------------------
关键边输出如下：
---------------------------------
22   T         43        0         0         
6    T         57        0         0         
14   T         58        0.0396284 0.0553475 
26   T         58        0.0396284 0.0638271 
11   T         62        0.0736843 0.0736843 
10   T         62        0.0736843 0.0943009 
19   T         66        0         0         
20   T         71        0         0         
13   T         80        0.0467281 0.0467281 
23   T         80        0.0467281 0.0467281 
15   T         80        0.0467281 0.0467281 
12   T         81        0.023357  0.023357  
4    T         81        0.023357  0.023357  
5    T         81        0.023357  0.023357  
1    T         81        0.023357  0.023357  
16   T         81        0.023357  0.023357  
17   T         81        0.023357  0.023357  
18   T         81        0.023357  0.023357  
7    T         81        0.023357  0.023357  
8    T         81        0.023357  0.023357  
21   T         81        0.023357  0.023357  
9    T         81        0.023357  0.023357  
2    T         81        0.023357  0.023357  
24   T         81        0.023357  0.023357  
25   T         81        0.023357  0.023357  
3    T         81        0.023357  0.023357  
---------------------------------
---------------------------------

12--10最大流值为：81
最可靠最大流分布概率为 ： 0.023357
状态划分算法消耗的内存为：4.84766
状态划分算法运行时间(ms) ： 82.9753
---------------------------------
流分布如下: 
---------------------------------
0   0   0   0   0   0   0   0   0   0   0   0   0   0   
0   0   0   0   0   0   0   0   0   0   0   0   0   0   
0   0   0   0   0   0   24  0   0   0   0   0   0   0   
0   0   0   0   0   0   0   0   0   19  0   0   0   0   
0   0   0   19  0   0   0   0   0   0   0   0   0   0   
0   0   0   0   0   0   0   0   0   0   0   0   0   0   
0   0   0   0   0   0   0   0   0   0   0   0   1   23  
0   0   0   0   0   0   0   0   0   1   0   0   0   0   
0   0   0   0   0   0   0   0   0   0   0   0   0   0   
0   0   0   0   0   0   0   0   0   0   0   0   0   0   
0   0   0   0   0   0   0   0   0   0   0   0   0   0   
0   0   24  0   19  0   0   0   0   38  0   0   0   0   
0   0   0   0   0   0   0   1   0   0   0   0   0   0   
0   0   0   0   0   0   0   0   0   23  0   0   0   0   
---------------------------------
关键边输出如下：
---------------------------------
22   T         43        0         0         
6    T         57        0         0         
14   T         58        0.0396284 0.0553475 
26   T         58        0.0396284 0.0638271 
11   T         62        0.0736843 0.0736843 
10   T         62        0.0736843 0.0943009 
19   T         66        0         0         
20   T         71        0         0         
13   T         80        0.0467281 0.0467281 
23   T         80        0.0467281 0.0467281 
15   T         80        0.0467281 0.0467281 
12   T         81        0.023357  0.023357  
4    T         81        0.023357  0.023357  
5    T         81        0.023357  0.023357  
1    T         81        0.023357  0.023357  
16   T         81        0.023357  0.023357  
17   T         81        0.023357  0.023357  
18   T         81        0.023357  0.023357  
7    T         81        0.023357  0.023357  
8    T         81        0.023357  0.023357  
21   T         81        0.023357  0.023357  
9    T         81        0.023357  0.023357  
2    T         81        0.023357  0.023357  
24   T         81        0.023357  0.023357  
25   T         81        0.023357  0.023357  
3    T         81        0.023357  0.023357  
---------------------------------
---------------------------------

12--10最大流值为：81
最可靠最大流分布概率为 ： 0.023357
状态划分算法消耗的内存为：4.88281
状态划分算法运行时间(ms) ： 82.8289
---------------------------------
流分布如下: 
---------------------------------
0   0   0   0   0   0   0   0   0   0   0   0   0   0   
0   0   0   0   0   0   0   0   0   0   0   0   0   0   
0   0   0   0   0   0   24  0   0   0   0   0   0   0   
0   0   0   0   0   0   0   0   0   19  0   0   0   0   
0   0   0   19  0   0   0   0   0   0   0   0   0   0   
0   0   0   0   0   0   0   0   0   0   0   0   0   0   
0   0   0   0   0   0   0   0   0   0   0   0   1   23  
0   0   0   0   0   0   0   0   0   1   0   0   0   0   
0   0   0   0   0   0   0   0   0   0   0   0   0   0   
0   0   0   0   0   0   0   0   0   0   0   0   0   0   
0   0   0   0   0   0   0   0   0   0   0   0   0   0   
0   0   24  0   19  0   0   0   0   38  0   0   0   0   
0   0   0   0   0   0   0   1   0   0   0   0   0   0   
0   0   0   0   0   0   0   0   0   23  0   0   0   0   
---------------------------------
关键边输出如下：
---------------------------------
22   T         43        0         0         
6    T         57        0         0         
14   T         58        0.0396284 0.0553475 
26   T         58        0.0396284 0.0638271 
11   T         62        0.0736843 0.0736843 
10   T         62        0.0736843 0.0943009 
19   T         66        0         0         
20   T         71        0         0         
13   T         80        0.0467281 0.0467281 
23   T         80        0.0467281 0.0467281 
15   T         80        0.0467281 0.0467281 
12   T         81        0.023357  0.023357  
4    T         81        0.023357  0.023357  
5    T         81        0.023357  0.023357  
1    T         81        0.023357  0.023357  
16   T         81        0.023357  0.023357  
17   T         81        0.023357  0.023357  
18   T         81        0.023357  0.023357  
7    T         81        0.023357  0.023357  
8    T         81        0.023357  0.023357  
21   T         81        0.023357  0.023357  
9    T         81        0.023357  0.023357  
2    T         81        0.023357  0.023357  
24   T         81        0.023357  0.023357  
25   T         81        0.023357  0.023357  
3    T         81        0.023357  0.023357  
---------------------------------
---------------------------------

