7--3最大流值为：32
最可靠最大流分布概率为 ： 0.0355738
状态划分算法消耗的内存为：4.96875
状态划分算法运行时间(ms) ： 197.884
---------------------------------
流分布如下: 
---------------------------------
0   0   0   0   0   0   0   0   0   0   0   0   0   0   
0   0   0   0   0   0   0   0   9   0   0   0   0   0   
0   0   0   0   0   0   0   0   0   0   0   0   0   0   
0   0   0   0   0   0   0   0   0   0   0   0   0   0   
0   0   0   0   0   0   0   0   0   0   0   0   0   0   
0   0   0   0   0   0   0   0   0   0   0   0   0   0   
0   0   0   0   0   0   0   0   0   0   4   0   19  9   
0   0   0   0   0   0   0   0   0   0   0   0   0   0   
0   0   9   0   0   0   0   0   0   0   0   0   0   0   
0   0   0   0   0   0   0   0   0   0   0   0   0   0   
0   0   4   0   0   0   0   0   0   0   0   0   0   0   
0   0   19  0   0   0   0   0   0   0   0   0   0   0   
0   0   0   0   0   0   0   0   0   0   0   19  0   0   
0   9   0   0   0   0   0   0   0   0   0   0   0   0   
---------------------------------
关键边输出如下：
---------------------------------
13   T         13        0.134388  0.259978  
24   T         13        0.134388  0.259978  
19   T         13        0.134388  0.330378  
14   T         23        0.143942  0.143942  
16   T         23        0.143942  0.16661   
18   T         28        0         0         
25   T         32        0.0293028 0.0402621 
4    T         32        0.0310144 0.0400472 
12   T         32        0.0310144 0.0413117 
11   T         32        0.0355738 0.0424984 
3    T         32        0.0355738 0.0424984 
9    T         32        0.0355738 0.0490631 
7    T         32        0.0355738 0.0583927 
2    T         32        0.0355738 0.0583927 
17   T         32        0.0355738 0.0593044 
26   T         32        0.0355738 0.0593044 
10   T         32        0.0355738 0.0688187 
8    T         32        0.0355738 0.0688187 
5    T         32        0.0355738 0.0688187 
20   T         32        0.0355738 0.0688187 
21   T         32        0.0355738 0.0688187 
22   T         32        0.0355738 0.0688187 
23   T         32        0.0355738 0.0688187 
6    T         32        0.0355738 0.0688187 
15   T         32        0.0355738 0.0688187 
1    T         32        0.0355738 0.0688187 
---------------------------------
---------------------------------

7--3最大流值为：32
最可靠最大流分布概率为 ： 0.0355738
状态划分算法消耗的内存为：4.98828
状态划分算法运行时间(ms) ： 198.778
---------------------------------
流分布如下: 
---------------------------------
0   0   0   0   0   0   0   0   0   0   0   0   0   0   
0   0   0   0   0   0   0   0   9   0   0   0   0   0   
0   0   0   0   0   0   0   0   0   0   0   0   0   0   
0   0   0   0   0   0   0   0   0   0   0   0   0   0   
0   0   0   0   0   0   0   0   0   0   0   0   0   0   
0   0   0   0   0   0   0   0   0   0   0   0   0   0   
0   0   0   0   0   0   0   0   0   0   4   0   19  9   
0   0   0   0   0   0   0   0   0   0   0   0   0   0   
0   0   9   0   0   0   0   0   0   0   0   0   0   0   
0   0   0   0   0   0   0   0   0   0   0   0   0   0   
0   0   4   0   0   0   0   0   0   0   0   0   0   0   
0   0   19  0   0   0   0   0   0   0   0   0   0   0   
0   0   0   0   0   0   0   0   0   0   0   19  0   0   
0   9   0   0   0   0   0   0   0   0   0   0   0   0   
---------------------------------
关键边输出如下：
---------------------------------
13   T         13        0.134388  0.259978  
24   T         13        0.134388  0.259978  
19   T         13        0.134388  0.330378  
14   T         23        0.143942  0.143942  
16   T         23        0.143942  0.16661   
18   T         28        0         0         
25   T         32        0.0293028 0.0402621 
4    T         32        0.0310144 0.0400472 
12   T         32        0.0310144 0.0413117 
11   T         32        0.0355738 0.0424984 
3    T         32        0.0355738 0.0424984 
9    T         32        0.0355738 0.0490631 
7    T         32        0.0355738 0.0583927 
2    T         32        0.0355738 0.0583927 
17   T         32        0.0355738 0.0593044 
26   T         32        0.0355738 0.0593044 
10   T         32        0.0355738 0.0688187 
8    T         32        0.0355738 0.0688187 
5    T         32        0.0355738 0.0688187 
20   T         32        0.0355738 0.0688187 
21   T         32        0.0355738 0.0688187 
22   T         32        0.0355738 0.0688187 
23   T         32        0.0355738 0.0688187 
6    T         32        0.0355738 0.0688187 
15   T         32        0.0355738 0.0688187 
1    T         32        0.0355738 0.0688187 
---------------------------------
---------------------------------

7--3最大流值为：32
最可靠最大流分布概率为 ： 0.0355738
状态划分算法消耗的内存为：4.88281
状态划分算法运行时间(ms) ： 198.073
---------------------------------
流分布如下: 
---------------------------------
0   0   0   0   0   0   0   0   0   0   0   0   0   0   
0   0   0   0   0   0   0   0   9   0   0   0   0   0   
0   0   0   0   0   0   0   0   0   0   0   0   0   0   
0   0   0   0   0   0   0   0   0   0   0   0   0   0   
0   0   0   0   0   0   0   0   0   0   0   0   0   0   
0   0   0   0   0   0   0   0   0   0   0   0   0   0   
0   0   0   0   0   0   0   0   0   0   4   0   19  9   
0   0   0   0   0   0   0   0   0   0   0   0   0   0   
0   0   9   0   0   0   0   0   0   0   0   0   0   0   
0   0   0   0   0   0   0   0   0   0   0   0   0   0   
0   0   4   0   0   0   0   0   0   0   0   0   0   0   
0   0   19  0   0   0   0   0   0   0   0   0   0   0   
0   0   0   0   0   0   0   0   0   0   0   19  0   0   
0   9   0   0   0   0   0   0   0   0   0   0   0   0   
---------------------------------
关键边输出如下：
---------------------------------
13   T         13        0.134388  0.259978  
24   T         13        0.134388  0.259978  
19   T         13        0.134388  0.330378  
14   T         23        0.143942  0.143942  
16   T         23        0.143942  0.16661   
18   T         28        0         0         
25   T         32        0.0293028 0.0402621 
4    T         32        0.0310144 0.0400472 
12   T         32        0.0310144 0.0413117 
11   T         32        0.0355738 0.0424984 
3    T         32        0.0355738 0.0424984 
9    T         32        0.0355738 0.0490631 
7    T         32        0.0355738 0.0583927 
2    T         32        0.0355738 0.0583927 
17   T         32        0.0355738 0.0593044 
26   T         32        0.0355738 0.0593044 
10   T         32        0.0355738 0.0688187 
8    T         32        0.0355738 0.0688187 
5    T         32        0.0355738 0.0688187 
20   T         32        0.0355738 0.0688187 
21   T         32        0.0355738 0.0688187 
22   T         32        0.0355738 0.0688187 
23   T         32        0.0355738 0.0688187 
6    T         32        0.0355738 0.0688187 
15   T         32        0.0355738 0.0688187 
1    T         32        0.0355738 0.0688187 
---------------------------------
---------------------------------

7--3最大流值为：32
最可靠最大流分布概率为 ： 0.0355738
状态划分算法消耗的内存为：4.98047
状态划分算法运行时间(ms) ： 197.266
---------------------------------
流分布如下: 
---------------------------------
0   0   0   0   0   0   0   0   0   0   0   0   0   0   
0   0   0   0   0   0   0   0   9   0   0   0   0   0   
0   0   0   0   0   0   0   0   0   0   0   0   0   0   
0   0   0   0   0   0   0   0   0   0   0   0   0   0   
0   0   0   0   0   0   0   0   0   0   0   0   0   0   
0   0   0   0   0   0   0   0   0   0   0   0   0   0   
0   0   0   0   0   0   0   0   0   0   4   0   19  9   
0   0   0   0   0   0   0   0   0   0   0   0   0   0   
0   0   9   0   0   0   0   0   0   0   0   0   0   0   
0   0   0   0   0   0   0   0   0   0   0   0   0   0   
0   0   4   0   0   0   0   0   0   0   0   0   0   0   
0   0   19  0   0   0   0   0   0   0   0   0   0   0   
0   0   0   0   0   0   0   0   0   0   0   19  0   0   
0   9   0   0   0   0   0   0   0   0   0   0   0   0   
---------------------------------
关键边输出如下：
---------------------------------
13   T         13        0.134388  0.259978  
24   T         13        0.134388  0.259978  
19   T         13        0.134388  0.330378  
14   T         23        0.143942  0.143942  
16   T         23        0.143942  0.16661   
18   T         28        0         0         
25   T         32        0.0293028 0.0402621 
4    T         32        0.0310144 0.0400472 
12   T         32        0.0310144 0.0413117 
11   T         32        0.0355738 0.0424984 
3    T         32        0.0355738 0.0424984 
9    T         32        0.0355738 0.0490631 
7    T         32        0.0355738 0.0583927 
2    T         32        0.0355738 0.0583927 
17   T         32        0.0355738 0.0593044 
26   T         32        0.0355738 0.0593044 
10   T         32        0.0355738 0.0688187 
8    T         32        0.0355738 0.0688187 
5    T         32        0.0355738 0.0688187 
20   T         32        0.0355738 0.0688187 
21   T         32        0.0355738 0.0688187 
22   T         32        0.0355738 0.0688187 
23   T         32        0.0355738 0.0688187 
6    T         32        0.0355738 0.0688187 
15   T         32        0.0355738 0.0688187 
1    T         32        0.0355738 0.0688187 
---------------------------------
---------------------------------

7--3最大流值为：32
最可靠最大流分布概率为 ： 0.0355738
状态划分算法消耗的内存为：4.97266
状态划分算法运行时间(ms) ： 199.218
---------------------------------
流分布如下: 
---------------------------------
0   0   0   0   0   0   0   0   0   0   0   0   0   0   
0   0   0   0   0   0   0   0   9   0   0   0   0   0   
0   0   0   0   0   0   0   0   0   0   0   0   0   0   
0   0   0   0   0   0   0   0   0   0   0   0   0   0   
0   0   0   0   0   0   0   0   0   0   0   0   0   0   
0   0   0   0   0   0   0   0   0   0   0   0   0   0   
0   0   0   0   0   0   0   0   0   0   4   0   19  9   
0   0   0   0   0   0   0   0   0   0   0   0   0   0   
0   0   9   0   0   0   0   0   0   0   0   0   0   0   
0   0   0   0   0   0   0   0   0   0   0   0   0   0   
0   0   4   0   0   0   0   0   0   0   0   0   0   0   
0   0   19  0   0   0   0   0   0   0   0   0   0   0   
0   0   0   0   0   0   0   0   0   0   0   19  0   0   
0   9   0   0   0   0   0   0   0   0   0   0   0   0   
---------------------------------
关键边输出如下：
---------------------------------
13   T         13        0.134388  0.259978  
24   T         13        0.134388  0.259978  
19   T         13        0.134388  0.330378  
14   T         23        0.143942  0.143942  
16   T         23        0.143942  0.16661   
18   T         28        0         0         
25   T         32        0.0293028 0.0402621 
4    T         32        0.0310144 0.0400472 
12   T         32        0.0310144 0.0413117 
11   T         32        0.0355738 0.0424984 
3    T         32        0.0355738 0.0424984 
9    T         32        0.0355738 0.0490631 
7    T         32        0.0355738 0.0583927 
2    T         32        0.0355738 0.0583927 
17   T         32        0.0355738 0.0593044 
26   T         32        0.0355738 0.0593044 
10   T         32        0.0355738 0.0688187 
8    T         32        0.0355738 0.0688187 
5    T         32        0.0355738 0.0688187 
20   T         32        0.0355738 0.0688187 
21   T         32        0.0355738 0.0688187 
22   T         32        0.0355738 0.0688187 
23   T         32        0.0355738 0.0688187 
6    T         32        0.0355738 0.0688187 
15   T         32        0.0355738 0.0688187 
1    T         32        0.0355738 0.0688187 
---------------------------------
---------------------------------

7--3最大流值为：32
最可靠最大流分布概率为 ： 0.0355738
状态划分算法消耗的内存为：4.97656
状态划分算法运行时间(ms) ： 196.999
---------------------------------
流分布如下: 
---------------------------------
0   0   0   0   0   0   0   0   0   0   0   0   0   0   
0   0   0   0   0   0   0   0   9   0   0   0   0   0   
0   0   0   0   0   0   0   0   0   0   0   0   0   0   
0   0   0   0   0   0   0   0   0   0   0   0   0   0   
0   0   0   0   0   0   0   0   0   0   0   0   0   0   
0   0   0   0   0   0   0   0   0   0   0   0   0   0   
0   0   0   0   0   0   0   0   0   0   4   0   19  9   
0   0   0   0   0   0   0   0   0   0   0   0   0   0   
0   0   9   0   0   0   0   0   0   0   0   0   0   0   
0   0   0   0   0   0   0   0   0   0   0   0   0   0   
0   0   4   0   0   0   0   0   0   0   0   0   0   0   
0   0   19  0   0   0   0   0   0   0   0   0   0   0   
0   0   0   0   0   0   0   0   0   0   0   19  0   0   
0   9   0   0   0   0   0   0   0   0   0   0   0   0   
---------------------------------
关键边输出如下：
---------------------------------
13   T         13        0.134388  0.259978  
24   T         13        0.134388  0.259978  
19   T         13        0.134388  0.330378  
14   T         23        0.143942  0.143942  
16   T         23        0.143942  0.16661   
18   T         28        0         0         
25   T         32        0.0293028 0.0402621 
4    T         32        0.0310144 0.0400472 
12   T         32        0.0310144 0.0413117 
11   T         32        0.0355738 0.0424984 
3    T         32        0.0355738 0.0424984 
9    T         32        0.0355738 0.0490631 
7    T         32        0.0355738 0.0583927 
2    T         32        0.0355738 0.0583927 
17   T         32        0.0355738 0.0593044 
26   T         32        0.0355738 0.0593044 
10   T         32        0.0355738 0.0688187 
8    T         32        0.0355738 0.0688187 
5    T         32        0.0355738 0.0688187 
20   T         32        0.0355738 0.0688187 
21   T         32        0.0355738 0.0688187 
22   T         32        0.0355738 0.0688187 
23   T         32        0.0355738 0.0688187 
6    T         32        0.0355738 0.0688187 
15   T         32        0.0355738 0.0688187 
1    T         32        0.0355738 0.0688187 
---------------------------------
---------------------------------

7--3最大流值为：32
最可靠最大流分布概率为 ： 0.0355738
状态划分算法消耗的内存为：4.97266
状态划分算法运行时间(ms) ： 198.624
---------------------------------
流分布如下: 
---------------------------------
0   0   0   0   0   0   0   0   0   0   0   0   0   0   
0   0   0   0   0   0   0   0   9   0   0   0   0   0   
0   0   0   0   0   0   0   0   0   0   0   0   0   0   
0   0   0   0   0   0   0   0   0   0   0   0   0   0   
0   0   0   0   0   0   0   0   0   0   0   0   0   0   
0   0   0   0   0   0   0   0   0   0   0   0   0   0   
0   0   0   0   0   0   0   0   0   0   4   0   19  9   
0   0   0   0   0   0   0   0   0   0   0   0   0   0   
0   0   9   0   0   0   0   0   0   0   0   0   0   0   
0   0   0   0   0   0   0   0   0   0   0   0   0   0   
0   0   4   0   0   0   0   0   0   0   0   0   0   0   
0   0   19  0   0   0   0   0   0   0   0   0   0   0   
0   0   0   0   0   0   0   0   0   0   0   19  0   0   
0   9   0   0   0   0   0   0   0   0   0   0   0   0   
---------------------------------
关键边输出如下：
---------------------------------
13   T         13        0.134388  0.259978  
24   T         13        0.134388  0.259978  
19   T         13        0.134388  0.330378  
14   T         23        0.143942  0.143942  
16   T         23        0.143942  0.16661   
18   T         28        0         0         
25   T         32        0.0293028 0.0402621 
4    T         32        0.0310144 0.0400472 
12   T         32        0.0310144 0.0413117 
11   T         32        0.0355738 0.0424984 
3    T         32        0.0355738 0.0424984 
9    T         32        0.0355738 0.0490631 
7    T         32        0.0355738 0.0583927 
2    T         32        0.0355738 0.0583927 
17   T         32        0.0355738 0.0593044 
26   T         32        0.0355738 0.0593044 
10   T         32        0.0355738 0.0688187 
8    T         32        0.0355738 0.0688187 
5    T         32        0.0355738 0.0688187 
20   T         32        0.0355738 0.0688187 
21   T         32        0.0355738 0.0688187 
22   T         32        0.0355738 0.0688187 
23   T         32        0.0355738 0.0688187 
6    T         32        0.0355738 0.0688187 
15   T         32        0.0355738 0.0688187 
1    T         32        0.0355738 0.0688187 
---------------------------------
---------------------------------

7--3最大流值为：32
最可靠最大流分布概率为 ： 0.0355738
状态划分算法消耗的内存为：4.98438
状态划分算法运行时间(ms) ： 199.6
---------------------------------
流分布如下: 
---------------------------------
0   0   0   0   0   0   0   0   0   0   0   0   0   0   
0   0   0   0   0   0   0   0   9   0   0   0   0   0   
0   0   0   0   0   0   0   0   0   0   0   0   0   0   
0   0   0   0   0   0   0   0   0   0   0   0   0   0   
0   0   0   0   0   0   0   0   0   0   0   0   0   0   
0   0   0   0   0   0   0   0   0   0   0   0   0   0   
0   0   0   0   0   0   0   0   0   0   4   0   19  9   
0   0   0   0   0   0   0   0   0   0   0   0   0   0   
0   0   9   0   0   0   0   0   0   0   0   0   0   0   
0   0   0   0   0   0   0   0   0   0   0   0   0   0   
0   0   4   0   0   0   0   0   0   0   0   0   0   0   
0   0   19  0   0   0   0   0   0   0   0   0   0   0   
0   0   0   0   0   0   0   0   0   0   0   19  0   0   
0   9   0   0   0   0   0   0   0   0   0   0   0   0   
---------------------------------
关键边输出如下：
---------------------------------
13   T         13        0.134388  0.259978  
24   T         13        0.134388  0.259978  
19   T         13        0.134388  0.330378  
14   T         23        0.143942  0.143942  
16   T         23        0.143942  0.16661   
18   T         28        0         0         
25   T         32        0.0293028 0.0402621 
4    T         32        0.0310144 0.0400472 
12   T         32        0.0310144 0.0413117 
11   T         32        0.0355738 0.0424984 
3    T         32        0.0355738 0.0424984 
9    T         32        0.0355738 0.0490631 
7    T         32        0.0355738 0.0583927 
2    T         32        0.0355738 0.0583927 
17   T         32        0.0355738 0.0593044 
26   T         32        0.0355738 0.0593044 
10   T         32        0.0355738 0.0688187 
8    T         32        0.0355738 0.0688187 
5    T         32        0.0355738 0.0688187 
20   T         32        0.0355738 0.0688187 
21   T         32        0.0355738 0.0688187 
22   T         32        0.0355738 0.0688187 
23   T         32        0.0355738 0.0688187 
6    T         32        0.0355738 0.0688187 
15   T         32        0.0355738 0.0688187 
1    T         32        0.0355738 0.0688187 
---------------------------------
---------------------------------

7--3最大流值为：32
最可靠最大流分布概率为 ： 0.0355738
状态划分算法消耗的内存为：4.88281
状态划分算法运行时间(ms) ： 195.81
---------------------------------
流分布如下: 
---------------------------------
0   0   0   0   0   0   0   0   0   0   0   0   0   0   
0   0   0   0   0   0   0   0   9   0   0   0   0   0   
0   0   0   0   0   0   0   0   0   0   0   0   0   0   
0   0   0   0   0   0   0   0   0   0   0   0   0   0   
0   0   0   0   0   0   0   0   0   0   0   0   0   0   
0   0   0   0   0   0   0   0   0   0   0   0   0   0   
0   0   0   0   0   0   0   0   0   0   4   0   19  9   
0   0   0   0   0   0   0   0   0   0   0   0   0   0   
0   0   9   0   0   0   0   0   0   0   0   0   0   0   
0   0   0   0   0   0   0   0   0   0   0   0   0   0   
0   0   4   0   0   0   0   0   0   0   0   0   0   0   
0   0   19  0   0   0   0   0   0   0   0   0   0   0   
0   0   0   0   0   0   0   0   0   0   0   19  0   0   
0   9   0   0   0   0   0   0   0   0   0   0   0   0   
---------------------------------
关键边输出如下：
---------------------------------
13   T         13        0.134388  0.259978  
24   T         13        0.134388  0.259978  
19   T         13        0.134388  0.330378  
14   T         23        0.143942  0.143942  
16   T         23        0.143942  0.16661   
18   T         28        0         0         
25   T         32        0.0293028 0.0402621 
4    T         32        0.0310144 0.0400472 
12   T         32        0.0310144 0.0413117 
11   T         32        0.0355738 0.0424984 
3    T         32        0.0355738 0.0424984 
9    T         32        0.0355738 0.0490631 
7    T         32        0.0355738 0.0583927 
2    T         32        0.0355738 0.0583927 
17   T         32        0.0355738 0.0593044 
26   T         32        0.0355738 0.0593044 
10   T         32        0.0355738 0.0688187 
8    T         32        0.0355738 0.0688187 
5    T         32        0.0355738 0.0688187 
20   T         32        0.0355738 0.0688187 
21   T         32        0.0355738 0.0688187 
22   T         32        0.0355738 0.0688187 
23   T         32        0.0355738 0.0688187 
6    T         32        0.0355738 0.0688187 
15   T         32        0.0355738 0.0688187 
1    T         32        0.0355738 0.0688187 
---------------------------------
---------------------------------

7--3最大流值为：32
最可靠最大流分布概率为 ： 0.0355738
状态划分算法消耗的内存为：4.89453
状态划分算法运行时间(ms) ： 197.638
---------------------------------
流分布如下: 
---------------------------------
0   0   0   0   0   0   0   0   0   0   0   0   0   0   
0   0   0   0   0   0   0   0   9   0   0   0   0   0   
0   0   0   0   0   0   0   0   0   0   0   0   0   0   
0   0   0   0   0   0   0   0   0   0   0   0   0   0   
0   0   0   0   0   0   0   0   0   0   0   0   0   0   
0   0   0   0   0   0   0   0   0   0   0   0   0   0   
0   0   0   0   0   0   0   0   0   0   4   0   19  9   
0   0   0   0   0   0   0   0   0   0   0   0   0   0   
0   0   9   0   0   0   0   0   0   0   0   0   0   0   
0   0   0   0   0   0   0   0   0   0   0   0   0   0   
0   0   4   0   0   0   0   0   0   0   0   0   0   0   
0   0   19  0   0   0   0   0   0   0   0   0   0   0   
0   0   0   0   0   0   0   0   0   0   0   19  0   0   
0   9   0   0   0   0   0   0   0   0   0   0   0   0   
---------------------------------
关键边输出如下：
---------------------------------
13   T         13        0.134388  0.259978  
24   T         13        0.134388  0.259978  
19   T         13        0.134388  0.330378  
14   T         23        0.143942  0.143942  
16   T         23        0.143942  0.16661   
18   T         28        0         0         
25   T         32        0.0293028 0.0402621 
4    T         32        0.0310144 0.0400472 
12   T         32        0.0310144 0.0413117 
11   T         32        0.0355738 0.0424984 
3    T         32        0.0355738 0.0424984 
9    T         32        0.0355738 0.0490631 
7    T         32        0.0355738 0.0583927 
2    T         32        0.0355738 0.0583927 
17   T         32        0.0355738 0.0593044 
26   T         32        0.0355738 0.0593044 
10   T         32        0.0355738 0.0688187 
8    T         32        0.0355738 0.0688187 
5    T         32        0.0355738 0.0688187 
20   T         32        0.0355738 0.0688187 
21   T         32        0.0355738 0.0688187 
22   T         32        0.0355738 0.0688187 
23   T         32        0.0355738 0.0688187 
6    T         32        0.0355738 0.0688187 
15   T         32        0.0355738 0.0688187 
1    T         32        0.0355738 0.0688187 
---------------------------------
---------------------------------

