7--8最大流值为：38
最可靠最大流分布概率为 ： 0.107265
状态划分算法消耗的内存为：4.97656
状态划分算法运行时间(ms) ： 118.523
---------------------------------
流分布如下: 
---------------------------------
0   0   0   0   0   0   0   0   0   0   0   0   0   0   
0   0   0   0   19  0   0   0   0   0   0   0   0   0   
0   0   0   0   0   0   0   0   0   0   0   0   0   0   
0   0   0   0   0   0   0   19  0   0   0   0   0   0   
0   0   0   19  0   0   0   0   0   0   0   0   0   0   
0   0   0   0   0   0   0   0   0   0   0   0   0   0   
0   0   0   0   0   0   0   0   0   0   0   0   19  19  
0   0   0   0   0   0   0   0   0   0   0   0   0   0   
0   0   0   0   0   0   0   0   0   0   0   0   0   0   
0   1   0   0   0   0   0   0   0   0   0   0   0   0   
0   0   0   0   0   0   0   0   0   0   0   0   0   0   
0   0   0   0   0   0   0   0   0   0   0   0   0   0   
0   0   0   0   0   0   0   19  0   0   0   0   0   0   
0   18  0   0   0   0   0   0   0   1   0   0   0   0   
---------------------------------
关键边输出如下：
---------------------------------
13   T         19        0.158286  0.188374  
23   T         19        0.158286  0.274875  
11   T         19        0.677668  0.677668  
14   T         23        0         0         
3    T         26        0         0         
8    T         29        0         0         
25   T         34        0         0         
17   T         38        0.0549686 0.0549686 
26   T         38        0.0549686 0.0549686 
12   T         38        0.107265  0.107265  
5    T         38        0.107265  0.107265  
18   T         38        0.107265  0.107265  
4    T         38        0.107265  0.127655  
1    T         38        0.107265  0.127655  
15   T         38        0.107265  0.127655  
16   T         38        0.107265  0.127655  
2    T         38        0.107265  0.127655  
10   T         38        0.107265  0.127655  
19   T         38        0.107265  0.127655  
20   T         38        0.107265  0.127655  
21   T         38        0.107265  0.127655  
22   T         38        0.107265  0.127655  
6    T         38        0.107265  0.127655  
24   T         38        0.107265  0.127655  
7    T         38        0.107265  0.127655  
9    T         38        0.107265  0.127655  
---------------------------------
---------------------------------

7--8最大流值为：38
最可靠最大流分布概率为 ： 0.107265
状态划分算法消耗的内存为：4.98828
状态划分算法运行时间(ms) ： 118.415
---------------------------------
流分布如下: 
---------------------------------
0   0   0   0   0   0   0   0   0   0   0   0   0   0   
0   0   0   0   19  0   0   0   0   0   0   0   0   0   
0   0   0   0   0   0   0   0   0   0   0   0   0   0   
0   0   0   0   0   0   0   19  0   0   0   0   0   0   
0   0   0   19  0   0   0   0   0   0   0   0   0   0   
0   0   0   0   0   0   0   0   0   0   0   0   0   0   
0   0   0   0   0   0   0   0   0   0   0   0   19  19  
0   0   0   0   0   0   0   0   0   0   0   0   0   0   
0   0   0   0   0   0   0   0   0   0   0   0   0   0   
0   1   0   0   0   0   0   0   0   0   0   0   0   0   
0   0   0   0   0   0   0   0   0   0   0   0   0   0   
0   0   0   0   0   0   0   0   0   0   0   0   0   0   
0   0   0   0   0   0   0   19  0   0   0   0   0   0   
0   18  0   0   0   0   0   0   0   1   0   0   0   0   
---------------------------------
关键边输出如下：
---------------------------------
13   T         19        0.158286  0.188374  
23   T         19        0.158286  0.274875  
11   T         19        0.677668  0.677668  
14   T         23        0         0         
3    T         26        0         0         
8    T         29        0         0         
25   T         34        0         0         
17   T         38        0.0549686 0.0549686 
26   T         38        0.0549686 0.0549686 
12   T         38        0.107265  0.107265  
5    T         38        0.107265  0.107265  
18   T         38        0.107265  0.107265  
4    T         38        0.107265  0.127655  
1    T         38        0.107265  0.127655  
15   T         38        0.107265  0.127655  
16   T         38        0.107265  0.127655  
2    T         38        0.107265  0.127655  
10   T         38        0.107265  0.127655  
19   T         38        0.107265  0.127655  
20   T         38        0.107265  0.127655  
21   T         38        0.107265  0.127655  
22   T         38        0.107265  0.127655  
6    T         38        0.107265  0.127655  
24   T         38        0.107265  0.127655  
7    T         38        0.107265  0.127655  
9    T         38        0.107265  0.127655  
---------------------------------
---------------------------------

7--8最大流值为：38
最可靠最大流分布概率为 ： 0.107265
状态划分算法消耗的内存为：4.89453
状态划分算法运行时间(ms) ： 119.535
---------------------------------
流分布如下: 
---------------------------------
0   0   0   0   0   0   0   0   0   0   0   0   0   0   
0   0   0   0   19  0   0   0   0   0   0   0   0   0   
0   0   0   0   0   0   0   0   0   0   0   0   0   0   
0   0   0   0   0   0   0   19  0   0   0   0   0   0   
0   0   0   19  0   0   0   0   0   0   0   0   0   0   
0   0   0   0   0   0   0   0   0   0   0   0   0   0   
0   0   0   0   0   0   0   0   0   0   0   0   19  19  
0   0   0   0   0   0   0   0   0   0   0   0   0   0   
0   0   0   0   0   0   0   0   0   0   0   0   0   0   
0   1   0   0   0   0   0   0   0   0   0   0   0   0   
0   0   0   0   0   0   0   0   0   0   0   0   0   0   
0   0   0   0   0   0   0   0   0   0   0   0   0   0   
0   0   0   0   0   0   0   19  0   0   0   0   0   0   
0   18  0   0   0   0   0   0   0   1   0   0   0   0   
---------------------------------
关键边输出如下：
---------------------------------
13   T         19        0.158286  0.188374  
23   T         19        0.158286  0.274875  
11   T         19        0.677668  0.677668  
14   T         23        0         0         
3    T         26        0         0         
8    T         29        0         0         
25   T         34        0         0         
17   T         38        0.0549686 0.0549686 
26   T         38        0.0549686 0.0549686 
12   T         38        0.107265  0.107265  
5    T         38        0.107265  0.107265  
18   T         38        0.107265  0.107265  
4    T         38        0.107265  0.127655  
1    T         38        0.107265  0.127655  
15   T         38        0.107265  0.127655  
16   T         38        0.107265  0.127655  
2    T         38        0.107265  0.127655  
10   T         38        0.107265  0.127655  
19   T         38        0.107265  0.127655  
20   T         38        0.107265  0.127655  
21   T         38        0.107265  0.127655  
22   T         38        0.107265  0.127655  
6    T         38        0.107265  0.127655  
24   T         38        0.107265  0.127655  
7    T         38        0.107265  0.127655  
9    T         38        0.107265  0.127655  
---------------------------------
---------------------------------

7--8最大流值为：38
最可靠最大流分布概率为 ： 0.107265
状态划分算法消耗的内存为：4.89453
状态划分算法运行时间(ms) ： 118.79
---------------------------------
流分布如下: 
---------------------------------
0   0   0   0   0   0   0   0   0   0   0   0   0   0   
0   0   0   0   19  0   0   0   0   0   0   0   0   0   
0   0   0   0   0   0   0   0   0   0   0   0   0   0   
0   0   0   0   0   0   0   19  0   0   0   0   0   0   
0   0   0   19  0   0   0   0   0   0   0   0   0   0   
0   0   0   0   0   0   0   0   0   0   0   0   0   0   
0   0   0   0   0   0   0   0   0   0   0   0   19  19  
0   0   0   0   0   0   0   0   0   0   0   0   0   0   
0   0   0   0   0   0   0   0   0   0   0   0   0   0   
0   1   0   0   0   0   0   0   0   0   0   0   0   0   
0   0   0   0   0   0   0   0   0   0   0   0   0   0   
0   0   0   0   0   0   0   0   0   0   0   0   0   0   
0   0   0   0   0   0   0   19  0   0   0   0   0   0   
0   18  0   0   0   0   0   0   0   1   0   0   0   0   
---------------------------------
关键边输出如下：
---------------------------------
13   T         19        0.158286  0.188374  
23   T         19        0.158286  0.274875  
11   T         19        0.677668  0.677668  
14   T         23        0         0         
3    T         26        0         0         
8    T         29        0         0         
25   T         34        0         0         
17   T         38        0.0549686 0.0549686 
26   T         38        0.0549686 0.0549686 
12   T         38        0.107265  0.107265  
5    T         38        0.107265  0.107265  
18   T         38        0.107265  0.107265  
4    T         38        0.107265  0.127655  
1    T         38        0.107265  0.127655  
15   T         38        0.107265  0.127655  
16   T         38        0.107265  0.127655  
2    T         38        0.107265  0.127655  
10   T         38        0.107265  0.127655  
19   T         38        0.107265  0.127655  
20   T         38        0.107265  0.127655  
21   T         38        0.107265  0.127655  
22   T         38        0.107265  0.127655  
6    T         38        0.107265  0.127655  
24   T         38        0.107265  0.127655  
7    T         38        0.107265  0.127655  
9    T         38        0.107265  0.127655  
---------------------------------
---------------------------------

7--8最大流值为：38
最可靠最大流分布概率为 ： 0.107265
状态划分算法消耗的内存为：4.98047
状态划分算法运行时间(ms) ： 121.939
---------------------------------
流分布如下: 
---------------------------------
0   0   0   0   0   0   0   0   0   0   0   0   0   0   
0   0   0   0   19  0   0   0   0   0   0   0   0   0   
0   0   0   0   0   0   0   0   0   0   0   0   0   0   
0   0   0   0   0   0   0   19  0   0   0   0   0   0   
0   0   0   19  0   0   0   0   0   0   0   0   0   0   
0   0   0   0   0   0   0   0   0   0   0   0   0   0   
0   0   0   0   0   0   0   0   0   0   0   0   19  19  
0   0   0   0   0   0   0   0   0   0   0   0   0   0   
0   0   0   0   0   0   0   0   0   0   0   0   0   0   
0   1   0   0   0   0   0   0   0   0   0   0   0   0   
0   0   0   0   0   0   0   0   0   0   0   0   0   0   
0   0   0   0   0   0   0   0   0   0   0   0   0   0   
0   0   0   0   0   0   0   19  0   0   0   0   0   0   
0   18  0   0   0   0   0   0   0   1   0   0   0   0   
---------------------------------
关键边输出如下：
---------------------------------
13   T         19        0.158286  0.188374  
23   T         19        0.158286  0.274875  
11   T         19        0.677668  0.677668  
14   T         23        0         0         
3    T         26        0         0         
8    T         29        0         0         
25   T         34        0         0         
17   T         38        0.0549686 0.0549686 
26   T         38        0.0549686 0.0549686 
12   T         38        0.107265  0.107265  
5    T         38        0.107265  0.107265  
18   T         38        0.107265  0.107265  
4    T         38        0.107265  0.127655  
1    T         38        0.107265  0.127655  
15   T         38        0.107265  0.127655  
16   T         38        0.107265  0.127655  
2    T         38        0.107265  0.127655  
10   T         38        0.107265  0.127655  
19   T         38        0.107265  0.127655  
20   T         38        0.107265  0.127655  
21   T         38        0.107265  0.127655  
22   T         38        0.107265  0.127655  
6    T         38        0.107265  0.127655  
24   T         38        0.107265  0.127655  
7    T         38        0.107265  0.127655  
9    T         38        0.107265  0.127655  
---------------------------------
---------------------------------

7--8最大流值为：38
最可靠最大流分布概率为 ： 0.107265
状态划分算法消耗的内存为：4.94531
状态划分算法运行时间(ms) ： 119.091
---------------------------------
流分布如下: 
---------------------------------
0   0   0   0   0   0   0   0   0   0   0   0   0   0   
0   0   0   0   19  0   0   0   0   0   0   0   0   0   
0   0   0   0   0   0   0   0   0   0   0   0   0   0   
0   0   0   0   0   0   0   19  0   0   0   0   0   0   
0   0   0   19  0   0   0   0   0   0   0   0   0   0   
0   0   0   0   0   0   0   0   0   0   0   0   0   0   
0   0   0   0   0   0   0   0   0   0   0   0   19  19  
0   0   0   0   0   0   0   0   0   0   0   0   0   0   
0   0   0   0   0   0   0   0   0   0   0   0   0   0   
0   1   0   0   0   0   0   0   0   0   0   0   0   0   
0   0   0   0   0   0   0   0   0   0   0   0   0   0   
0   0   0   0   0   0   0   0   0   0   0   0   0   0   
0   0   0   0   0   0   0   19  0   0   0   0   0   0   
0   18  0   0   0   0   0   0   0   1   0   0   0   0   
---------------------------------
关键边输出如下：
---------------------------------
13   T         19        0.158286  0.188374  
23   T         19        0.158286  0.274875  
11   T         19        0.677668  0.677668  
14   T         23        0         0         
3    T         26        0         0         
8    T         29        0         0         
25   T         34        0         0         
17   T         38        0.0549686 0.0549686 
26   T         38        0.0549686 0.0549686 
12   T         38        0.107265  0.107265  
5    T         38        0.107265  0.107265  
18   T         38        0.107265  0.107265  
4    T         38        0.107265  0.127655  
1    T         38        0.107265  0.127655  
15   T         38        0.107265  0.127655  
16   T         38        0.107265  0.127655  
2    T         38        0.107265  0.127655  
10   T         38        0.107265  0.127655  
19   T         38        0.107265  0.127655  
20   T         38        0.107265  0.127655  
21   T         38        0.107265  0.127655  
22   T         38        0.107265  0.127655  
6    T         38        0.107265  0.127655  
24   T         38        0.107265  0.127655  
7    T         38        0.107265  0.127655  
9    T         38        0.107265  0.127655  
---------------------------------
---------------------------------

7--8最大流值为：38
最可靠最大流分布概率为 ： 0.107265
状态划分算法消耗的内存为：4.93359
状态划分算法运行时间(ms) ： 118.726
---------------------------------
流分布如下: 
---------------------------------
0   0   0   0   0   0   0   0   0   0   0   0   0   0   
0   0   0   0   19  0   0   0   0   0   0   0   0   0   
0   0   0   0   0   0   0   0   0   0   0   0   0   0   
0   0   0   0   0   0   0   19  0   0   0   0   0   0   
0   0   0   19  0   0   0   0   0   0   0   0   0   0   
0   0   0   0   0   0   0   0   0   0   0   0   0   0   
0   0   0   0   0   0   0   0   0   0   0   0   19  19  
0   0   0   0   0   0   0   0   0   0   0   0   0   0   
0   0   0   0   0   0   0   0   0   0   0   0   0   0   
0   1   0   0   0   0   0   0   0   0   0   0   0   0   
0   0   0   0   0   0   0   0   0   0   0   0   0   0   
0   0   0   0   0   0   0   0   0   0   0   0   0   0   
0   0   0   0   0   0   0   19  0   0   0   0   0   0   
0   18  0   0   0   0   0   0   0   1   0   0   0   0   
---------------------------------
关键边输出如下：
---------------------------------
13   T         19        0.158286  0.188374  
23   T         19        0.158286  0.274875  
11   T         19        0.677668  0.677668  
14   T         23        0         0         
3    T         26        0         0         
8    T         29        0         0         
25   T         34        0         0         
17   T         38        0.0549686 0.0549686 
26   T         38        0.0549686 0.0549686 
12   T         38        0.107265  0.107265  
5    T         38        0.107265  0.107265  
18   T         38        0.107265  0.107265  
4    T         38        0.107265  0.127655  
1    T         38        0.107265  0.127655  
15   T         38        0.107265  0.127655  
16   T         38        0.107265  0.127655  
2    T         38        0.107265  0.127655  
10   T         38        0.107265  0.127655  
19   T         38        0.107265  0.127655  
20   T         38        0.107265  0.127655  
21   T         38        0.107265  0.127655  
22   T         38        0.107265  0.127655  
6    T         38        0.107265  0.127655  
24   T         38        0.107265  0.127655  
7    T         38        0.107265  0.127655  
9    T         38        0.107265  0.127655  
---------------------------------
---------------------------------

7--8最大流值为：38
最可靠最大流分布概率为 ： 0.107265
状态划分算法消耗的内存为：4.97656
状态划分算法运行时间(ms) ： 118.157
---------------------------------
流分布如下: 
---------------------------------
0   0   0   0   0   0   0   0   0   0   0   0   0   0   
0   0   0   0   19  0   0   0   0   0   0   0   0   0   
0   0   0   0   0   0   0   0   0   0   0   0   0   0   
0   0   0   0   0   0   0   19  0   0   0   0   0   0   
0   0   0   19  0   0   0   0   0   0   0   0   0   0   
0   0   0   0   0   0   0   0   0   0   0   0   0   0   
0   0   0   0   0   0   0   0   0   0   0   0   19  19  
0   0   0   0   0   0   0   0   0   0   0   0   0   0   
0   0   0   0   0   0   0   0   0   0   0   0   0   0   
0   1   0   0   0   0   0   0   0   0   0   0   0   0   
0   0   0   0   0   0   0   0   0   0   0   0   0   0   
0   0   0   0   0   0   0   0   0   0   0   0   0   0   
0   0   0   0   0   0   0   19  0   0   0   0   0   0   
0   18  0   0   0   0   0   0   0   1   0   0   0   0   
---------------------------------
关键边输出如下：
---------------------------------
13   T         19        0.158286  0.188374  
23   T         19        0.158286  0.274875  
11   T         19        0.677668  0.677668  
14   T         23        0         0         
3    T         26        0         0         
8    T         29        0         0         
25   T         34        0         0         
17   T         38        0.0549686 0.0549686 
26   T         38        0.0549686 0.0549686 
12   T         38        0.107265  0.107265  
5    T         38        0.107265  0.107265  
18   T         38        0.107265  0.107265  
4    T         38        0.107265  0.127655  
1    T         38        0.107265  0.127655  
15   T         38        0.107265  0.127655  
16   T         38        0.107265  0.127655  
2    T         38        0.107265  0.127655  
10   T         38        0.107265  0.127655  
19   T         38        0.107265  0.127655  
20   T         38        0.107265  0.127655  
21   T         38        0.107265  0.127655  
22   T         38        0.107265  0.127655  
6    T         38        0.107265  0.127655  
24   T         38        0.107265  0.127655  
7    T         38        0.107265  0.127655  
9    T         38        0.107265  0.127655  
---------------------------------
---------------------------------

7--8最大流值为：38
最可靠最大流分布概率为 ： 0.107265
状态划分算法消耗的内存为：4.97266
状态划分算法运行时间(ms) ： 119
---------------------------------
流分布如下: 
---------------------------------
0   0   0   0   0   0   0   0   0   0   0   0   0   0   
0   0   0   0   19  0   0   0   0   0   0   0   0   0   
0   0   0   0   0   0   0   0   0   0   0   0   0   0   
0   0   0   0   0   0   0   19  0   0   0   0   0   0   
0   0   0   19  0   0   0   0   0   0   0   0   0   0   
0   0   0   0   0   0   0   0   0   0   0   0   0   0   
0   0   0   0   0   0   0   0   0   0   0   0   19  19  
0   0   0   0   0   0   0   0   0   0   0   0   0   0   
0   0   0   0   0   0   0   0   0   0   0   0   0   0   
0   1   0   0   0   0   0   0   0   0   0   0   0   0   
0   0   0   0   0   0   0   0   0   0   0   0   0   0   
0   0   0   0   0   0   0   0   0   0   0   0   0   0   
0   0   0   0   0   0   0   19  0   0   0   0   0   0   
0   18  0   0   0   0   0   0   0   1   0   0   0   0   
---------------------------------
关键边输出如下：
---------------------------------
13   T         19        0.158286  0.188374  
23   T         19        0.158286  0.274875  
11   T         19        0.677668  0.677668  
14   T         23        0         0         
3    T         26        0         0         
8    T         29        0         0         
25   T         34        0         0         
17   T         38        0.0549686 0.0549686 
26   T         38        0.0549686 0.0549686 
12   T         38        0.107265  0.107265  
5    T         38        0.107265  0.107265  
18   T         38        0.107265  0.107265  
4    T         38        0.107265  0.127655  
1    T         38        0.107265  0.127655  
15   T         38        0.107265  0.127655  
16   T         38        0.107265  0.127655  
2    T         38        0.107265  0.127655  
10   T         38        0.107265  0.127655  
19   T         38        0.107265  0.127655  
20   T         38        0.107265  0.127655  
21   T         38        0.107265  0.127655  
22   T         38        0.107265  0.127655  
6    T         38        0.107265  0.127655  
24   T         38        0.107265  0.127655  
7    T         38        0.107265  0.127655  
9    T         38        0.107265  0.127655  
---------------------------------
---------------------------------

7--8最大流值为：38
最可靠最大流分布概率为 ： 0.107265
状态划分算法消耗的内存为：4.88672
状态划分算法运行时间(ms) ： 118.204
---------------------------------
流分布如下: 
---------------------------------
0   0   0   0   0   0   0   0   0   0   0   0   0   0   
0   0   0   0   19  0   0   0   0   0   0   0   0   0   
0   0   0   0   0   0   0   0   0   0   0   0   0   0   
0   0   0   0   0   0   0   19  0   0   0   0   0   0   
0   0   0   19  0   0   0   0   0   0   0   0   0   0   
0   0   0   0   0   0   0   0   0   0   0   0   0   0   
0   0   0   0   0   0   0   0   0   0   0   0   19  19  
0   0   0   0   0   0   0   0   0   0   0   0   0   0   
0   0   0   0   0   0   0   0   0   0   0   0   0   0   
0   1   0   0   0   0   0   0   0   0   0   0   0   0   
0   0   0   0   0   0   0   0   0   0   0   0   0   0   
0   0   0   0   0   0   0   0   0   0   0   0   0   0   
0   0   0   0   0   0   0   19  0   0   0   0   0   0   
0   18  0   0   0   0   0   0   0   1   0   0   0   0   
---------------------------------
关键边输出如下：
---------------------------------
13   T         19        0.158286  0.188374  
23   T         19        0.158286  0.274875  
11   T         19        0.677668  0.677668  
14   T         23        0         0         
3    T         26        0         0         
8    T         29        0         0         
25   T         34        0         0         
17   T         38        0.0549686 0.0549686 
26   T         38        0.0549686 0.0549686 
12   T         38        0.107265  0.107265  
5    T         38        0.107265  0.107265  
18   T         38        0.107265  0.107265  
4    T         38        0.107265  0.127655  
1    T         38        0.107265  0.127655  
15   T         38        0.107265  0.127655  
16   T         38        0.107265  0.127655  
2    T         38        0.107265  0.127655  
10   T         38        0.107265  0.127655  
19   T         38        0.107265  0.127655  
20   T         38        0.107265  0.127655  
21   T         38        0.107265  0.127655  
22   T         38        0.107265  0.127655  
6    T         38        0.107265  0.127655  
24   T         38        0.107265  0.127655  
7    T         38        0.107265  0.127655  
9    T         38        0.107265  0.127655  
---------------------------------
---------------------------------

