6--1最大流值为：72
最可靠最大流分布概率为 ： 0.354885
状态划分算法消耗的内存为：4.87109
状态划分算法运行时间(ms) ： 6.44865
---------------------------------
流分布如下: 
---------------------------------
0   0   0   0   0   0   
0   0   0   0   0   0   
0   0   0   0   0   0   
16  0   0   0   0   0   
23  0   0   2   0   0   
33  0   0   14  25  0   
---------------------------------
关键边输出如下：
---------------------------------
7    T         39        0         0         
10   T         47        0         0         
5    T         49        0         0         
3    T         56        0         0         
9    T         58        0         0         
6    T         70        0         0         
4    T         72        0.354885  0.354885  
8    T         72        0.354885  0.354885  
2    T         72        0.354885  0.354885  
1    T         72        0.354885  0.354885  
---------------------------------
---------------------------------

6--1最大流值为：72
最可靠最大流分布概率为 ： 0.354885
状态划分算法消耗的内存为：4.97266
状态划分算法运行时间(ms) ： 6.60169
---------------------------------
流分布如下: 
---------------------------------
0   0   0   0   0   0   
0   0   0   0   0   0   
0   0   0   0   0   0   
16  0   0   0   0   0   
23  0   0   2   0   0   
33  0   0   14  25  0   
---------------------------------
关键边输出如下：
---------------------------------
7    T         39        0         0         
10   T         47        0         0         
5    T         49        0         0         
3    T         56        0         0         
9    T         58        0         0         
6    T         70        0         0         
4    T         72        0.354885  0.354885  
8    T         72        0.354885  0.354885  
2    T         72        0.354885  0.354885  
1    T         72        0.354885  0.354885  
---------------------------------
---------------------------------

6--1最大流值为：72
最可靠最大流分布概率为 ： 0.354885
状态划分算法消耗的内存为：4.96484
状态划分算法运行时间(ms) ： 6.35508
---------------------------------
流分布如下: 
---------------------------------
0   0   0   0   0   0   
0   0   0   0   0   0   
0   0   0   0   0   0   
16  0   0   0   0   0   
23  0   0   2   0   0   
33  0   0   14  25  0   
---------------------------------
关键边输出如下：
---------------------------------
7    T         39        0         0         
10   T         47        0         0         
5    T         49        0         0         
3    T         56        0         0         
9    T         58        0         0         
6    T         70        0         0         
4    T         72        0.354885  0.354885  
8    T         72        0.354885  0.354885  
2    T         72        0.354885  0.354885  
1    T         72        0.354885  0.354885  
---------------------------------
---------------------------------

6--1最大流值为：72
最可靠最大流分布概率为 ： 0.354885
状态划分算法消耗的内存为：4.96094
状态划分算法运行时间(ms) ： 6.45409
---------------------------------
流分布如下: 
---------------------------------
0   0   0   0   0   0   
0   0   0   0   0   0   
0   0   0   0   0   0   
16  0   0   0   0   0   
23  0   0   2   0   0   
33  0   0   14  25  0   
---------------------------------
关键边输出如下：
---------------------------------
7    T         39        0         0         
10   T         47        0         0         
5    T         49        0         0         
3    T         56        0         0         
9    T         58        0         0         
6    T         70        0         0         
4    T         72        0.354885  0.354885  
8    T         72        0.354885  0.354885  
2    T         72        0.354885  0.354885  
1    T         72        0.354885  0.354885  
---------------------------------
---------------------------------

6--1最大流值为：72
最可靠最大流分布概率为 ： 0.354885
状态划分算法消耗的内存为：4.9375
状态划分算法运行时间(ms) ： 6.53015
---------------------------------
流分布如下: 
---------------------------------
0   0   0   0   0   0   
0   0   0   0   0   0   
0   0   0   0   0   0   
16  0   0   0   0   0   
23  0   0   2   0   0   
33  0   0   14  25  0   
---------------------------------
关键边输出如下：
---------------------------------
7    T         39        0         0         
10   T         47        0         0         
5    T         49        0         0         
3    T         56        0         0         
9    T         58        0         0         
6    T         70        0         0         
4    T         72        0.354885  0.354885  
8    T         72        0.354885  0.354885  
2    T         72        0.354885  0.354885  
1    T         72        0.354885  0.354885  
---------------------------------
---------------------------------

6--1最大流值为：72
最可靠最大流分布概率为 ： 0.354885
状态划分算法消耗的内存为：4.96484
状态划分算法运行时间(ms) ： 6.46133
---------------------------------
流分布如下: 
---------------------------------
0   0   0   0   0   0   
0   0   0   0   0   0   
0   0   0   0   0   0   
16  0   0   0   0   0   
23  0   0   2   0   0   
33  0   0   14  25  0   
---------------------------------
关键边输出如下：
---------------------------------
7    T         39        0         0         
10   T         47        0         0         
5    T         49        0         0         
3    T         56        0         0         
9    T         58        0         0         
6    T         70        0         0         
4    T         72        0.354885  0.354885  
8    T         72        0.354885  0.354885  
2    T         72        0.354885  0.354885  
1    T         72        0.354885  0.354885  
---------------------------------
---------------------------------

6--1最大流值为：72
最可靠最大流分布概率为 ： 0.354885
状态划分算法消耗的内存为：4.96484
状态划分算法运行时间(ms) ： 6.73631
---------------------------------
流分布如下: 
---------------------------------
0   0   0   0   0   0   
0   0   0   0   0   0   
0   0   0   0   0   0   
16  0   0   0   0   0   
23  0   0   2   0   0   
33  0   0   14  25  0   
---------------------------------
关键边输出如下：
---------------------------------
7    T         39        0         0         
10   T         47        0         0         
5    T         49        0         0         
3    T         56        0         0         
9    T         58        0         0         
6    T         70        0         0         
4    T         72        0.354885  0.354885  
8    T         72        0.354885  0.354885  
2    T         72        0.354885  0.354885  
1    T         72        0.354885  0.354885  
---------------------------------
---------------------------------

6--1最大流值为：72
最可靠最大流分布概率为 ： 0.354885
状态划分算法消耗的内存为：4.9375
状态划分算法运行时间(ms) ： 6.52925
---------------------------------
流分布如下: 
---------------------------------
0   0   0   0   0   0   
0   0   0   0   0   0   
0   0   0   0   0   0   
16  0   0   0   0   0   
23  0   0   2   0   0   
33  0   0   14  25  0   
---------------------------------
关键边输出如下：
---------------------------------
7    T         39        0         0         
10   T         47        0         0         
5    T         49        0         0         
3    T         56        0         0         
9    T         58        0         0         
6    T         70        0         0         
4    T         72        0.354885  0.354885  
8    T         72        0.354885  0.354885  
2    T         72        0.354885  0.354885  
1    T         72        0.354885  0.354885  
---------------------------------
---------------------------------

6--1最大流值为：72
最可靠最大流分布概率为 ： 0.354885
状态划分算法消耗的内存为：4.96484
状态划分算法运行时间(ms) ： 6.47341
---------------------------------
流分布如下: 
---------------------------------
0   0   0   0   0   0   
0   0   0   0   0   0   
0   0   0   0   0   0   
16  0   0   0   0   0   
23  0   0   2   0   0   
33  0   0   14  25  0   
---------------------------------
关键边输出如下：
---------------------------------
7    T         39        0         0         
10   T         47        0         0         
5    T         49        0         0         
3    T         56        0         0         
9    T         58        0         0         
6    T         70        0         0         
4    T         72        0.354885  0.354885  
8    T         72        0.354885  0.354885  
2    T         72        0.354885  0.354885  
1    T         72        0.354885  0.354885  
---------------------------------
---------------------------------

6--1最大流值为：72
最可靠最大流分布概率为 ： 0.354885
状态划分算法消耗的内存为：4.96484
状态划分算法运行时间(ms) ： 6.57935
---------------------------------
流分布如下: 
---------------------------------
0   0   0   0   0   0   
0   0   0   0   0   0   
0   0   0   0   0   0   
16  0   0   0   0   0   
23  0   0   2   0   0   
33  0   0   14  25  0   
---------------------------------
关键边输出如下：
---------------------------------
7    T         39        0         0         
10   T         47        0         0         
5    T         49        0         0         
3    T         56        0         0         
9    T         58        0         0         
6    T         70        0         0         
4    T         72        0.354885  0.354885  
8    T         72        0.354885  0.354885  
2    T         72        0.354885  0.354885  
1    T         72        0.354885  0.354885  
---------------------------------
---------------------------------

