3--1最大流值为：80
最可靠最大流分布概率为 ： 0.27254
状态划分算法消耗的内存为：4.87891
状态划分算法运行时间(ms) ： 9.5945
---------------------------------
流分布如下: 
---------------------------------
0   0   0   0   0   0   
0   0   0   0   0   0   
20  0   0   0   37  23  
0   0   0   0   0   0   
33  0   0   0   0   4   
27  0   0   0   0   0   
---------------------------------
关键边输出如下：
---------------------------------
4    T         43        0         0         
7    T         47        0         0         
10   T         53        0         0         
5    T         59        0         0         
3    T         60        0         0         
9    T         80        0.193519  0.193519  
2    T         80        0.27254   0.27254   
8    T         80        0.27254   0.27254   
6    T         80        0.27254   0.30803   
1    T         80        0.27254   0.30803   
---------------------------------
---------------------------------

3--1最大流值为：80
最可靠最大流分布概率为 ： 0.27254
状态划分算法消耗的内存为：4.875
状态划分算法运行时间(ms) ： 10.1949
---------------------------------
流分布如下: 
---------------------------------
0   0   0   0   0   0   
0   0   0   0   0   0   
20  0   0   0   37  23  
0   0   0   0   0   0   
33  0   0   0   0   4   
27  0   0   0   0   0   
---------------------------------
关键边输出如下：
---------------------------------
4    T         43        0         0         
7    T         47        0         0         
10   T         53        0         0         
5    T         59        0         0         
3    T         60        0         0         
9    T         80        0.193519  0.193519  
2    T         80        0.27254   0.27254   
8    T         80        0.27254   0.27254   
6    T         80        0.27254   0.30803   
1    T         80        0.27254   0.30803   
---------------------------------
---------------------------------

3--1最大流值为：80
最可靠最大流分布概率为 ： 0.27254
状态划分算法消耗的内存为：4.89453
状态划分算法运行时间(ms) ： 9.78497
---------------------------------
流分布如下: 
---------------------------------
0   0   0   0   0   0   
0   0   0   0   0   0   
20  0   0   0   37  23  
0   0   0   0   0   0   
33  0   0   0   0   4   
27  0   0   0   0   0   
---------------------------------
关键边输出如下：
---------------------------------
4    T         43        0         0         
7    T         47        0         0         
10   T         53        0         0         
5    T         59        0         0         
3    T         60        0         0         
9    T         80        0.193519  0.193519  
2    T         80        0.27254   0.27254   
8    T         80        0.27254   0.27254   
6    T         80        0.27254   0.30803   
1    T         80        0.27254   0.30803   
---------------------------------
---------------------------------

3--1最大流值为：80
最可靠最大流分布概率为 ： 0.27254
状态划分算法消耗的内存为：4.92969
状态划分算法运行时间(ms) ： 9.88669
---------------------------------
流分布如下: 
---------------------------------
0   0   0   0   0   0   
0   0   0   0   0   0   
20  0   0   0   37  23  
0   0   0   0   0   0   
33  0   0   0   0   4   
27  0   0   0   0   0   
---------------------------------
关键边输出如下：
---------------------------------
4    T         43        0         0         
7    T         47        0         0         
10   T         53        0         0         
5    T         59        0         0         
3    T         60        0         0         
9    T         80        0.193519  0.193519  
2    T         80        0.27254   0.27254   
8    T         80        0.27254   0.27254   
6    T         80        0.27254   0.30803   
1    T         80        0.27254   0.30803   
---------------------------------
---------------------------------

3--1最大流值为：80
最可靠最大流分布概率为 ： 0.27254
状态划分算法消耗的内存为：4.88281
状态划分算法运行时间(ms) ： 9.56039
---------------------------------
流分布如下: 
---------------------------------
0   0   0   0   0   0   
0   0   0   0   0   0   
20  0   0   0   37  23  
0   0   0   0   0   0   
33  0   0   0   0   4   
27  0   0   0   0   0   
---------------------------------
关键边输出如下：
---------------------------------
4    T         43        0         0         
7    T         47        0         0         
10   T         53        0         0         
5    T         59        0         0         
3    T         60        0         0         
9    T         80        0.193519  0.193519  
2    T         80        0.27254   0.27254   
8    T         80        0.27254   0.27254   
6    T         80        0.27254   0.30803   
1    T         80        0.27254   0.30803   
---------------------------------
---------------------------------

3--1最大流值为：80
最可靠最大流分布概率为 ： 0.27254
状态划分算法消耗的内存为：4.89063
状态划分算法运行时间(ms) ： 9.61442
---------------------------------
流分布如下: 
---------------------------------
0   0   0   0   0   0   
0   0   0   0   0   0   
20  0   0   0   37  23  
0   0   0   0   0   0   
33  0   0   0   0   4   
27  0   0   0   0   0   
---------------------------------
关键边输出如下：
---------------------------------
4    T         43        0         0         
7    T         47        0         0         
10   T         53        0         0         
5    T         59        0         0         
3    T         60        0         0         
9    T         80        0.193519  0.193519  
2    T         80        0.27254   0.27254   
8    T         80        0.27254   0.27254   
6    T         80        0.27254   0.30803   
1    T         80        0.27254   0.30803   
---------------------------------
---------------------------------

3--1最大流值为：80
最可靠最大流分布概率为 ： 0.27254
状态划分算法消耗的内存为：4.87891
状态划分算法运行时间(ms) ： 9.60748
---------------------------------
流分布如下: 
---------------------------------
0   0   0   0   0   0   
0   0   0   0   0   0   
20  0   0   0   37  23  
0   0   0   0   0   0   
33  0   0   0   0   4   
27  0   0   0   0   0   
---------------------------------
关键边输出如下：
---------------------------------
4    T         43        0         0         
7    T         47        0         0         
10   T         53        0         0         
5    T         59        0         0         
3    T         60        0         0         
9    T         80        0.193519  0.193519  
2    T         80        0.27254   0.27254   
8    T         80        0.27254   0.27254   
6    T         80        0.27254   0.30803   
1    T         80        0.27254   0.30803   
---------------------------------
---------------------------------

3--1最大流值为：80
最可靠最大流分布概率为 ： 0.27254
状态划分算法消耗的内存为：4.96094
状态划分算法运行时间(ms) ： 9.70226
---------------------------------
流分布如下: 
---------------------------------
0   0   0   0   0   0   
0   0   0   0   0   0   
20  0   0   0   37  23  
0   0   0   0   0   0   
33  0   0   0   0   4   
27  0   0   0   0   0   
---------------------------------
关键边输出如下：
---------------------------------
4    T         43        0         0         
7    T         47        0         0         
10   T         53        0         0         
5    T         59        0         0         
3    T         60        0         0         
9    T         80        0.193519  0.193519  
2    T         80        0.27254   0.27254   
8    T         80        0.27254   0.27254   
6    T         80        0.27254   0.30803   
1    T         80        0.27254   0.30803   
---------------------------------
---------------------------------

3--1最大流值为：80
最可靠最大流分布概率为 ： 0.27254
状态划分算法消耗的内存为：4.97266
状态划分算法运行时间(ms) ： 10.9893
---------------------------------
流分布如下: 
---------------------------------
0   0   0   0   0   0   
0   0   0   0   0   0   
20  0   0   0   37  23  
0   0   0   0   0   0   
33  0   0   0   0   4   
27  0   0   0   0   0   
---------------------------------
关键边输出如下：
---------------------------------
4    T         43        0         0         
7    T         47        0         0         
10   T         53        0         0         
5    T         59        0         0         
3    T         60        0         0         
9    T         80        0.193519  0.193519  
2    T         80        0.27254   0.27254   
8    T         80        0.27254   0.27254   
6    T         80        0.27254   0.30803   
1    T         80        0.27254   0.30803   
---------------------------------
---------------------------------

3--1最大流值为：80
最可靠最大流分布概率为 ： 0.27254
状态划分算法消耗的内存为：4.88281
状态划分算法运行时间(ms) ： 9.59692
---------------------------------
流分布如下: 
---------------------------------
0   0   0   0   0   0   
0   0   0   0   0   0   
20  0   0   0   37  23  
0   0   0   0   0   0   
33  0   0   0   0   4   
27  0   0   0   0   0   
---------------------------------
关键边输出如下：
---------------------------------
4    T         43        0         0         
7    T         47        0         0         
10   T         53        0         0         
5    T         59        0         0         
3    T         60        0         0         
9    T         80        0.193519  0.193519  
2    T         80        0.27254   0.27254   
8    T         80        0.27254   0.27254   
6    T         80        0.27254   0.30803   
1    T         80        0.27254   0.30803   
---------------------------------
---------------------------------

