1--5最大流值为：45
最可靠最大流分布概率为 ： 0.127364
状态划分算法消耗的内存为：4.88281
状态划分算法运行时间(ms) ： 10.9513
---------------------------------
流分布如下: 
---------------------------------
0   7   18  0   20  0   
0   0   7   0   0   0   
0   0   0   23  0   2   
0   0   0   0   23  0   
0   0   0   0   0   0   
0   0   0   0   2   0   
---------------------------------
关键边输出如下：
---------------------------------
5    T         22        0.368712  0.455991  
7    T         22        0.368712  0.455991  
3    T         25        0         0         
2    T         28        0         0         
1    T         38        0.478132  0.478132  
4    T         38        0.478132  0.478132  
6    T         43        0.214177  0.214177  
10   T         43        0.214177  0.214177  
9    T         45        0.127364  0.127364  
8    T         45        0.127364  0.127364  
---------------------------------
---------------------------------

1--5最大流值为：45
最可靠最大流分布概率为 ： 0.127364
状态划分算法消耗的内存为：4.85156
状态划分算法运行时间(ms) ： 10.8689
---------------------------------
流分布如下: 
---------------------------------
0   7   18  0   20  0   
0   0   7   0   0   0   
0   0   0   23  0   2   
0   0   0   0   23  0   
0   0   0   0   0   0   
0   0   0   0   2   0   
---------------------------------
关键边输出如下：
---------------------------------
5    T         22        0.368712  0.455991  
7    T         22        0.368712  0.455991  
3    T         25        0         0         
2    T         28        0         0         
1    T         38        0.478132  0.478132  
4    T         38        0.478132  0.478132  
6    T         43        0.214177  0.214177  
10   T         43        0.214177  0.214177  
9    T         45        0.127364  0.127364  
8    T         45        0.127364  0.127364  
---------------------------------
---------------------------------

1--5最大流值为：45
最可靠最大流分布概率为 ： 0.127364
状态划分算法消耗的内存为：4.88672
状态划分算法运行时间(ms) ： 10.9899
---------------------------------
流分布如下: 
---------------------------------
0   7   18  0   20  0   
0   0   7   0   0   0   
0   0   0   23  0   2   
0   0   0   0   23  0   
0   0   0   0   0   0   
0   0   0   0   2   0   
---------------------------------
关键边输出如下：
---------------------------------
5    T         22        0.368712  0.455991  
7    T         22        0.368712  0.455991  
3    T         25        0         0         
2    T         28        0         0         
1    T         38        0.478132  0.478132  
4    T         38        0.478132  0.478132  
6    T         43        0.214177  0.214177  
10   T         43        0.214177  0.214177  
9    T         45        0.127364  0.127364  
8    T         45        0.127364  0.127364  
---------------------------------
---------------------------------

1--5最大流值为：45
最可靠最大流分布概率为 ： 0.127364
状态划分算法消耗的内存为：4.87109
状态划分算法运行时间(ms) ： 10.8846
---------------------------------
流分布如下: 
---------------------------------
0   7   18  0   20  0   
0   0   7   0   0   0   
0   0   0   23  0   2   
0   0   0   0   23  0   
0   0   0   0   0   0   
0   0   0   0   2   0   
---------------------------------
关键边输出如下：
---------------------------------
5    T         22        0.368712  0.455991  
7    T         22        0.368712  0.455991  
3    T         25        0         0         
2    T         28        0         0         
1    T         38        0.478132  0.478132  
4    T         38        0.478132  0.478132  
6    T         43        0.214177  0.214177  
10   T         43        0.214177  0.214177  
9    T         45        0.127364  0.127364  
8    T         45        0.127364  0.127364  
---------------------------------
---------------------------------

1--5最大流值为：45
最可靠最大流分布概率为 ： 0.127364
状态划分算法消耗的内存为：4.875
状态划分算法运行时间(ms) ： 11.0817
---------------------------------
流分布如下: 
---------------------------------
0   7   18  0   20  0   
0   0   7   0   0   0   
0   0   0   23  0   2   
0   0   0   0   23  0   
0   0   0   0   0   0   
0   0   0   0   2   0   
---------------------------------
关键边输出如下：
---------------------------------
5    T         22        0.368712  0.455991  
7    T         22        0.368712  0.455991  
3    T         25        0         0         
2    T         28        0         0         
1    T         38        0.478132  0.478132  
4    T         38        0.478132  0.478132  
6    T         43        0.214177  0.214177  
10   T         43        0.214177  0.214177  
9    T         45        0.127364  0.127364  
8    T         45        0.127364  0.127364  
---------------------------------
---------------------------------

1--5最大流值为：45
最可靠最大流分布概率为 ： 0.127364
状态划分算法消耗的内存为：4.97266
状态划分算法运行时间(ms) ： 10.9555
---------------------------------
流分布如下: 
---------------------------------
0   7   18  0   20  0   
0   0   7   0   0   0   
0   0   0   23  0   2   
0   0   0   0   23  0   
0   0   0   0   0   0   
0   0   0   0   2   0   
---------------------------------
关键边输出如下：
---------------------------------
5    T         22        0.368712  0.455991  
7    T         22        0.368712  0.455991  
3    T         25        0         0         
2    T         28        0         0         
1    T         38        0.478132  0.478132  
4    T         38        0.478132  0.478132  
6    T         43        0.214177  0.214177  
10   T         43        0.214177  0.214177  
9    T         45        0.127364  0.127364  
8    T         45        0.127364  0.127364  
---------------------------------
---------------------------------

1--5最大流值为：45
最可靠最大流分布概率为 ： 0.127364
状态划分算法消耗的内存为：4.87891
状态划分算法运行时间(ms) ： 10.9139
---------------------------------
流分布如下: 
---------------------------------
0   7   18  0   20  0   
0   0   7   0   0   0   
0   0   0   23  0   2   
0   0   0   0   23  0   
0   0   0   0   0   0   
0   0   0   0   2   0   
---------------------------------
关键边输出如下：
---------------------------------
5    T         22        0.368712  0.455991  
7    T         22        0.368712  0.455991  
3    T         25        0         0         
2    T         28        0         0         
1    T         38        0.478132  0.478132  
4    T         38        0.478132  0.478132  
6    T         43        0.214177  0.214177  
10   T         43        0.214177  0.214177  
9    T         45        0.127364  0.127364  
8    T         45        0.127364  0.127364  
---------------------------------
---------------------------------

1--5最大流值为：45
最可靠最大流分布概率为 ： 0.127364
状态划分算法消耗的内存为：4.96875
状态划分算法运行时间(ms) ： 11.1665
---------------------------------
流分布如下: 
---------------------------------
0   7   18  0   20  0   
0   0   7   0   0   0   
0   0   0   23  0   2   
0   0   0   0   23  0   
0   0   0   0   0   0   
0   0   0   0   2   0   
---------------------------------
关键边输出如下：
---------------------------------
5    T         22        0.368712  0.455991  
7    T         22        0.368712  0.455991  
3    T         25        0         0         
2    T         28        0         0         
1    T         38        0.478132  0.478132  
4    T         38        0.478132  0.478132  
6    T         43        0.214177  0.214177  
10   T         43        0.214177  0.214177  
9    T         45        0.127364  0.127364  
8    T         45        0.127364  0.127364  
---------------------------------
---------------------------------

1--5最大流值为：45
最可靠最大流分布概率为 ： 0.127364
状态划分算法消耗的内存为：4.87891
状态划分算法运行时间(ms) ： 10.8701
---------------------------------
流分布如下: 
---------------------------------
0   7   18  0   20  0   
0   0   7   0   0   0   
0   0   0   23  0   2   
0   0   0   0   23  0   
0   0   0   0   0   0   
0   0   0   0   2   0   
---------------------------------
关键边输出如下：
---------------------------------
5    T         22        0.368712  0.455991  
7    T         22        0.368712  0.455991  
3    T         25        0         0         
2    T         28        0         0         
1    T         38        0.478132  0.478132  
4    T         38        0.478132  0.478132  
6    T         43        0.214177  0.214177  
10   T         43        0.214177  0.214177  
9    T         45        0.127364  0.127364  
8    T         45        0.127364  0.127364  
---------------------------------
---------------------------------

1--5最大流值为：45
最可靠最大流分布概率为 ： 0.127364
状态划分算法消耗的内存为：4.96094
状态划分算法运行时间(ms) ： 10.8381
---------------------------------
流分布如下: 
---------------------------------
0   7   18  0   20  0   
0   0   7   0   0   0   
0   0   0   23  0   2   
0   0   0   0   23  0   
0   0   0   0   0   0   
0   0   0   0   2   0   
---------------------------------
关键边输出如下：
---------------------------------
5    T         22        0.368712  0.455991  
7    T         22        0.368712  0.455991  
3    T         25        0         0         
2    T         28        0         0         
1    T         38        0.478132  0.478132  
4    T         38        0.478132  0.478132  
6    T         43        0.214177  0.214177  
10   T         43        0.214177  0.214177  
9    T         45        0.127364  0.127364  
8    T         45        0.127364  0.127364  
---------------------------------
---------------------------------

