5--1最大流值为：76
最可靠最大流分布概率为 ： 0.115151
状态划分算法消耗的内存为：4.88281
状态划分算法运行时间(ms) ： 7.48912
---------------------------------
流分布如下: 
---------------------------------
0   0   0   0   0   0   
22  0   0   0   0   0   
0   0   0   0   0   0   
32  0   0   0   0   0   
22  22  0   32  0   0   
0   0   0   0   0   0   
---------------------------------
关键边输出如下：
---------------------------------
7    T         44        0.359729  0.359729  
10   T         44        0.359729  0.359729  
9    T         54        0.164846  0.164846  
1    T         54        0.164846  0.164846  
8    T         54        0.223604  0.223604  
6    T         76        0.115151  0.115151  
2    T         76        0.115151  0.115151  
3    T         76        0.115151  0.115151  
4    T         76        0.115151  0.115151  
5    T         76        0.115151  0.115151  
---------------------------------
---------------------------------

5--1最大流值为：76
最可靠最大流分布概率为 ： 0.115151
状态划分算法消耗的内存为：4.85938
状态划分算法运行时间(ms) ： 7.26485
---------------------------------
流分布如下: 
---------------------------------
0   0   0   0   0   0   
22  0   0   0   0   0   
0   0   0   0   0   0   
32  0   0   0   0   0   
22  22  0   32  0   0   
0   0   0   0   0   0   
---------------------------------
关键边输出如下：
---------------------------------
7    T         44        0.359729  0.359729  
10   T         44        0.359729  0.359729  
9    T         54        0.164846  0.164846  
1    T         54        0.164846  0.164846  
8    T         54        0.223604  0.223604  
6    T         76        0.115151  0.115151  
2    T         76        0.115151  0.115151  
3    T         76        0.115151  0.115151  
4    T         76        0.115151  0.115151  
5    T         76        0.115151  0.115151  
---------------------------------
---------------------------------

5--1最大流值为：76
最可靠最大流分布概率为 ： 0.115151
状态划分算法消耗的内存为：4.96094
状态划分算法运行时间(ms) ： 7.4037
---------------------------------
流分布如下: 
---------------------------------
0   0   0   0   0   0   
22  0   0   0   0   0   
0   0   0   0   0   0   
32  0   0   0   0   0   
22  22  0   32  0   0   
0   0   0   0   0   0   
---------------------------------
关键边输出如下：
---------------------------------
7    T         44        0.359729  0.359729  
10   T         44        0.359729  0.359729  
9    T         54        0.164846  0.164846  
1    T         54        0.164846  0.164846  
8    T         54        0.223604  0.223604  
6    T         76        0.115151  0.115151  
2    T         76        0.115151  0.115151  
3    T         76        0.115151  0.115151  
4    T         76        0.115151  0.115151  
5    T         76        0.115151  0.115151  
---------------------------------
---------------------------------

5--1最大流值为：76
最可靠最大流分布概率为 ： 0.115151
状态划分算法消耗的内存为：4.96094
状态划分算法运行时间(ms) ： 6.96693
---------------------------------
流分布如下: 
---------------------------------
0   0   0   0   0   0   
22  0   0   0   0   0   
0   0   0   0   0   0   
32  0   0   0   0   0   
22  22  0   32  0   0   
0   0   0   0   0   0   
---------------------------------
关键边输出如下：
---------------------------------
7    T         44        0.359729  0.359729  
10   T         44        0.359729  0.359729  
9    T         54        0.164846  0.164846  
1    T         54        0.164846  0.164846  
8    T         54        0.223604  0.223604  
6    T         76        0.115151  0.115151  
2    T         76        0.115151  0.115151  
3    T         76        0.115151  0.115151  
4    T         76        0.115151  0.115151  
5    T         76        0.115151  0.115151  
---------------------------------
---------------------------------

5--1最大流值为：76
最可靠最大流分布概率为 ： 0.115151
状态划分算法消耗的内存为：4.83594
状态划分算法运行时间(ms) ： 7.19965
---------------------------------
流分布如下: 
---------------------------------
0   0   0   0   0   0   
22  0   0   0   0   0   
0   0   0   0   0   0   
32  0   0   0   0   0   
22  22  0   32  0   0   
0   0   0   0   0   0   
---------------------------------
关键边输出如下：
---------------------------------
7    T         44        0.359729  0.359729  
10   T         44        0.359729  0.359729  
9    T         54        0.164846  0.164846  
1    T         54        0.164846  0.164846  
8    T         54        0.223604  0.223604  
6    T         76        0.115151  0.115151  
2    T         76        0.115151  0.115151  
3    T         76        0.115151  0.115151  
4    T         76        0.115151  0.115151  
5    T         76        0.115151  0.115151  
---------------------------------
---------------------------------

5--1最大流值为：76
最可靠最大流分布概率为 ： 0.115151
状态划分算法消耗的内存为：4.86719
状态划分算法运行时间(ms) ： 6.98896
---------------------------------
流分布如下: 
---------------------------------
0   0   0   0   0   0   
22  0   0   0   0   0   
0   0   0   0   0   0   
32  0   0   0   0   0   
22  22  0   32  0   0   
0   0   0   0   0   0   
---------------------------------
关键边输出如下：
---------------------------------
7    T         44        0.359729  0.359729  
10   T         44        0.359729  0.359729  
9    T         54        0.164846  0.164846  
1    T         54        0.164846  0.164846  
8    T         54        0.223604  0.223604  
6    T         76        0.115151  0.115151  
2    T         76        0.115151  0.115151  
3    T         76        0.115151  0.115151  
4    T         76        0.115151  0.115151  
5    T         76        0.115151  0.115151  
---------------------------------
---------------------------------

5--1最大流值为：76
最可靠最大流分布概率为 ： 0.115151
状态划分算法消耗的内存为：4.875
状态划分算法运行时间(ms) ： 7.05718
---------------------------------
流分布如下: 
---------------------------------
0   0   0   0   0   0   
22  0   0   0   0   0   
0   0   0   0   0   0   
32  0   0   0   0   0   
22  22  0   32  0   0   
0   0   0   0   0   0   
---------------------------------
关键边输出如下：
---------------------------------
7    T         44        0.359729  0.359729  
10   T         44        0.359729  0.359729  
9    T         54        0.164846  0.164846  
1    T         54        0.164846  0.164846  
8    T         54        0.223604  0.223604  
6    T         76        0.115151  0.115151  
2    T         76        0.115151  0.115151  
3    T         76        0.115151  0.115151  
4    T         76        0.115151  0.115151  
5    T         76        0.115151  0.115151  
---------------------------------
---------------------------------

5--1最大流值为：76
最可靠最大流分布概率为 ： 0.115151
状态划分算法消耗的内存为：4.87891
状态划分算法运行时间(ms) ： 7.24432
---------------------------------
流分布如下: 
---------------------------------
0   0   0   0   0   0   
22  0   0   0   0   0   
0   0   0   0   0   0   
32  0   0   0   0   0   
22  22  0   32  0   0   
0   0   0   0   0   0   
---------------------------------
关键边输出如下：
---------------------------------
7    T         44        0.359729  0.359729  
10   T         44        0.359729  0.359729  
9    T         54        0.164846  0.164846  
1    T         54        0.164846  0.164846  
8    T         54        0.223604  0.223604  
6    T         76        0.115151  0.115151  
2    T         76        0.115151  0.115151  
3    T         76        0.115151  0.115151  
4    T         76        0.115151  0.115151  
5    T         76        0.115151  0.115151  
---------------------------------
---------------------------------

5--1最大流值为：76
最可靠最大流分布概率为 ： 0.115151
状态划分算法消耗的内存为：4.93359
状态划分算法运行时间(ms) ： 7.20146
---------------------------------
流分布如下: 
---------------------------------
0   0   0   0   0   0   
22  0   0   0   0   0   
0   0   0   0   0   0   
32  0   0   0   0   0   
22  22  0   32  0   0   
0   0   0   0   0   0   
---------------------------------
关键边输出如下：
---------------------------------
7    T         44        0.359729  0.359729  
10   T         44        0.359729  0.359729  
9    T         54        0.164846  0.164846  
1    T         54        0.164846  0.164846  
8    T         54        0.223604  0.223604  
6    T         76        0.115151  0.115151  
2    T         76        0.115151  0.115151  
3    T         76        0.115151  0.115151  
4    T         76        0.115151  0.115151  
5    T         76        0.115151  0.115151  
---------------------------------
---------------------------------

5--1最大流值为：76
最可靠最大流分布概率为 ： 0.115151
状态划分算法消耗的内存为：4.875
状态划分算法运行时间(ms) ： 7.09551
---------------------------------
流分布如下: 
---------------------------------
0   0   0   0   0   0   
22  0   0   0   0   0   
0   0   0   0   0   0   
32  0   0   0   0   0   
22  22  0   32  0   0   
0   0   0   0   0   0   
---------------------------------
关键边输出如下：
---------------------------------
7    T         44        0.359729  0.359729  
10   T         44        0.359729  0.359729  
9    T         54        0.164846  0.164846  
1    T         54        0.164846  0.164846  
8    T         54        0.223604  0.223604  
6    T         76        0.115151  0.115151  
2    T         76        0.115151  0.115151  
3    T         76        0.115151  0.115151  
4    T         76        0.115151  0.115151  
5    T         76        0.115151  0.115151  
---------------------------------
---------------------------------

