5--2最大流值为：35
最可靠最大流分布概率为 ： 0.252686
状态划分算法消耗的内存为：4.86719
状态划分算法运行时间(ms) ： 5.38736
---------------------------------
流分布如下: 
---------------------------------
0   8   0   0   0   0   
0   0   0   0   0   0   
0   0   0   0   0   8   
0   0   0   0   0   0   
0   0   8   0   0   27  
8   27  0   0   0   0   
---------------------------------
关键边输出如下：
---------------------------------
10   T         8         0         0         
8    T         23        0         0         
7    T         27        0.60213   0.60213   
1    T         27        0.60213   0.60213   
9    T         27        0.60213   0.60213   
5    T         27        0.60213   0.60213   
3    T         35        0.252686  0.252686  
4    T         35        0.252686  0.252686  
2    T         35        0.252686  0.252686  
6    T         35        0.252686  0.252686  
---------------------------------
---------------------------------

5--2最大流值为：35
最可靠最大流分布概率为 ： 0.252686
状态划分算法消耗的内存为：4.88281
状态划分算法运行时间(ms) ： 5.34299
---------------------------------
流分布如下: 
---------------------------------
0   8   0   0   0   0   
0   0   0   0   0   0   
0   0   0   0   0   8   
0   0   0   0   0   0   
0   0   8   0   0   27  
8   27  0   0   0   0   
---------------------------------
关键边输出如下：
---------------------------------
10   T         8         0         0         
8    T         23        0         0         
7    T         27        0.60213   0.60213   
1    T         27        0.60213   0.60213   
9    T         27        0.60213   0.60213   
5    T         27        0.60213   0.60213   
3    T         35        0.252686  0.252686  
4    T         35        0.252686  0.252686  
2    T         35        0.252686  0.252686  
6    T         35        0.252686  0.252686  
---------------------------------
---------------------------------

5--2最大流值为：35
最可靠最大流分布概率为 ： 0.252686
状态划分算法消耗的内存为：4.875
状态划分算法运行时间(ms) ： 5.51444
---------------------------------
流分布如下: 
---------------------------------
0   8   0   0   0   0   
0   0   0   0   0   0   
0   0   0   0   0   8   
0   0   0   0   0   0   
0   0   8   0   0   27  
8   27  0   0   0   0   
---------------------------------
关键边输出如下：
---------------------------------
10   T         8         0         0         
8    T         23        0         0         
7    T         27        0.60213   0.60213   
1    T         27        0.60213   0.60213   
9    T         27        0.60213   0.60213   
5    T         27        0.60213   0.60213   
3    T         35        0.252686  0.252686  
4    T         35        0.252686  0.252686  
2    T         35        0.252686  0.252686  
6    T         35        0.252686  0.252686  
---------------------------------
---------------------------------

5--2最大流值为：35
最可靠最大流分布概率为 ： 0.252686
状态划分算法消耗的内存为：4.96094
状态划分算法运行时间(ms) ： 5.31643
---------------------------------
流分布如下: 
---------------------------------
0   8   0   0   0   0   
0   0   0   0   0   0   
0   0   0   0   0   8   
0   0   0   0   0   0   
0   0   8   0   0   27  
8   27  0   0   0   0   
---------------------------------
关键边输出如下：
---------------------------------
10   T         8         0         0         
8    T         23        0         0         
7    T         27        0.60213   0.60213   
1    T         27        0.60213   0.60213   
9    T         27        0.60213   0.60213   
5    T         27        0.60213   0.60213   
3    T         35        0.252686  0.252686  
4    T         35        0.252686  0.252686  
2    T         35        0.252686  0.252686  
6    T         35        0.252686  0.252686  
---------------------------------
---------------------------------

5--2最大流值为：35
最可靠最大流分布概率为 ： 0.252686
状态划分算法消耗的内存为：4.875
状态划分算法运行时间(ms) ： 5.37076
---------------------------------
流分布如下: 
---------------------------------
0   8   0   0   0   0   
0   0   0   0   0   0   
0   0   0   0   0   8   
0   0   0   0   0   0   
0   0   8   0   0   27  
8   27  0   0   0   0   
---------------------------------
关键边输出如下：
---------------------------------
10   T         8         0         0         
8    T         23        0         0         
7    T         27        0.60213   0.60213   
1    T         27        0.60213   0.60213   
9    T         27        0.60213   0.60213   
5    T         27        0.60213   0.60213   
3    T         35        0.252686  0.252686  
4    T         35        0.252686  0.252686  
2    T         35        0.252686  0.252686  
6    T         35        0.252686  0.252686  
---------------------------------
---------------------------------

5--2最大流值为：35
最可靠最大流分布概率为 ： 0.252686
状态划分算法消耗的内存为：4.86719
状态划分算法运行时间(ms) ： 5.40426
---------------------------------
流分布如下: 
---------------------------------
0   8   0   0   0   0   
0   0   0   0   0   0   
0   0   0   0   0   8   
0   0   0   0   0   0   
0   0   8   0   0   27  
8   27  0   0   0   0   
---------------------------------
关键边输出如下：
---------------------------------
10   T         8         0         0         
8    T         23        0         0         
7    T         27        0.60213   0.60213   
1    T         27        0.60213   0.60213   
9    T         27        0.60213   0.60213   
5    T         27        0.60213   0.60213   
3    T         35        0.252686  0.252686  
4    T         35        0.252686  0.252686  
2    T         35        0.252686  0.252686  
6    T         35        0.252686  0.252686  
---------------------------------
---------------------------------

5--2最大流值为：35
最可靠最大流分布概率为 ： 0.252686
状态划分算法消耗的内存为：4.96094
状态划分算法运行时间(ms) ： 5.29952
---------------------------------
流分布如下: 
---------------------------------
0   8   0   0   0   0   
0   0   0   0   0   0   
0   0   0   0   0   8   
0   0   0   0   0   0   
0   0   8   0   0   27  
8   27  0   0   0   0   
---------------------------------
关键边输出如下：
---------------------------------
10   T         8         0         0         
8    T         23        0         0         
7    T         27        0.60213   0.60213   
1    T         27        0.60213   0.60213   
9    T         27        0.60213   0.60213   
5    T         27        0.60213   0.60213   
3    T         35        0.252686  0.252686  
4    T         35        0.252686  0.252686  
2    T         35        0.252686  0.252686  
6    T         35        0.252686  0.252686  
---------------------------------
---------------------------------

5--2最大流值为：35
最可靠最大流分布概率为 ： 0.252686
状态划分算法消耗的内存为：4.95703
状态划分算法运行时间(ms) ： 5.33816
---------------------------------
流分布如下: 
---------------------------------
0   8   0   0   0   0   
0   0   0   0   0   0   
0   0   0   0   0   8   
0   0   0   0   0   0   
0   0   8   0   0   27  
8   27  0   0   0   0   
---------------------------------
关键边输出如下：
---------------------------------
10   T         8         0         0         
8    T         23        0         0         
7    T         27        0.60213   0.60213   
1    T         27        0.60213   0.60213   
9    T         27        0.60213   0.60213   
5    T         27        0.60213   0.60213   
3    T         35        0.252686  0.252686  
4    T         35        0.252686  0.252686  
2    T         35        0.252686  0.252686  
6    T         35        0.252686  0.252686  
---------------------------------
---------------------------------

5--2最大流值为：35
最可靠最大流分布概率为 ： 0.252686
状态划分算法消耗的内存为：4.86719
状态划分算法运行时间(ms) ： 5.35657
---------------------------------
流分布如下: 
---------------------------------
0   8   0   0   0   0   
0   0   0   0   0   0   
0   0   0   0   0   8   
0   0   0   0   0   0   
0   0   8   0   0   27  
8   27  0   0   0   0   
---------------------------------
关键边输出如下：
---------------------------------
10   T         8         0         0         
8    T         23        0         0         
7    T         27        0.60213   0.60213   
1    T         27        0.60213   0.60213   
9    T         27        0.60213   0.60213   
5    T         27        0.60213   0.60213   
3    T         35        0.252686  0.252686  
4    T         35        0.252686  0.252686  
2    T         35        0.252686  0.252686  
6    T         35        0.252686  0.252686  
---------------------------------
---------------------------------

5--2最大流值为：35
最可靠最大流分布概率为 ： 0.252686
状态划分算法消耗的内存为：4.84766
状态划分算法运行时间(ms) ： 5.35869
---------------------------------
流分布如下: 
---------------------------------
0   8   0   0   0   0   
0   0   0   0   0   0   
0   0   0   0   0   8   
0   0   0   0   0   0   
0   0   8   0   0   27  
8   27  0   0   0   0   
---------------------------------
关键边输出如下：
---------------------------------
10   T         8         0         0         
8    T         23        0         0         
7    T         27        0.60213   0.60213   
1    T         27        0.60213   0.60213   
9    T         27        0.60213   0.60213   
5    T         27        0.60213   0.60213   
3    T         35        0.252686  0.252686  
4    T         35        0.252686  0.252686  
2    T         35        0.252686  0.252686  
6    T         35        0.252686  0.252686  
---------------------------------
---------------------------------

