6--2最大流值为：56
最可靠最大流分布概率为 ： 0.0792283
状态划分算法消耗的内存为：4.86719
状态划分算法运行时间(ms) ： 16.6755
---------------------------------
流分布如下: 
---------------------------------
0   0   0   0   0   0   0   0   
0   0   0   0   0   0   0   0   
0   34  0   0   0   0   0   0   
0   0   34  0   0   0   0   0   
0   22  0   0   0   0   0   0   
0   0   0   0   0   0   33  23  
0   0   0   30  22  0   0   0   
0   0   0   4   0   0   19  0   
---------------------------------
关键边输出如下：
---------------------------------
5    T         22        0.318273  0.318273  
6    T         22        0.318273  0.318273  
9    T         25        0         0         
11   T         26        0         0         
10   T         33        0         0         
8    T         34        0.199309  0.199309  
12   T         34        0.199309  0.199309  
14   T         37        0         0         
13   T         52        0         0         
1    T         56        0.0792283 0.0792283 
2    T         56        0.0792283 0.0792283 
7    T         56        0.0792283 0.0792283 
3    T         56        0.0792283 0.0792283 
4    T         56        0.0792283 0.0792283 
---------------------------------
---------------------------------

6--2最大流值为：56
最可靠最大流分布概率为 ： 0.0792283
状态划分算法消耗的内存为：4.9375
状态划分算法运行时间(ms) ： 16.3181
---------------------------------
流分布如下: 
---------------------------------
0   0   0   0   0   0   0   0   
0   0   0   0   0   0   0   0   
0   34  0   0   0   0   0   0   
0   0   34  0   0   0   0   0   
0   22  0   0   0   0   0   0   
0   0   0   0   0   0   33  23  
0   0   0   30  22  0   0   0   
0   0   0   4   0   0   19  0   
---------------------------------
关键边输出如下：
---------------------------------
5    T         22        0.318273  0.318273  
6    T         22        0.318273  0.318273  
9    T         25        0         0         
11   T         26        0         0         
10   T         33        0         0         
8    T         34        0.199309  0.199309  
12   T         34        0.199309  0.199309  
14   T         37        0         0         
13   T         52        0         0         
1    T         56        0.0792283 0.0792283 
2    T         56        0.0792283 0.0792283 
7    T         56        0.0792283 0.0792283 
3    T         56        0.0792283 0.0792283 
4    T         56        0.0792283 0.0792283 
---------------------------------
---------------------------------

6--2最大流值为：56
最可靠最大流分布概率为 ： 0.0792283
状态划分算法消耗的内存为：4.98828
状态划分算法运行时间(ms) ： 16.537
---------------------------------
流分布如下: 
---------------------------------
0   0   0   0   0   0   0   0   
0   0   0   0   0   0   0   0   
0   34  0   0   0   0   0   0   
0   0   34  0   0   0   0   0   
0   22  0   0   0   0   0   0   
0   0   0   0   0   0   33  23  
0   0   0   30  22  0   0   0   
0   0   0   4   0   0   19  0   
---------------------------------
关键边输出如下：
---------------------------------
5    T         22        0.318273  0.318273  
6    T         22        0.318273  0.318273  
9    T         25        0         0         
11   T         26        0         0         
10   T         33        0         0         
8    T         34        0.199309  0.199309  
12   T         34        0.199309  0.199309  
14   T         37        0         0         
13   T         52        0         0         
1    T         56        0.0792283 0.0792283 
2    T         56        0.0792283 0.0792283 
7    T         56        0.0792283 0.0792283 
3    T         56        0.0792283 0.0792283 
4    T         56        0.0792283 0.0792283 
---------------------------------
---------------------------------

6--2最大流值为：56
最可靠最大流分布概率为 ： 0.0792283
状态划分算法消耗的内存为：4.875
状态划分算法运行时间(ms) ： 16.5186
---------------------------------
流分布如下: 
---------------------------------
0   0   0   0   0   0   0   0   
0   0   0   0   0   0   0   0   
0   34  0   0   0   0   0   0   
0   0   34  0   0   0   0   0   
0   22  0   0   0   0   0   0   
0   0   0   0   0   0   33  23  
0   0   0   30  22  0   0   0   
0   0   0   4   0   0   19  0   
---------------------------------
关键边输出如下：
---------------------------------
5    T         22        0.318273  0.318273  
6    T         22        0.318273  0.318273  
9    T         25        0         0         
11   T         26        0         0         
10   T         33        0         0         
8    T         34        0.199309  0.199309  
12   T         34        0.199309  0.199309  
14   T         37        0         0         
13   T         52        0         0         
1    T         56        0.0792283 0.0792283 
2    T         56        0.0792283 0.0792283 
7    T         56        0.0792283 0.0792283 
3    T         56        0.0792283 0.0792283 
4    T         56        0.0792283 0.0792283 
---------------------------------
---------------------------------

6--2最大流值为：56
最可靠最大流分布概率为 ： 0.0792283
状态划分算法消耗的内存为：4.96094
状态划分算法运行时间(ms) ： 16.2185
---------------------------------
流分布如下: 
---------------------------------
0   0   0   0   0   0   0   0   
0   0   0   0   0   0   0   0   
0   34  0   0   0   0   0   0   
0   0   34  0   0   0   0   0   
0   22  0   0   0   0   0   0   
0   0   0   0   0   0   33  23  
0   0   0   30  22  0   0   0   
0   0   0   4   0   0   19  0   
---------------------------------
关键边输出如下：
---------------------------------
5    T         22        0.318273  0.318273  
6    T         22        0.318273  0.318273  
9    T         25        0         0         
11   T         26        0         0         
10   T         33        0         0         
8    T         34        0.199309  0.199309  
12   T         34        0.199309  0.199309  
14   T         37        0         0         
13   T         52        0         0         
1    T         56        0.0792283 0.0792283 
2    T         56        0.0792283 0.0792283 
7    T         56        0.0792283 0.0792283 
3    T         56        0.0792283 0.0792283 
4    T         56        0.0792283 0.0792283 
---------------------------------
---------------------------------

6--2最大流值为：56
最可靠最大流分布概率为 ： 0.0792283
状态划分算法消耗的内存为：4.96094
状态划分算法运行时间(ms) ： 16.3372
---------------------------------
流分布如下: 
---------------------------------
0   0   0   0   0   0   0   0   
0   0   0   0   0   0   0   0   
0   34  0   0   0   0   0   0   
0   0   34  0   0   0   0   0   
0   22  0   0   0   0   0   0   
0   0   0   0   0   0   33  23  
0   0   0   30  22  0   0   0   
0   0   0   4   0   0   19  0   
---------------------------------
关键边输出如下：
---------------------------------
5    T         22        0.318273  0.318273  
6    T         22        0.318273  0.318273  
9    T         25        0         0         
11   T         26        0         0         
10   T         33        0         0         
8    T         34        0.199309  0.199309  
12   T         34        0.199309  0.199309  
14   T         37        0         0         
13   T         52        0         0         
1    T         56        0.0792283 0.0792283 
2    T         56        0.0792283 0.0792283 
7    T         56        0.0792283 0.0792283 
3    T         56        0.0792283 0.0792283 
4    T         56        0.0792283 0.0792283 
---------------------------------
---------------------------------

6--2最大流值为：56
最可靠最大流分布概率为 ： 0.0792283
状态划分算法消耗的内存为：4.97266
状态划分算法运行时间(ms) ： 16.2025
---------------------------------
流分布如下: 
---------------------------------
0   0   0   0   0   0   0   0   
0   0   0   0   0   0   0   0   
0   34  0   0   0   0   0   0   
0   0   34  0   0   0   0   0   
0   22  0   0   0   0   0   0   
0   0   0   0   0   0   33  23  
0   0   0   30  22  0   0   0   
0   0   0   4   0   0   19  0   
---------------------------------
关键边输出如下：
---------------------------------
5    T         22        0.318273  0.318273  
6    T         22        0.318273  0.318273  
9    T         25        0         0         
11   T         26        0         0         
10   T         33        0         0         
8    T         34        0.199309  0.199309  
12   T         34        0.199309  0.199309  
14   T         37        0         0         
13   T         52        0         0         
1    T         56        0.0792283 0.0792283 
2    T         56        0.0792283 0.0792283 
7    T         56        0.0792283 0.0792283 
3    T         56        0.0792283 0.0792283 
4    T         56        0.0792283 0.0792283 
---------------------------------
---------------------------------

6--2最大流值为：56
最可靠最大流分布概率为 ： 0.0792283
状态划分算法消耗的内存为：4.97656
状态划分算法运行时间(ms) ： 16.5406
---------------------------------
流分布如下: 
---------------------------------
0   0   0   0   0   0   0   0   
0   0   0   0   0   0   0   0   
0   34  0   0   0   0   0   0   
0   0   34  0   0   0   0   0   
0   22  0   0   0   0   0   0   
0   0   0   0   0   0   33  23  
0   0   0   30  22  0   0   0   
0   0   0   4   0   0   19  0   
---------------------------------
关键边输出如下：
---------------------------------
5    T         22        0.318273  0.318273  
6    T         22        0.318273  0.318273  
9    T         25        0         0         
11   T         26        0         0         
10   T         33        0         0         
8    T         34        0.199309  0.199309  
12   T         34        0.199309  0.199309  
14   T         37        0         0         
13   T         52        0         0         
1    T         56        0.0792283 0.0792283 
2    T         56        0.0792283 0.0792283 
7    T         56        0.0792283 0.0792283 
3    T         56        0.0792283 0.0792283 
4    T         56        0.0792283 0.0792283 
---------------------------------
---------------------------------

6--2最大流值为：56
最可靠最大流分布概率为 ： 0.0792283
状态划分算法消耗的内存为：4.96094
状态划分算法运行时间(ms) ： 16.4597
---------------------------------
流分布如下: 
---------------------------------
0   0   0   0   0   0   0   0   
0   0   0   0   0   0   0   0   
0   34  0   0   0   0   0   0   
0   0   34  0   0   0   0   0   
0   22  0   0   0   0   0   0   
0   0   0   0   0   0   33  23  
0   0   0   30  22  0   0   0   
0   0   0   4   0   0   19  0   
---------------------------------
关键边输出如下：
---------------------------------
5    T         22        0.318273  0.318273  
6    T         22        0.318273  0.318273  
9    T         25        0         0         
11   T         26        0         0         
10   T         33        0         0         
8    T         34        0.199309  0.199309  
12   T         34        0.199309  0.199309  
14   T         37        0         0         
13   T         52        0         0         
1    T         56        0.0792283 0.0792283 
2    T         56        0.0792283 0.0792283 
7    T         56        0.0792283 0.0792283 
3    T         56        0.0792283 0.0792283 
4    T         56        0.0792283 0.0792283 
---------------------------------
---------------------------------

6--2最大流值为：56
最可靠最大流分布概率为 ： 0.0792283
状态划分算法消耗的内存为：4.96875
状态划分算法运行时间(ms) ： 16.3082
---------------------------------
流分布如下: 
---------------------------------
0   0   0   0   0   0   0   0   
0   0   0   0   0   0   0   0   
0   34  0   0   0   0   0   0   
0   0   34  0   0   0   0   0   
0   22  0   0   0   0   0   0   
0   0   0   0   0   0   33  23  
0   0   0   30  22  0   0   0   
0   0   0   4   0   0   19  0   
---------------------------------
关键边输出如下：
---------------------------------
5    T         22        0.318273  0.318273  
6    T         22        0.318273  0.318273  
9    T         25        0         0         
11   T         26        0         0         
10   T         33        0         0         
8    T         34        0.199309  0.199309  
12   T         34        0.199309  0.199309  
14   T         37        0         0         
13   T         52        0         0         
1    T         56        0.0792283 0.0792283 
2    T         56        0.0792283 0.0792283 
7    T         56        0.0792283 0.0792283 
3    T         56        0.0792283 0.0792283 
4    T         56        0.0792283 0.0792283 
---------------------------------
---------------------------------

