8--3最大流值为：57
最可靠最大流分布概率为 ： 0.0748666
状态划分算法消耗的内存为：4.88672
状态划分算法运行时间(ms) ： 19.8751
---------------------------------
流分布如下: 
---------------------------------
0   20  0   0   0   12  0   0   
0   0   20  0   0   0   0   0   
0   0   0   0   0   0   0   0   
0   0   21  0   0   0   0   0   
0   0   0   0   0   0   0   0   
0   0   12  0   0   0   0   0   
0   0   0   0   0   0   0   0   
32  0   4   21  0   0   0   0   
---------------------------------
关键边输出如下：
---------------------------------
12   T         25        0         0         
6    T         36        0.161919  0.161919  
14   T         36        0.161919  0.161919  
4    T         37        0.137641  0.137641  
1    T         37        0.137641  0.152026  
2    T         45        0.127068  0.127068  
10   T         45        0.127068  0.127068  
13   T         53        0         0         
9    T         57        0.0748666 0.0748666 
5    T         57        0.0748666 0.0748666 
11   T         57        0.0748666 0.0748666 
3    T         57        0.0748666 0.0748666 
7    T         57        0.0748666 0.0748666 
8    T         57        0.0748666 0.0748666 
---------------------------------
---------------------------------

8--3最大流值为：57
最可靠最大流分布概率为 ： 0.0748666
状态划分算法消耗的内存为：4.98047
状态划分算法运行时间(ms) ： 19.8842
---------------------------------
流分布如下: 
---------------------------------
0   20  0   0   0   12  0   0   
0   0   20  0   0   0   0   0   
0   0   0   0   0   0   0   0   
0   0   21  0   0   0   0   0   
0   0   0   0   0   0   0   0   
0   0   12  0   0   0   0   0   
0   0   0   0   0   0   0   0   
32  0   4   21  0   0   0   0   
---------------------------------
关键边输出如下：
---------------------------------
12   T         25        0         0         
6    T         36        0.161919  0.161919  
14   T         36        0.161919  0.161919  
4    T         37        0.137641  0.137641  
1    T         37        0.137641  0.152026  
2    T         45        0.127068  0.127068  
10   T         45        0.127068  0.127068  
13   T         53        0         0         
9    T         57        0.0748666 0.0748666 
5    T         57        0.0748666 0.0748666 
11   T         57        0.0748666 0.0748666 
3    T         57        0.0748666 0.0748666 
7    T         57        0.0748666 0.0748666 
8    T         57        0.0748666 0.0748666 
---------------------------------
---------------------------------

8--3最大流值为：57
最可靠最大流分布概率为 ： 0.0748666
状态划分算法消耗的内存为：4.99219
状态划分算法运行时间(ms) ： 20.0668
---------------------------------
流分布如下: 
---------------------------------
0   20  0   0   0   12  0   0   
0   0   20  0   0   0   0   0   
0   0   0   0   0   0   0   0   
0   0   21  0   0   0   0   0   
0   0   0   0   0   0   0   0   
0   0   12  0   0   0   0   0   
0   0   0   0   0   0   0   0   
32  0   4   21  0   0   0   0   
---------------------------------
关键边输出如下：
---------------------------------
12   T         25        0         0         
6    T         36        0.161919  0.161919  
14   T         36        0.161919  0.161919  
4    T         37        0.137641  0.137641  
1    T         37        0.137641  0.152026  
2    T         45        0.127068  0.127068  
10   T         45        0.127068  0.127068  
13   T         53        0         0         
9    T         57        0.0748666 0.0748666 
5    T         57        0.0748666 0.0748666 
11   T         57        0.0748666 0.0748666 
3    T         57        0.0748666 0.0748666 
7    T         57        0.0748666 0.0748666 
8    T         57        0.0748666 0.0748666 
---------------------------------
---------------------------------

8--3最大流值为：57
最可靠最大流分布概率为 ： 0.0748666
状态划分算法消耗的内存为：4.96875
状态划分算法运行时间(ms) ： 20.5582
---------------------------------
流分布如下: 
---------------------------------
0   20  0   0   0   12  0   0   
0   0   20  0   0   0   0   0   
0   0   0   0   0   0   0   0   
0   0   21  0   0   0   0   0   
0   0   0   0   0   0   0   0   
0   0   12  0   0   0   0   0   
0   0   0   0   0   0   0   0   
32  0   4   21  0   0   0   0   
---------------------------------
关键边输出如下：
---------------------------------
12   T         25        0         0         
6    T         36        0.161919  0.161919  
14   T         36        0.161919  0.161919  
4    T         37        0.137641  0.137641  
1    T         37        0.137641  0.152026  
2    T         45        0.127068  0.127068  
10   T         45        0.127068  0.127068  
13   T         53        0         0         
9    T         57        0.0748666 0.0748666 
5    T         57        0.0748666 0.0748666 
11   T         57        0.0748666 0.0748666 
3    T         57        0.0748666 0.0748666 
7    T         57        0.0748666 0.0748666 
8    T         57        0.0748666 0.0748666 
---------------------------------
---------------------------------

8--3最大流值为：57
最可靠最大流分布概率为 ： 0.0748666
状态划分算法消耗的内存为：4.97266
状态划分算法运行时间(ms) ： 19.4365
---------------------------------
流分布如下: 
---------------------------------
0   20  0   0   0   12  0   0   
0   0   20  0   0   0   0   0   
0   0   0   0   0   0   0   0   
0   0   21  0   0   0   0   0   
0   0   0   0   0   0   0   0   
0   0   12  0   0   0   0   0   
0   0   0   0   0   0   0   0   
32  0   4   21  0   0   0   0   
---------------------------------
关键边输出如下：
---------------------------------
12   T         25        0         0         
6    T         36        0.161919  0.161919  
14   T         36        0.161919  0.161919  
4    T         37        0.137641  0.137641  
1    T         37        0.137641  0.152026  
2    T         45        0.127068  0.127068  
10   T         45        0.127068  0.127068  
13   T         53        0         0         
9    T         57        0.0748666 0.0748666 
5    T         57        0.0748666 0.0748666 
11   T         57        0.0748666 0.0748666 
3    T         57        0.0748666 0.0748666 
7    T         57        0.0748666 0.0748666 
8    T         57        0.0748666 0.0748666 
---------------------------------
---------------------------------

8--3最大流值为：57
最可靠最大流分布概率为 ： 0.0748666
状态划分算法消耗的内存为：4.97656
状态划分算法运行时间(ms) ： 21.1368
---------------------------------
流分布如下: 
---------------------------------
0   20  0   0   0   12  0   0   
0   0   20  0   0   0   0   0   
0   0   0   0   0   0   0   0   
0   0   21  0   0   0   0   0   
0   0   0   0   0   0   0   0   
0   0   12  0   0   0   0   0   
0   0   0   0   0   0   0   0   
32  0   4   21  0   0   0   0   
---------------------------------
关键边输出如下：
---------------------------------
12   T         25        0         0         
6    T         36        0.161919  0.161919  
14   T         36        0.161919  0.161919  
4    T         37        0.137641  0.137641  
1    T         37        0.137641  0.152026  
2    T         45        0.127068  0.127068  
10   T         45        0.127068  0.127068  
13   T         53        0         0         
9    T         57        0.0748666 0.0748666 
5    T         57        0.0748666 0.0748666 
11   T         57        0.0748666 0.0748666 
3    T         57        0.0748666 0.0748666 
7    T         57        0.0748666 0.0748666 
8    T         57        0.0748666 0.0748666 
---------------------------------
---------------------------------

8--3最大流值为：57
最可靠最大流分布概率为 ： 0.0748666
状态划分算法消耗的内存为：4.96875
状态划分算法运行时间(ms) ： 19.812
---------------------------------
流分布如下: 
---------------------------------
0   20  0   0   0   12  0   0   
0   0   20  0   0   0   0   0   
0   0   0   0   0   0   0   0   
0   0   21  0   0   0   0   0   
0   0   0   0   0   0   0   0   
0   0   12  0   0   0   0   0   
0   0   0   0   0   0   0   0   
32  0   4   21  0   0   0   0   
---------------------------------
关键边输出如下：
---------------------------------
12   T         25        0         0         
6    T         36        0.161919  0.161919  
14   T         36        0.161919  0.161919  
4    T         37        0.137641  0.137641  
1    T         37        0.137641  0.152026  
2    T         45        0.127068  0.127068  
10   T         45        0.127068  0.127068  
13   T         53        0         0         
9    T         57        0.0748666 0.0748666 
5    T         57        0.0748666 0.0748666 
11   T         57        0.0748666 0.0748666 
3    T         57        0.0748666 0.0748666 
7    T         57        0.0748666 0.0748666 
8    T         57        0.0748666 0.0748666 
---------------------------------
---------------------------------

8--3最大流值为：57
最可靠最大流分布概率为 ： 0.0748666
状态划分算法消耗的内存为：4.99219
状态划分算法运行时间(ms) ： 19.742
---------------------------------
流分布如下: 
---------------------------------
0   20  0   0   0   12  0   0   
0   0   20  0   0   0   0   0   
0   0   0   0   0   0   0   0   
0   0   21  0   0   0   0   0   
0   0   0   0   0   0   0   0   
0   0   12  0   0   0   0   0   
0   0   0   0   0   0   0   0   
32  0   4   21  0   0   0   0   
---------------------------------
关键边输出如下：
---------------------------------
12   T         25        0         0         
6    T         36        0.161919  0.161919  
14   T         36        0.161919  0.161919  
4    T         37        0.137641  0.137641  
1    T         37        0.137641  0.152026  
2    T         45        0.127068  0.127068  
10   T         45        0.127068  0.127068  
13   T         53        0         0         
9    T         57        0.0748666 0.0748666 
5    T         57        0.0748666 0.0748666 
11   T         57        0.0748666 0.0748666 
3    T         57        0.0748666 0.0748666 
7    T         57        0.0748666 0.0748666 
8    T         57        0.0748666 0.0748666 
---------------------------------
---------------------------------

8--3最大流值为：57
最可靠最大流分布概率为 ： 0.0748666
状态划分算法消耗的内存为：4.96484
状态划分算法运行时间(ms) ： 20.6409
---------------------------------
流分布如下: 
---------------------------------
0   20  0   0   0   12  0   0   
0   0   20  0   0   0   0   0   
0   0   0   0   0   0   0   0   
0   0   21  0   0   0   0   0   
0   0   0   0   0   0   0   0   
0   0   12  0   0   0   0   0   
0   0   0   0   0   0   0   0   
32  0   4   21  0   0   0   0   
---------------------------------
关键边输出如下：
---------------------------------
12   T         25        0         0         
6    T         36        0.161919  0.161919  
14   T         36        0.161919  0.161919  
4    T         37        0.137641  0.137641  
1    T         37        0.137641  0.152026  
2    T         45        0.127068  0.127068  
10   T         45        0.127068  0.127068  
13   T         53        0         0         
9    T         57        0.0748666 0.0748666 
5    T         57        0.0748666 0.0748666 
11   T         57        0.0748666 0.0748666 
3    T         57        0.0748666 0.0748666 
7    T         57        0.0748666 0.0748666 
8    T         57        0.0748666 0.0748666 
---------------------------------
---------------------------------

8--3最大流值为：57
最可靠最大流分布概率为 ： 0.0748666
状态划分算法消耗的内存为：4.97266
状态划分算法运行时间(ms) ： 19.8881
---------------------------------
流分布如下: 
---------------------------------
0   20  0   0   0   12  0   0   
0   0   20  0   0   0   0   0   
0   0   0   0   0   0   0   0   
0   0   21  0   0   0   0   0   
0   0   0   0   0   0   0   0   
0   0   12  0   0   0   0   0   
0   0   0   0   0   0   0   0   
32  0   4   21  0   0   0   0   
---------------------------------
关键边输出如下：
---------------------------------
12   T         25        0         0         
6    T         36        0.161919  0.161919  
14   T         36        0.161919  0.161919  
4    T         37        0.137641  0.137641  
1    T         37        0.137641  0.152026  
2    T         45        0.127068  0.127068  
10   T         45        0.127068  0.127068  
13   T         53        0         0         
9    T         57        0.0748666 0.0748666 
5    T         57        0.0748666 0.0748666 
11   T         57        0.0748666 0.0748666 
3    T         57        0.0748666 0.0748666 
7    T         57        0.0748666 0.0748666 
8    T         57        0.0748666 0.0748666 
---------------------------------
---------------------------------

