4--8最大流值为：30
最可靠最大流分布概率为 ： 0.501316
状态划分算法消耗的内存为：4.87891
状态划分算法运行时间(ms) ： 37.0707
---------------------------------
流分布如下: 
---------------------------------
0   0   0   0   0   0   0   0   
0   0   0   0   30  0   0   0   
0   0   0   0   0   0   0   0   
0   30  0   0   0   0   0   0   
0   0   0   0   0   0   0   30  
0   0   0   0   0   0   0   0   
0   0   0   0   0   0   0   0   
0   0   0   0   0   0   0   0   
---------------------------------
关键边输出如下：
---------------------------------
11   T         0         0         0         
5    T         29        0         0         
9    T         30        0.122916  0.1408    
1    T         30        0.501316  0.501316  
7    T         30        0.501316  0.501316  
10   T         30        0.501316  0.501316  
12   T         30        0.501316  0.501316  
8    T         30        0.501316  0.523177  
6    T         30        0.501316  0.534744  
4    T         30        0.501316  0.539607  
3    T         30        0.501316  0.539607  
14   T         30        0.501316  0.539607  
13   T         30        0.501316  0.539607  
2    T         30        0.501316  0.539607  
---------------------------------
---------------------------------

4--8最大流值为：30
最可靠最大流分布概率为 ： 0.501316
状态划分算法消耗的内存为：4.87109
状态划分算法运行时间(ms) ： 36.9107
---------------------------------
流分布如下: 
---------------------------------
0   0   0   0   0   0   0   0   
0   0   0   0   30  0   0   0   
0   0   0   0   0   0   0   0   
0   30  0   0   0   0   0   0   
0   0   0   0   0   0   0   30  
0   0   0   0   0   0   0   0   
0   0   0   0   0   0   0   0   
0   0   0   0   0   0   0   0   
---------------------------------
关键边输出如下：
---------------------------------
11   T         0         0         0         
5    T         29        0         0         
9    T         30        0.122916  0.1408    
1    T         30        0.501316  0.501316  
7    T         30        0.501316  0.501316  
10   T         30        0.501316  0.501316  
12   T         30        0.501316  0.501316  
8    T         30        0.501316  0.523177  
6    T         30        0.501316  0.534744  
4    T         30        0.501316  0.539607  
3    T         30        0.501316  0.539607  
14   T         30        0.501316  0.539607  
13   T         30        0.501316  0.539607  
2    T         30        0.501316  0.539607  
---------------------------------
---------------------------------

4--8最大流值为：30
最可靠最大流分布概率为 ： 0.501316
状态划分算法消耗的内存为：4.95703
状态划分算法运行时间(ms) ： 37.2035
---------------------------------
流分布如下: 
---------------------------------
0   0   0   0   0   0   0   0   
0   0   0   0   30  0   0   0   
0   0   0   0   0   0   0   0   
0   30  0   0   0   0   0   0   
0   0   0   0   0   0   0   30  
0   0   0   0   0   0   0   0   
0   0   0   0   0   0   0   0   
0   0   0   0   0   0   0   0   
---------------------------------
关键边输出如下：
---------------------------------
11   T         0         0         0         
5    T         29        0         0         
9    T         30        0.122916  0.1408    
1    T         30        0.501316  0.501316  
7    T         30        0.501316  0.501316  
10   T         30        0.501316  0.501316  
12   T         30        0.501316  0.501316  
8    T         30        0.501316  0.523177  
6    T         30        0.501316  0.534744  
4    T         30        0.501316  0.539607  
3    T         30        0.501316  0.539607  
14   T         30        0.501316  0.539607  
13   T         30        0.501316  0.539607  
2    T         30        0.501316  0.539607  
---------------------------------
---------------------------------

4--8最大流值为：30
最可靠最大流分布概率为 ： 0.501316
状态划分算法消耗的内存为：4.90625
状态划分算法运行时间(ms) ： 37.0598
---------------------------------
流分布如下: 
---------------------------------
0   0   0   0   0   0   0   0   
0   0   0   0   30  0   0   0   
0   0   0   0   0   0   0   0   
0   30  0   0   0   0   0   0   
0   0   0   0   0   0   0   30  
0   0   0   0   0   0   0   0   
0   0   0   0   0   0   0   0   
0   0   0   0   0   0   0   0   
---------------------------------
关键边输出如下：
---------------------------------
11   T         0         0         0         
5    T         29        0         0         
9    T         30        0.122916  0.1408    
1    T         30        0.501316  0.501316  
7    T         30        0.501316  0.501316  
10   T         30        0.501316  0.501316  
12   T         30        0.501316  0.501316  
8    T         30        0.501316  0.523177  
6    T         30        0.501316  0.534744  
4    T         30        0.501316  0.539607  
3    T         30        0.501316  0.539607  
14   T         30        0.501316  0.539607  
13   T         30        0.501316  0.539607  
2    T         30        0.501316  0.539607  
---------------------------------
---------------------------------

4--8最大流值为：30
最可靠最大流分布概率为 ： 0.501316
状态划分算法消耗的内存为：4.89063
状态划分算法运行时间(ms) ： 36.9304
---------------------------------
流分布如下: 
---------------------------------
0   0   0   0   0   0   0   0   
0   0   0   0   30  0   0   0   
0   0   0   0   0   0   0   0   
0   30  0   0   0   0   0   0   
0   0   0   0   0   0   0   30  
0   0   0   0   0   0   0   0   
0   0   0   0   0   0   0   0   
0   0   0   0   0   0   0   0   
---------------------------------
关键边输出如下：
---------------------------------
11   T         0         0         0         
5    T         29        0         0         
9    T         30        0.122916  0.1408    
1    T         30        0.501316  0.501316  
7    T         30        0.501316  0.501316  
10   T         30        0.501316  0.501316  
12   T         30        0.501316  0.501316  
8    T         30        0.501316  0.523177  
6    T         30        0.501316  0.534744  
4    T         30        0.501316  0.539607  
3    T         30        0.501316  0.539607  
14   T         30        0.501316  0.539607  
13   T         30        0.501316  0.539607  
2    T         30        0.501316  0.539607  
---------------------------------
---------------------------------

4--8最大流值为：30
最可靠最大流分布概率为 ： 0.501316
状态划分算法消耗的内存为：4.96875
状态划分算法运行时间(ms) ： 36.8455
---------------------------------
流分布如下: 
---------------------------------
0   0   0   0   0   0   0   0   
0   0   0   0   30  0   0   0   
0   0   0   0   0   0   0   0   
0   30  0   0   0   0   0   0   
0   0   0   0   0   0   0   30  
0   0   0   0   0   0   0   0   
0   0   0   0   0   0   0   0   
0   0   0   0   0   0   0   0   
---------------------------------
关键边输出如下：
---------------------------------
11   T         0         0         0         
5    T         29        0         0         
9    T         30        0.122916  0.1408    
1    T         30        0.501316  0.501316  
7    T         30        0.501316  0.501316  
10   T         30        0.501316  0.501316  
12   T         30        0.501316  0.501316  
8    T         30        0.501316  0.523177  
6    T         30        0.501316  0.534744  
4    T         30        0.501316  0.539607  
3    T         30        0.501316  0.539607  
14   T         30        0.501316  0.539607  
13   T         30        0.501316  0.539607  
2    T         30        0.501316  0.539607  
---------------------------------
---------------------------------

4--8最大流值为：30
最可靠最大流分布概率为 ： 0.501316
状态划分算法消耗的内存为：4.98438
状态划分算法运行时间(ms) ： 37.09
---------------------------------
流分布如下: 
---------------------------------
0   0   0   0   0   0   0   0   
0   0   0   0   30  0   0   0   
0   0   0   0   0   0   0   0   
0   30  0   0   0   0   0   0   
0   0   0   0   0   0   0   30  
0   0   0   0   0   0   0   0   
0   0   0   0   0   0   0   0   
0   0   0   0   0   0   0   0   
---------------------------------
关键边输出如下：
---------------------------------
11   T         0         0         0         
5    T         29        0         0         
9    T         30        0.122916  0.1408    
1    T         30        0.501316  0.501316  
7    T         30        0.501316  0.501316  
10   T         30        0.501316  0.501316  
12   T         30        0.501316  0.501316  
8    T         30        0.501316  0.523177  
6    T         30        0.501316  0.534744  
4    T         30        0.501316  0.539607  
3    T         30        0.501316  0.539607  
14   T         30        0.501316  0.539607  
13   T         30        0.501316  0.539607  
2    T         30        0.501316  0.539607  
---------------------------------
---------------------------------

4--8最大流值为：30
最可靠最大流分布概率为 ： 0.501316
状态划分算法消耗的内存为：4.97266
状态划分算法运行时间(ms) ： 36.9977
---------------------------------
流分布如下: 
---------------------------------
0   0   0   0   0   0   0   0   
0   0   0   0   30  0   0   0   
0   0   0   0   0   0   0   0   
0   30  0   0   0   0   0   0   
0   0   0   0   0   0   0   30  
0   0   0   0   0   0   0   0   
0   0   0   0   0   0   0   0   
0   0   0   0   0   0   0   0   
---------------------------------
关键边输出如下：
---------------------------------
11   T         0         0         0         
5    T         29        0         0         
9    T         30        0.122916  0.1408    
1    T         30        0.501316  0.501316  
7    T         30        0.501316  0.501316  
10   T         30        0.501316  0.501316  
12   T         30        0.501316  0.501316  
8    T         30        0.501316  0.523177  
6    T         30        0.501316  0.534744  
4    T         30        0.501316  0.539607  
3    T         30        0.501316  0.539607  
14   T         30        0.501316  0.539607  
13   T         30        0.501316  0.539607  
2    T         30        0.501316  0.539607  
---------------------------------
---------------------------------

4--8最大流值为：30
最可靠最大流分布概率为 ： 0.501316
状态划分算法消耗的内存为：4.99609
状态划分算法运行时间(ms) ： 43.3986
---------------------------------
流分布如下: 
---------------------------------
0   0   0   0   0   0   0   0   
0   0   0   0   30  0   0   0   
0   0   0   0   0   0   0   0   
0   30  0   0   0   0   0   0   
0   0   0   0   0   0   0   30  
0   0   0   0   0   0   0   0   
0   0   0   0   0   0   0   0   
0   0   0   0   0   0   0   0   
---------------------------------
关键边输出如下：
---------------------------------
11   T         0         0         0         
5    T         29        0         0         
9    T         30        0.122916  0.1408    
1    T         30        0.501316  0.501316  
7    T         30        0.501316  0.501316  
10   T         30        0.501316  0.501316  
12   T         30        0.501316  0.501316  
8    T         30        0.501316  0.523177  
6    T         30        0.501316  0.534744  
4    T         30        0.501316  0.539607  
3    T         30        0.501316  0.539607  
14   T         30        0.501316  0.539607  
13   T         30        0.501316  0.539607  
2    T         30        0.501316  0.539607  
---------------------------------
---------------------------------

4--8最大流值为：30
最可靠最大流分布概率为 ： 0.501316
状态划分算法消耗的内存为：4.96875
状态划分算法运行时间(ms) ： 36.9171
---------------------------------
流分布如下: 
---------------------------------
0   0   0   0   0   0   0   0   
0   0   0   0   30  0   0   0   
0   0   0   0   0   0   0   0   
0   30  0   0   0   0   0   0   
0   0   0   0   0   0   0   30  
0   0   0   0   0   0   0   0   
0   0   0   0   0   0   0   0   
0   0   0   0   0   0   0   0   
---------------------------------
关键边输出如下：
---------------------------------
11   T         0         0         0         
5    T         29        0         0         
9    T         30        0.122916  0.1408    
1    T         30        0.501316  0.501316  
7    T         30        0.501316  0.501316  
10   T         30        0.501316  0.501316  
12   T         30        0.501316  0.501316  
8    T         30        0.501316  0.523177  
6    T         30        0.501316  0.534744  
4    T         30        0.501316  0.539607  
3    T         30        0.501316  0.539607  
14   T         30        0.501316  0.539607  
13   T         30        0.501316  0.539607  
2    T         30        0.501316  0.539607  
---------------------------------
---------------------------------

