5--6最大流值为：28
最可靠最大流分布概率为 ： 0.130293
状态划分算法消耗的内存为：4.875
状态划分算法运行时间(ms) ： 13.8759
---------------------------------
流分布如下: 
---------------------------------
0   0   0   0   0   3   0   0   
0   0   0   0   0   0   0   0   
0   0   0   0   0   0   0   0   
3   0   0   0   0   25  0   0   
0   0   0   0   0   0   8   20  
0   0   0   0   0   0   0   0   
0   0   0   8   0   0   0   0   
0   0   0   20  0   0   0   0   
---------------------------------
关键边输出如下：
---------------------------------
14   T         8         0.57003   0.582076  
9    T         8         0.57003   0.737607  
6    T         10        0         0         
12   T         20        0.743809  0.743809  
8    T         20        0.743809  0.743809  
3    T         25        0.455302  0.455302  
1    T         25        0.455302  0.455302  
4    T         28        0.130293  0.130293  
5    T         28        0.130293  0.130293  
10   T         28        0.130293  0.130293  
11   T         28        0.130293  0.130293  
2    T         28        0.130293  0.130293  
13   T         28        0.130293  0.130293  
7    T         28        0.130293  0.130293  
---------------------------------
---------------------------------

5--6最大流值为：28
最可靠最大流分布概率为 ： 0.130293
状态划分算法消耗的内存为：4.875
状态划分算法运行时间(ms) ： 13.1669
---------------------------------
流分布如下: 
---------------------------------
0   0   0   0   0   3   0   0   
0   0   0   0   0   0   0   0   
0   0   0   0   0   0   0   0   
3   0   0   0   0   25  0   0   
0   0   0   0   0   0   8   20  
0   0   0   0   0   0   0   0   
0   0   0   8   0   0   0   0   
0   0   0   20  0   0   0   0   
---------------------------------
关键边输出如下：
---------------------------------
14   T         8         0.57003   0.582076  
9    T         8         0.57003   0.737607  
6    T         10        0         0         
12   T         20        0.743809  0.743809  
8    T         20        0.743809  0.743809  
3    T         25        0.455302  0.455302  
1    T         25        0.455302  0.455302  
4    T         28        0.130293  0.130293  
5    T         28        0.130293  0.130293  
10   T         28        0.130293  0.130293  
11   T         28        0.130293  0.130293  
2    T         28        0.130293  0.130293  
13   T         28        0.130293  0.130293  
7    T         28        0.130293  0.130293  
---------------------------------
---------------------------------

5--6最大流值为：28
最可靠最大流分布概率为 ： 0.130293
状态划分算法消耗的内存为：4.98047
状态划分算法运行时间(ms) ： 14.4573
---------------------------------
流分布如下: 
---------------------------------
0   0   0   0   0   3   0   0   
0   0   0   0   0   0   0   0   
0   0   0   0   0   0   0   0   
3   0   0   0   0   25  0   0   
0   0   0   0   0   0   8   20  
0   0   0   0   0   0   0   0   
0   0   0   8   0   0   0   0   
0   0   0   20  0   0   0   0   
---------------------------------
关键边输出如下：
---------------------------------
14   T         8         0.57003   0.582076  
9    T         8         0.57003   0.737607  
6    T         10        0         0         
12   T         20        0.743809  0.743809  
8    T         20        0.743809  0.743809  
3    T         25        0.455302  0.455302  
1    T         25        0.455302  0.455302  
4    T         28        0.130293  0.130293  
5    T         28        0.130293  0.130293  
10   T         28        0.130293  0.130293  
11   T         28        0.130293  0.130293  
2    T         28        0.130293  0.130293  
13   T         28        0.130293  0.130293  
7    T         28        0.130293  0.130293  
---------------------------------
---------------------------------

5--6最大流值为：28
最可靠最大流分布概率为 ： 0.130293
状态划分算法消耗的内存为：4.97656
状态划分算法运行时间(ms) ： 13.2426
---------------------------------
流分布如下: 
---------------------------------
0   0   0   0   0   3   0   0   
0   0   0   0   0   0   0   0   
0   0   0   0   0   0   0   0   
3   0   0   0   0   25  0   0   
0   0   0   0   0   0   8   20  
0   0   0   0   0   0   0   0   
0   0   0   8   0   0   0   0   
0   0   0   20  0   0   0   0   
---------------------------------
关键边输出如下：
---------------------------------
14   T         8         0.57003   0.582076  
9    T         8         0.57003   0.737607  
6    T         10        0         0         
12   T         20        0.743809  0.743809  
8    T         20        0.743809  0.743809  
3    T         25        0.455302  0.455302  
1    T         25        0.455302  0.455302  
4    T         28        0.130293  0.130293  
5    T         28        0.130293  0.130293  
10   T         28        0.130293  0.130293  
11   T         28        0.130293  0.130293  
2    T         28        0.130293  0.130293  
13   T         28        0.130293  0.130293  
7    T         28        0.130293  0.130293  
---------------------------------
---------------------------------

5--6最大流值为：28
最可靠最大流分布概率为 ： 0.130293
状态划分算法消耗的内存为：4.96875
状态划分算法运行时间(ms) ： 13.204
---------------------------------
流分布如下: 
---------------------------------
0   0   0   0   0   3   0   0   
0   0   0   0   0   0   0   0   
0   0   0   0   0   0   0   0   
3   0   0   0   0   25  0   0   
0   0   0   0   0   0   8   20  
0   0   0   0   0   0   0   0   
0   0   0   8   0   0   0   0   
0   0   0   20  0   0   0   0   
---------------------------------
关键边输出如下：
---------------------------------
14   T         8         0.57003   0.582076  
9    T         8         0.57003   0.737607  
6    T         10        0         0         
12   T         20        0.743809  0.743809  
8    T         20        0.743809  0.743809  
3    T         25        0.455302  0.455302  
1    T         25        0.455302  0.455302  
4    T         28        0.130293  0.130293  
5    T         28        0.130293  0.130293  
10   T         28        0.130293  0.130293  
11   T         28        0.130293  0.130293  
2    T         28        0.130293  0.130293  
13   T         28        0.130293  0.130293  
7    T         28        0.130293  0.130293  
---------------------------------
---------------------------------

5--6最大流值为：28
最可靠最大流分布概率为 ： 0.130293
状态划分算法消耗的内存为：4.96094
状态划分算法运行时间(ms) ： 13.0398
---------------------------------
流分布如下: 
---------------------------------
0   0   0   0   0   3   0   0   
0   0   0   0   0   0   0   0   
0   0   0   0   0   0   0   0   
3   0   0   0   0   25  0   0   
0   0   0   0   0   0   8   20  
0   0   0   0   0   0   0   0   
0   0   0   8   0   0   0   0   
0   0   0   20  0   0   0   0   
---------------------------------
关键边输出如下：
---------------------------------
14   T         8         0.57003   0.582076  
9    T         8         0.57003   0.737607  
6    T         10        0         0         
12   T         20        0.743809  0.743809  
8    T         20        0.743809  0.743809  
3    T         25        0.455302  0.455302  
1    T         25        0.455302  0.455302  
4    T         28        0.130293  0.130293  
5    T         28        0.130293  0.130293  
10   T         28        0.130293  0.130293  
11   T         28        0.130293  0.130293  
2    T         28        0.130293  0.130293  
13   T         28        0.130293  0.130293  
7    T         28        0.130293  0.130293  
---------------------------------
---------------------------------

5--6最大流值为：28
最可靠最大流分布概率为 ： 0.130293
状态划分算法消耗的内存为：4.97656
状态划分算法运行时间(ms) ： 13.15
---------------------------------
流分布如下: 
---------------------------------
0   0   0   0   0   3   0   0   
0   0   0   0   0   0   0   0   
0   0   0   0   0   0   0   0   
3   0   0   0   0   25  0   0   
0   0   0   0   0   0   8   20  
0   0   0   0   0   0   0   0   
0   0   0   8   0   0   0   0   
0   0   0   20  0   0   0   0   
---------------------------------
关键边输出如下：
---------------------------------
14   T         8         0.57003   0.582076  
9    T         8         0.57003   0.737607  
6    T         10        0         0         
12   T         20        0.743809  0.743809  
8    T         20        0.743809  0.743809  
3    T         25        0.455302  0.455302  
1    T         25        0.455302  0.455302  
4    T         28        0.130293  0.130293  
5    T         28        0.130293  0.130293  
10   T         28        0.130293  0.130293  
11   T         28        0.130293  0.130293  
2    T         28        0.130293  0.130293  
13   T         28        0.130293  0.130293  
7    T         28        0.130293  0.130293  
---------------------------------
---------------------------------

5--6最大流值为：28
最可靠最大流分布概率为 ： 0.130293
状态划分算法消耗的内存为：4.96484
状态划分算法运行时间(ms) ： 13.2864
---------------------------------
流分布如下: 
---------------------------------
0   0   0   0   0   3   0   0   
0   0   0   0   0   0   0   0   
0   0   0   0   0   0   0   0   
3   0   0   0   0   25  0   0   
0   0   0   0   0   0   8   20  
0   0   0   0   0   0   0   0   
0   0   0   8   0   0   0   0   
0   0   0   20  0   0   0   0   
---------------------------------
关键边输出如下：
---------------------------------
14   T         8         0.57003   0.582076  
9    T         8         0.57003   0.737607  
6    T         10        0         0         
12   T         20        0.743809  0.743809  
8    T         20        0.743809  0.743809  
3    T         25        0.455302  0.455302  
1    T         25        0.455302  0.455302  
4    T         28        0.130293  0.130293  
5    T         28        0.130293  0.130293  
10   T         28        0.130293  0.130293  
11   T         28        0.130293  0.130293  
2    T         28        0.130293  0.130293  
13   T         28        0.130293  0.130293  
7    T         28        0.130293  0.130293  
---------------------------------
---------------------------------

5--6最大流值为：28
最可靠最大流分布概率为 ： 0.130293
状态划分算法消耗的内存为：4.94922
状态划分算法运行时间(ms) ： 13.2541
---------------------------------
流分布如下: 
---------------------------------
0   0   0   0   0   3   0   0   
0   0   0   0   0   0   0   0   
0   0   0   0   0   0   0   0   
3   0   0   0   0   25  0   0   
0   0   0   0   0   0   8   20  
0   0   0   0   0   0   0   0   
0   0   0   8   0   0   0   0   
0   0   0   20  0   0   0   0   
---------------------------------
关键边输出如下：
---------------------------------
14   T         8         0.57003   0.582076  
9    T         8         0.57003   0.737607  
6    T         10        0         0         
12   T         20        0.743809  0.743809  
8    T         20        0.743809  0.743809  
3    T         25        0.455302  0.455302  
1    T         25        0.455302  0.455302  
4    T         28        0.130293  0.130293  
5    T         28        0.130293  0.130293  
10   T         28        0.130293  0.130293  
11   T         28        0.130293  0.130293  
2    T         28        0.130293  0.130293  
13   T         28        0.130293  0.130293  
7    T         28        0.130293  0.130293  
---------------------------------
---------------------------------

5--6最大流值为：28
最可靠最大流分布概率为 ： 0.130293
状态划分算法消耗的内存为：4.96094
状态划分算法运行时间(ms) ： 12.945
---------------------------------
流分布如下: 
---------------------------------
0   0   0   0   0   3   0   0   
0   0   0   0   0   0   0   0   
0   0   0   0   0   0   0   0   
3   0   0   0   0   25  0   0   
0   0   0   0   0   0   8   20  
0   0   0   0   0   0   0   0   
0   0   0   8   0   0   0   0   
0   0   0   20  0   0   0   0   
---------------------------------
关键边输出如下：
---------------------------------
14   T         8         0.57003   0.582076  
9    T         8         0.57003   0.737607  
6    T         10        0         0         
12   T         20        0.743809  0.743809  
8    T         20        0.743809  0.743809  
3    T         25        0.455302  0.455302  
1    T         25        0.455302  0.455302  
4    T         28        0.130293  0.130293  
5    T         28        0.130293  0.130293  
10   T         28        0.130293  0.130293  
11   T         28        0.130293  0.130293  
2    T         28        0.130293  0.130293  
13   T         28        0.130293  0.130293  
7    T         28        0.130293  0.130293  
---------------------------------
---------------------------------

