3--2最大流值为：8
最可靠最大流分布概率为 ： 0.530255
状态划分算法消耗的内存为：4.88281
状态划分算法运行时间(ms) ： 24.9024
---------------------------------
流分布如下: 
---------------------------------
0   0   0   0   0   0   0   0   
0   0   0   0   0   0   0   0   
0   0   0   0   0   0   8   0   
0   0   0   0   0   0   0   0   
0   0   0   0   0   0   0   0   
0   8   0   0   0   0   0   0   
0   0   0   0   0   0   0   8   
0   0   0   0   0   8   0   0   
---------------------------------
关键边输出如下：
---------------------------------
8    T         0         0         0         
14   T         7         0         0         
6    T         8         0.383286  0.488394  
12   T         8         0.464306  0.487384  
11   T         8         0.530255  0.556611  
10   T         8         0.530255  0.556611  
2    T         8         0.530255  0.556611  
7    T         8         0.530255  0.675667  
5    T         8         0.530255  0.675667  
3    T         8         0.530255  0.709251  
1    T         8         0.530255  0.709251  
4    T         8         0.530255  0.709251  
13   T         8         0.530255  0.709251  
9    T         8         0.530255  0.709251  
---------------------------------
---------------------------------

3--2最大流值为：8
最可靠最大流分布概率为 ： 0.530255
状态划分算法消耗的内存为：4.89063
状态划分算法运行时间(ms) ： 24.7901
---------------------------------
流分布如下: 
---------------------------------
0   0   0   0   0   0   0   0   
0   0   0   0   0   0   0   0   
0   0   0   0   0   0   8   0   
0   0   0   0   0   0   0   0   
0   0   0   0   0   0   0   0   
0   8   0   0   0   0   0   0   
0   0   0   0   0   0   0   8   
0   0   0   0   0   8   0   0   
---------------------------------
关键边输出如下：
---------------------------------
8    T         0         0         0         
14   T         7         0         0         
6    T         8         0.383286  0.488394  
12   T         8         0.464306  0.487384  
11   T         8         0.530255  0.556611  
10   T         8         0.530255  0.556611  
2    T         8         0.530255  0.556611  
7    T         8         0.530255  0.675667  
5    T         8         0.530255  0.675667  
3    T         8         0.530255  0.709251  
1    T         8         0.530255  0.709251  
4    T         8         0.530255  0.709251  
13   T         8         0.530255  0.709251  
9    T         8         0.530255  0.709251  
---------------------------------
---------------------------------

3--2最大流值为：8
最可靠最大流分布概率为 ： 0.530255
状态划分算法消耗的内存为：4.96484
状态划分算法运行时间(ms) ： 25.0427
---------------------------------
流分布如下: 
---------------------------------
0   0   0   0   0   0   0   0   
0   0   0   0   0   0   0   0   
0   0   0   0   0   0   8   0   
0   0   0   0   0   0   0   0   
0   0   0   0   0   0   0   0   
0   8   0   0   0   0   0   0   
0   0   0   0   0   0   0   8   
0   0   0   0   0   8   0   0   
---------------------------------
关键边输出如下：
---------------------------------
8    T         0         0         0         
14   T         7         0         0         
6    T         8         0.383286  0.488394  
12   T         8         0.464306  0.487384  
11   T         8         0.530255  0.556611  
10   T         8         0.530255  0.556611  
2    T         8         0.530255  0.556611  
7    T         8         0.530255  0.675667  
5    T         8         0.530255  0.675667  
3    T         8         0.530255  0.709251  
1    T         8         0.530255  0.709251  
4    T         8         0.530255  0.709251  
13   T         8         0.530255  0.709251  
9    T         8         0.530255  0.709251  
---------------------------------
---------------------------------

3--2最大流值为：8
最可靠最大流分布概率为 ： 0.530255
状态划分算法消耗的内存为：4.88672
状态划分算法运行时间(ms) ： 25.0943
---------------------------------
流分布如下: 
---------------------------------
0   0   0   0   0   0   0   0   
0   0   0   0   0   0   0   0   
0   0   0   0   0   0   8   0   
0   0   0   0   0   0   0   0   
0   0   0   0   0   0   0   0   
0   8   0   0   0   0   0   0   
0   0   0   0   0   0   0   8   
0   0   0   0   0   8   0   0   
---------------------------------
关键边输出如下：
---------------------------------
8    T         0         0         0         
14   T         7         0         0         
6    T         8         0.383286  0.488394  
12   T         8         0.464306  0.487384  
11   T         8         0.530255  0.556611  
10   T         8         0.530255  0.556611  
2    T         8         0.530255  0.556611  
7    T         8         0.530255  0.675667  
5    T         8         0.530255  0.675667  
3    T         8         0.530255  0.709251  
1    T         8         0.530255  0.709251  
4    T         8         0.530255  0.709251  
13   T         8         0.530255  0.709251  
9    T         8         0.530255  0.709251  
---------------------------------
---------------------------------

3--2最大流值为：8
最可靠最大流分布概率为 ： 0.530255
状态划分算法消耗的内存为：4.96094
状态划分算法运行时间(ms) ： 24.8649
---------------------------------
流分布如下: 
---------------------------------
0   0   0   0   0   0   0   0   
0   0   0   0   0   0   0   0   
0   0   0   0   0   0   8   0   
0   0   0   0   0   0   0   0   
0   0   0   0   0   0   0   0   
0   8   0   0   0   0   0   0   
0   0   0   0   0   0   0   8   
0   0   0   0   0   8   0   0   
---------------------------------
关键边输出如下：
---------------------------------
8    T         0         0         0         
14   T         7         0         0         
6    T         8         0.383286  0.488394  
12   T         8         0.464306  0.487384  
11   T         8         0.530255  0.556611  
10   T         8         0.530255  0.556611  
2    T         8         0.530255  0.556611  
7    T         8         0.530255  0.675667  
5    T         8         0.530255  0.675667  
3    T         8         0.530255  0.709251  
1    T         8         0.530255  0.709251  
4    T         8         0.530255  0.709251  
13   T         8         0.530255  0.709251  
9    T         8         0.530255  0.709251  
---------------------------------
---------------------------------

3--2最大流值为：8
最可靠最大流分布概率为 ： 0.530255
状态划分算法消耗的内存为：4.97266
状态划分算法运行时间(ms) ： 25.312
---------------------------------
流分布如下: 
---------------------------------
0   0   0   0   0   0   0   0   
0   0   0   0   0   0   0   0   
0   0   0   0   0   0   8   0   
0   0   0   0   0   0   0   0   
0   0   0   0   0   0   0   0   
0   8   0   0   0   0   0   0   
0   0   0   0   0   0   0   8   
0   0   0   0   0   8   0   0   
---------------------------------
关键边输出如下：
---------------------------------
8    T         0         0         0         
14   T         7         0         0         
6    T         8         0.383286  0.488394  
12   T         8         0.464306  0.487384  
11   T         8         0.530255  0.556611  
10   T         8         0.530255  0.556611  
2    T         8         0.530255  0.556611  
7    T         8         0.530255  0.675667  
5    T         8         0.530255  0.675667  
3    T         8         0.530255  0.709251  
1    T         8         0.530255  0.709251  
4    T         8         0.530255  0.709251  
13   T         8         0.530255  0.709251  
9    T         8         0.530255  0.709251  
---------------------------------
---------------------------------

3--2最大流值为：8
最可靠最大流分布概率为 ： 0.530255
状态划分算法消耗的内存为：4.97656
状态划分算法运行时间(ms) ： 24.922
---------------------------------
流分布如下: 
---------------------------------
0   0   0   0   0   0   0   0   
0   0   0   0   0   0   0   0   
0   0   0   0   0   0   8   0   
0   0   0   0   0   0   0   0   
0   0   0   0   0   0   0   0   
0   8   0   0   0   0   0   0   
0   0   0   0   0   0   0   8   
0   0   0   0   0   8   0   0   
---------------------------------
关键边输出如下：
---------------------------------
8    T         0         0         0         
14   T         7         0         0         
6    T         8         0.383286  0.488394  
12   T         8         0.464306  0.487384  
11   T         8         0.530255  0.556611  
10   T         8         0.530255  0.556611  
2    T         8         0.530255  0.556611  
7    T         8         0.530255  0.675667  
5    T         8         0.530255  0.675667  
3    T         8         0.530255  0.709251  
1    T         8         0.530255  0.709251  
4    T         8         0.530255  0.709251  
13   T         8         0.530255  0.709251  
9    T         8         0.530255  0.709251  
---------------------------------
---------------------------------

3--2最大流值为：8
最可靠最大流分布概率为 ： 0.530255
状态划分算法消耗的内存为：4.94922
状态划分算法运行时间(ms) ： 25.1843
---------------------------------
流分布如下: 
---------------------------------
0   0   0   0   0   0   0   0   
0   0   0   0   0   0   0   0   
0   0   0   0   0   0   8   0   
0   0   0   0   0   0   0   0   
0   0   0   0   0   0   0   0   
0   8   0   0   0   0   0   0   
0   0   0   0   0   0   0   8   
0   0   0   0   0   8   0   0   
---------------------------------
关键边输出如下：
---------------------------------
8    T         0         0         0         
14   T         7         0         0         
6    T         8         0.383286  0.488394  
12   T         8         0.464306  0.487384  
11   T         8         0.530255  0.556611  
10   T         8         0.530255  0.556611  
2    T         8         0.530255  0.556611  
7    T         8         0.530255  0.675667  
5    T         8         0.530255  0.675667  
3    T         8         0.530255  0.709251  
1    T         8         0.530255  0.709251  
4    T         8         0.530255  0.709251  
13   T         8         0.530255  0.709251  
9    T         8         0.530255  0.709251  
---------------------------------
---------------------------------

3--2最大流值为：8
最可靠最大流分布概率为 ： 0.530255
状态划分算法消耗的内存为：4.94531
状态划分算法运行时间(ms) ： 24.8055
---------------------------------
流分布如下: 
---------------------------------
0   0   0   0   0   0   0   0   
0   0   0   0   0   0   0   0   
0   0   0   0   0   0   8   0   
0   0   0   0   0   0   0   0   
0   0   0   0   0   0   0   0   
0   8   0   0   0   0   0   0   
0   0   0   0   0   0   0   8   
0   0   0   0   0   8   0   0   
---------------------------------
关键边输出如下：
---------------------------------
8    T         0         0         0         
14   T         7         0         0         
6    T         8         0.383286  0.488394  
12   T         8         0.464306  0.487384  
11   T         8         0.530255  0.556611  
10   T         8         0.530255  0.556611  
2    T         8         0.530255  0.556611  
7    T         8         0.530255  0.675667  
5    T         8         0.530255  0.675667  
3    T         8         0.530255  0.709251  
1    T         8         0.530255  0.709251  
4    T         8         0.530255  0.709251  
13   T         8         0.530255  0.709251  
9    T         8         0.530255  0.709251  
---------------------------------
---------------------------------

3--2最大流值为：8
最可靠最大流分布概率为 ： 0.530255
状态划分算法消耗的内存为：4.85156
状态划分算法运行时间(ms) ： 25.1795
---------------------------------
流分布如下: 
---------------------------------
0   0   0   0   0   0   0   0   
0   0   0   0   0   0   0   0   
0   0   0   0   0   0   8   0   
0   0   0   0   0   0   0   0   
0   0   0   0   0   0   0   0   
0   8   0   0   0   0   0   0   
0   0   0   0   0   0   0   8   
0   0   0   0   0   8   0   0   
---------------------------------
关键边输出如下：
---------------------------------
8    T         0         0         0         
14   T         7         0         0         
6    T         8         0.383286  0.488394  
12   T         8         0.464306  0.487384  
11   T         8         0.530255  0.556611  
10   T         8         0.530255  0.556611  
2    T         8         0.530255  0.556611  
7    T         8         0.530255  0.675667  
5    T         8         0.530255  0.675667  
3    T         8         0.530255  0.709251  
1    T         8         0.530255  0.709251  
4    T         8         0.530255  0.709251  
13   T         8         0.530255  0.709251  
9    T         8         0.530255  0.709251  
---------------------------------
---------------------------------

