g    #    1
s    15   30   
e    1    2    5    0.67    1
e    1    6    5    0.87    2
e    1    3    5    0.95    3
e    2    9    5    0.75    4
e    2    8    5    0.82    5
e    2    4    5    0.64    6
e    2    3    5    0.94    7
e    3    4    5    0.79    8
e    3    7    5    0.66    9
e    3    5    5    0.61    10
e    4    9    5    0.85    11
e    4    7    5    0.68    12
e    5    8    5    0.62    13
e    5    10    5    0.6    14
e    5    12    5    0.54    15
e    6    5    5    0.88    16
e    6    15    5    0.82    17
e    7    6    5    0.71    18
e    7    11    5    0.7    19
e    8    11    5    0.81    20
e    8    10    5    0.95    21
e    9    13    5    0.68    22
e    9    11    5    0.62    23
e    10    13    5    0.6    24
e    10    14    5    0.54    25
e    11    14    5    0.88    26
e    11    12    5    0.82    27
e    12    14    5    0.71    28
e    13    15    5    0.7    29
e    14    15    5    0.81    30
g    #    2
s    15   30 
e    1    2    10    0.67    1
e    1    6    10    0.87    2
e    1    3    10    0.95    3
e    2    9    10    0.75    4
e    2    8    10    0.82    5
e    2    4    10    0.64    6
e    2    3    10    0.94    7
e    3    4    10    0.79    8
e    3    7    10    0.66    9
e    3    5    10    0.61    10
e    4    9    10    0.85    11
e    4    7    10    0.68    12
e    5    8    10    0.62    13
e    5    10    10    0.6    14
e    5    12    10    0.54    15
e    6    5    10    0.88    16
e    6    15    10    0.82    17
e    7    6    10    0.71    18
e    7    11    10    0.7    19
e    8    11    10    0.81    20
e    8    10    10    0.95    21
e    9    13    10    0.68    22
e    9    11    10    0.62    23
e    10    13    10    0.6    24
e    10    14    10    0.54    25
e    11    14    10    0.88    26
e    11    12    10    0.82    27
e    12    14    10    0.71    28
e    13    15    10    0.7    29
e    14    15    10    0.81    30
g    #    3
s    15    30  
e    1    2    15    0.67    1
e    1    6    15    0.87    2
e    1    3    15    0.95    3
e    2    9    15    0.75    4
e    2    8    15    0.82    5
e    2    4    15    0.64    6
e    2    3    15    0.94    7
e    3    4    15    0.79    8
e    3    7    15    0.66    9
e    3    5    15    0.61    10
e    4    9    15    0.85    11
e    4    7    15    0.68    12
e    5    8    15    0.62    13
e    5    10    15    0.6    14
e    5    12    15    0.54    15
e    6    5    15    0.88    16
e    6    15    15    0.82    17
e    7    6    15    0.71    18
e    7    11    15    0.7    19
e    8    11    15    0.81    20
e    8    10    15    0.95    21
e    9    13    15    0.68    22
e    9    11    15    0.62    23
e    10    13    15    0.6    24
e    10    14    15    0.54    25
e    11    14    15    0.88    26
e    11    12    15    0.82    27
e    12    14    15    0.71    28
e    13    15    15    0.7    29
e    14    15    15    0.81    30
g    #    4
s    15   30  
e    1    2    20    0.67    1
e    1    6    20    0.87    2
e    1    3    20    0.95    3
e    2    9    20    0.75    4
e    2    8    20    0.82    5
e    2    4    20    0.64    6
e    2    3    20    0.94    7
e    3    4    20    0.79    8
e    3    7    20    0.66    9
e    3    5    20    0.61    10
e    4    9    20    0.85    11
e    4    7    20    0.68    12
e    5    8    20    0.62    13
e    5    10    20    0.6    14
e    5    12    20    0.54    15
e    6    5    20    0.88    16
e    6    15    20    0.82    17
e    7    6    20    0.71    18
e    7    11    20    0.7    19
e    8    11    20    0.81    20
e    8    10    20    0.95    21
e    9    13    20    0.68    22
e    9    11    20    0.62    23
e    10    13    20    0.6    24
e    10    14    20    0.54    25
e    11    14    20    0.88    26
e    11    12    20    0.82    27
e    12    14    20    0.71    28
e    13    15    20    0.7    29
e    14    15    20    0.81    30
g    #    5
s    15   30   
e    1    2    25    0.67    1
e    1    6    25    0.87    2
e    1    3    25    0.95    3
e    2    9    25    0.75    4
e    2    8    25    0.82    5
e    2    4    25    0.64    6
e    2    3    25    0.94    7
e    3    4    25    0.79    8
e    3    7    25    0.66    9
e    3    5    25    0.61    10
e    4    9    25    0.85    11
e    4    7    25    0.68    12
e    5    8    25    0.62    13
e    5    10    25    0.6    14
e    5    12    25    0.54    15
e    6    5    25    0.88    16
e    6    15    25    0.82    17
e    7    6    25    0.71    18
e    7    11    25    0.7    19
e    8    11    25    0.81    20
e    8    10    25    0.95    21
e    9    13    25    0.68    22
e    9    11    25    0.62    23
e    10    13    25    0.6    24
e    10    14    25    0.54    25
e    11    14    25    0.88    26
e    11    12    25    0.82    27
e    12    14    25    0.71    28
e    13    15    25    0.7    29
e    14    15    25    0.81    30
g    #    6
s    15   30  
e    1    2    30    0.67    1
e    1    6    30    0.87    2
e    1    3    30    0.95    3
e    2    9    30    0.75    4
e    2    8    30    0.82    5
e    2    4    30    0.64    6
e    2    3    30    0.94    7
e    3    4    30    0.79    8
e    3    7    30    0.66    9
e    3    5    30    0.61    10
e    4    9    30    0.85    11
e    4    7    30    0.68    12
e    5    8    30    0.62    13
e    5    10    30    0.6    14
e    5    12    30    0.54    15
e    6    5    30    0.88    16
e    6    15    30    0.82    17
e    7    6    30    0.71    18
e    7    11    30    0.7    19
e    8    11    30    0.81    20
e    8    10    30    0.95    21
e    9    13    30    0.68    22
e    9    11    30    0.62    23
e    10    13    30    0.6    24
e    10    14    30    0.54    25
e    11    14    30    0.88    26
e    11    12    30    0.82    27
e    12    14    30    0.71    28
e    13    15    30    0.7    29
e    14    15    30    0.81    30
g    #    0
