g    #    1
s    15    31  
e    1    2    10    0.766885    1
e    2    9    10    0.625101    2
e    2    13    10    0.80191    3
e    2    15    10    0.696458    4
e    3    2    10    0.597057    5
e    3    10    10    0.700046    6
e    3    11    10    0.706648    7
e    4    11    10    0.768295    8
e    4    13    10    0.680689    9
e    6    1    10    0.644476    10
e    6    5    10    0.929572    11
e    7    1    10    0.974525    12
e    7    3    10    0.565273    13
e    7    6    10    0.823476    14
e    8    11    10    0.80532    15
e    8    12    10    0.865749    16
e    8    13    10    0.962693    17
e    9    7    10    0.66765    18
e    9    8    10    0.793425    19
e    10    1    10    0.861067    20
e    10    9    10    0.826087    21
e    10    13    10    0.961468    22
e    11    5    10    0.684405    23
e    11    7    10    0.86069    24
e    11    14    10    0.772046    25
e    12    5    10    0.919403    26
e    12    7    10    0.509376    27
e    12    14    10    0.986055    28
e    13    11    10    0.893911    29
e    14    5    10    0.68602    30
e    15    7    10    0.535127    31
g    #    2
s    15   36   
e    2    1    10    0.796777    1
e    2    11    10    0.608615    2
e    2    12    10    0.853824    3
e    2    14    10    0.991387    4
e    3    5    10    0.98652    5
e    3    8    10    0.881084    6
e    4    1    10    0.733728    7
e    4    6    10    0.556043    8
e    4    9    10    0.908823    9
e    4    14    10    0.911373    10
e    5    6    10    0.997944    11
e    5    8    10    0.706169    12
e    5    11    10    0.941899    13
e    5    12    10    0.867201    14
e    6    2    10    0.749229    15
e    6    8    10    0.685945    16
e    6    9    10    0.643609    17
e    6    10    10    0.739897    18
e    7    1    10    0.518903    19
e    7    11    10    0.841771    20
e    8    2    10    0.750195    21
e    9    7    10    0.601091    22
e    9    8    10    0.552843    23
e    10    11    10    0.922419    24
e    10    15    10    0.990473    25
e    11    3    10    0.908511    26
e    11    9    10    0.661793    27
e    12    3    10    0.837104    28
e    13    5    10    0.84666    29
e    13    8    10    0.874083    30
e    13    9    10    0.563559    31
e    13    11    10    0.725785    32
e    14    5    10    0.651001    33
e    14    10    10    0.679869    34
e    14    15    10    0.750804    35
e    15    11    10    0.548365    36
g    #    3
s    15   42   
e    1    6    10    0.532596    1
e    2    3    10    0.529759    2
e    2    6    10    0.957025    3
e    2    7    10    0.722205    4
e    2    8    10    0.941208    5
e    2    10    10    0.965242    6
e    3    12    10    0.933431    7
e    3    13    10    0.523702    8
e    4    7    10    0.676095    9
e    5    15    10    0.5121    10
e    7    1    10    0.770856    11
e    7    8    10    0.548271    12
e    7    13    10    0.864693    13
e    8    1    10    0.789591    14
e    8    5    10    0.882921    15
e    8    11    10    0.693736    16
e    9    2    10    0.785265    17
e    9    4    10    0.513558    18
e    10    4    10    0.742647    19
e    10    7    10    0.667884    20
e    10    9    10    0.637246    21
e    10    12    10    0.989728    22
e    10    15    10    0.610931    23
e    11    2    10    0.819627    24
e    11    6    10    0.744487    25
e    11    9    10    0.639191    26
e    11    13    10    0.698924    27
e    12    4    10    0.833497    28
e    12    8    10    0.731136    29
e    12    11    10    0.723292    30
e    13    15    10    0.832538    31
e    14    4    10    0.800775    32
e    14    5    10    0.597063    33
e    14    9    10    0.724619    34
e    14    10    10    0.578462    35
e    14    13    10    0.927727    36
e    15    2    10    0.607279    37
e    15    3    10    0.542565    38
e    15    4    10    0.893725    39
e    15    9    10    0.798412    40
e    15    12    10    0.905797    41
e    15    14    10    0.950039    42
g    #    4
s    15   47  
e    1    6    10    0.984144    1
e    1    7    10    0.897445    2
e    1    11    10    0.687268    3
e    1    13    10    0.783133    4
e    2    12    10    0.882838    5
e    2    15    10    0.973096    6
e    3    4    10    0.64093    7
e    3    13    10    0.629809    8
e    4    5    10    0.913412    9
e    4    9    10    0.553216    10
e    4    10    10    0.766757    11
e    4    11    10    0.884282    12
e    4    13    10    0.743475    13
e    5    1    10    0.904405    14
e    5    2    10    0.693579    15
e    5    10    10    0.953874    16
e    5    12    10    0.594644    17
e    6    2    10    0.602451    18
e    7    8    10    0.930693    19
e    8    6    10    0.942678    20
e    8    9    10    0.855904    21
e    8    10    10    0.564887    22
e    9    2    10    0.79486    23
e    9    3    10    0.746052    24
e    9    6    10    0.919906    25
e    9    7    10    0.602864    26
e    9    12    10    0.853741    27
e    9    14    10    0.842302    28
e    10    13    10    0.807089    29
e    11    5    10    0.759647    30
e    11    6    10    0.773735    31
e    11    9    10    0.927873    32
e    11    12    10    0.941091    33
e    11    15    10    0.853354    34
e    12    1    10    0.965792    35
e    12    4    10    0.886282    36
e    12    8    10    0.662262    37
e    13    2    10    0.894318    38
e    13    8    10    0.921588    39
e    14    1    10    0.92955    40
e    14    3    10    0.864386    41
e    14    5    10    0.669211    42
e    14    6    10    0.982769    43
e    14    8    10    0.877117    44
e    14    13    10    0.524313    45
e    15    4    10    0.817691    46
e    15    6    10    0.925891    47
g    #    5
s    15   52  
e    1    8    10    0.848081    1
e    1    11    10    0.690664    2
e    1    15    10    0.723422    3
e    2    1    10    0.881671    4
e    2    7    10    0.989625    5
e    2    8    10    0.59696    6
e    2    10    10    0.737724    7
e    2    13    10    0.559981    8
e    3    4    10    0.812668    9
e    3    6    10    0.979381    10
e    3    13    10    0.908024    11
e    3    15    10    0.683305    12
e    4    6    10    0.815571    13
e    4    8    10    0.810848    14
e    4    9    10    0.923751    15
e    4    11    10    0.838521    16
e    4    12    10    0.637174    17
e    4    13    10    0.794458    18
e    5    3    10    0.556506    19
e    5    4    10    0.74537    20
e    5    10    10    0.589739    21
e    5    14    10    0.748192    22
e    5    15    10    0.666555    23
e    6    11    10    0.735764    24
e    6    12    10    0.771331    25
e    6    15    10    0.988196    26
e    7    3    10    0.6841    27
e    7    5    10    0.719991    28
e    7    13    10    0.779244    29
e    8    12    10    0.981837    30
e    8    14    10    0.611399    31
e    9    1    10    0.792827    32
e    9    2    10    0.719533    33
e    9    6    10    0.818069    34
e    10    1    10    0.766236    35
e    10    7    10    0.816285    36
e    10    9    10    0.790521    37
e    10    14    10    0.554882    38
e    11    2    10    0.691906    39
e    11    3    10    0.558415    40
e    12    7    10    0.668888    41
e    12    9    10    0.810038    42
e    12    11    10    0.598186    43
e    13    5    10    0.797549    44
e    13    9    10    0.924772    45
e    14    1    10    0.707336    46
e    14    2    10    0.539275    47
e    14    11    10    0.938437    48
e    14    13    10    0.979427    49
e    15    2    10    0.756551    50
e    15    7    10    0.743997    51
e    15    10    10    0.542837    52
g    #    0
