8--1最大流值为：63
最可靠最大流分布概率为 ： 0.0652329
状态划分算法消耗的内存为：4.91797
状态划分算法运行时间(ms) ： 5.99106
---------------------------------
流分布如下: 
---------------------------------
0   0   0   0   0   0   0   0   0   0   
22  0   0   0   0   0   0   0   0   0   
38  0   0   0   0   0   0   0   0   0   
0   0   0   0   0   0   0   0   0   0   
0   0   0   0   0   0   0   0   0   0   
3   0   0   0   0   0   0   0   0   0   
0   0   0   0   0   0   0   0   0   0   
0   22  38  0   0   0   0   0   0   3   
0   0   0   0   0   0   0   0   0   0   
0   0   0   0   0   3   0   0   0   0   
---------------------------------
关键边输出如下：
---------------------------------
5    A         25        0         0         
14   A         37        0         0         
13   A         41        0.0879793 0.103148  
2    A         41        0.109939  0.109939  
17   A         60        0.0854377 0.100169  
18   A         60        0.107421  0.125942  
10   B         63        0         0         
11   b         63        0         0         
1    C         63        0.0652329 0.0764802 
3    C         63        0.0652329 0.0764802 
4    C         63        0.0652329 0.0764802 
6    C         63        0.0652329 0.0764802 
7    C         63        0.0652329 0.0764802 
8    C         63        0.0652329 0.0764802 
9    C         63        0.0652329 0.0764802 
12   C         63        0.0652329 0.0764802 
15   C         63        0.0652329 0.0764802 
16   C         63        0.0652329 0.0764802 
---------------------------------
---------------------------------

8--1最大流值为：63
最可靠最大流分布概率为 ： 0.0652329
状态划分算法消耗的内存为：4.91406
状态划分算法运行时间(ms) ： 5.86458
---------------------------------
流分布如下: 
---------------------------------
0   0   0   0   0   0   0   0   0   0   
22  0   0   0   0   0   0   0   0   0   
38  0   0   0   0   0   0   0   0   0   
0   0   0   0   0   0   0   0   0   0   
0   0   0   0   0   0   0   0   0   0   
3   0   0   0   0   0   0   0   0   0   
0   0   0   0   0   0   0   0   0   0   
0   22  38  0   0   0   0   0   0   3   
0   0   0   0   0   0   0   0   0   0   
0   0   0   0   0   3   0   0   0   0   
---------------------------------
关键边输出如下：
---------------------------------
5    A         25        0         0         
14   A         37        0         0         
13   A         41        0.0879793 0.103148  
2    A         41        0.109939  0.109939  
17   A         60        0.0854377 0.100169  
18   A         60        0.107421  0.125942  
10   B         63        0         0         
11   b         63        0         0         
1    C         63        0.0652329 0.0764802 
3    C         63        0.0652329 0.0764802 
4    C         63        0.0652329 0.0764802 
6    C         63        0.0652329 0.0764802 
7    C         63        0.0652329 0.0764802 
8    C         63        0.0652329 0.0764802 
9    C         63        0.0652329 0.0764802 
12   C         63        0.0652329 0.0764802 
15   C         63        0.0652329 0.0764802 
16   C         63        0.0652329 0.0764802 
---------------------------------
---------------------------------

8--1最大流值为：63
最可靠最大流分布概率为 ： 0.0652329
状态划分算法消耗的内存为：20.7305
状态划分算法运行时间(ms) ： 5.76075
---------------------------------
流分布如下: 
---------------------------------
0   0   0   0   0   0   0   0   0   0   
22  0   0   0   0   0   0   0   0   0   
38  0   0   0   0   0   0   0   0   0   
0   0   0   0   0   0   0   0   0   0   
0   0   0   0   0   0   0   0   0   0   
3   0   0   0   0   0   0   0   0   0   
0   0   0   0   0   0   0   0   0   0   
0   22  38  0   0   0   0   0   0   3   
0   0   0   0   0   0   0   0   0   0   
0   0   0   0   0   3   0   0   0   0   
---------------------------------
关键边输出如下：
---------------------------------
5    A         25        0         0         
14   A         37        0         0         
13   A         41        0.0879793 0.103148  
2    A         41        0.109939  0.109939  
17   A         60        0.0854377 0.100169  
18   A         60        0.107421  0.125942  
10   B         63        0         0         
11   b         63        0         0         
1    C         63        0.0652329 0.0764802 
3    C         63        0.0652329 0.0764802 
4    C         63        0.0652329 0.0764802 
6    C         63        0.0652329 0.0764802 
7    C         63        0.0652329 0.0764802 
8    C         63        0.0652329 0.0764802 
9    C         63        0.0652329 0.0764802 
12   C         63        0.0652329 0.0764802 
15   C         63        0.0652329 0.0764802 
16   C         63        0.0652329 0.0764802 
---------------------------------
---------------------------------

8--1最大流值为：63
最可靠最大流分布概率为 ： 0.0652329
状态划分算法消耗的内存为：20.7422
状态划分算法运行时间(ms) ： 5.84224
---------------------------------
流分布如下: 
---------------------------------
0   0   0   0   0   0   0   0   0   0   
22  0   0   0   0   0   0   0   0   0   
38  0   0   0   0   0   0   0   0   0   
0   0   0   0   0   0   0   0   0   0   
0   0   0   0   0   0   0   0   0   0   
3   0   0   0   0   0   0   0   0   0   
0   0   0   0   0   0   0   0   0   0   
0   22  38  0   0   0   0   0   0   3   
0   0   0   0   0   0   0   0   0   0   
0   0   0   0   0   3   0   0   0   0   
---------------------------------
关键边输出如下：
---------------------------------
5    A         25        0         0         
14   A         37        0         0         
13   A         41        0.0879793 0.103148  
2    A         41        0.109939  0.109939  
17   A         60        0.0854377 0.100169  
18   A         60        0.107421  0.125942  
10   B         63        0         0         
11   b         63        0         0         
1    C         63        0.0652329 0.0764802 
3    C         63        0.0652329 0.0764802 
4    C         63        0.0652329 0.0764802 
6    C         63        0.0652329 0.0764802 
7    C         63        0.0652329 0.0764802 
8    C         63        0.0652329 0.0764802 
9    C         63        0.0652329 0.0764802 
12   C         63        0.0652329 0.0764802 
15   C         63        0.0652329 0.0764802 
16   C         63        0.0652329 0.0764802 
---------------------------------
---------------------------------

