1--3最大流值为：30
最可靠最大流分布概率为 ： 0.012557
状态划分算法消耗的内存为：4.91406
状态划分算法运行时间(ms) ： 9.39347
---------------------------------
流分布如下: 
---------------------------------
0   0   0   12  0   0   0   0   12  6   
0   0   0   0   0   0   0   0   0   0   
0   0   0   0   0   0   0   0   0   0   
0   0   14  0   1   0   0   0   0   0   
0   0   1   0   0   0   0   0   0   0   
0   0   0   0   0   0   0   0   0   0   
0   0   0   3   0   0   0   0   0   0   
0   0   0   0   0   0   3   0   0   0   
0   0   12  0   0   0   0   0   0   0   
0   0   3   0   0   0   0   3   0   0   
---------------------------------
关键边输出如下：
---------------------------------
1    A         18        0.0131402 0.0131402 
15   A         18        0.0135636 0.0135636 
2    A         18        0.0211626 0.0211626 
3    A         24        0         0         
17   A         27        0.0164463 0.0164463 
13   A         27        0.0169356 0.0169356 
18   A         27        0.0206779 0.0206779 
11   A         27        0.0231136 0.0231136 
7    A         29        0.018735  0.018735  
5    A         29        0.0229243 0.0229243 
4    A         29        0.0242616 0.0242616 
6    C         30        0.012557  0.012557  
8    C         30        0.012557  0.012557  
9    C         30        0.012557  0.012557  
10   C         30        0.012557  0.012557  
12   C         30        0.012557  0.012557  
14   C         30        0.012557  0.012557  
16   C         30        0.012557  0.012557  
---------------------------------
---------------------------------

1--3最大流值为：30
最可靠最大流分布概率为 ： 0.012557
状态划分算法消耗的内存为：20.7617
状态划分算法运行时间(ms) ： 9.28028
---------------------------------
流分布如下: 
---------------------------------
0   0   0   12  0   0   0   0   12  6   
0   0   0   0   0   0   0   0   0   0   
0   0   0   0   0   0   0   0   0   0   
0   0   14  0   1   0   0   0   0   0   
0   0   1   0   0   0   0   0   0   0   
0   0   0   0   0   0   0   0   0   0   
0   0   0   3   0   0   0   0   0   0   
0   0   0   0   0   0   3   0   0   0   
0   0   12  0   0   0   0   0   0   0   
0   0   3   0   0   0   0   3   0   0   
---------------------------------
关键边输出如下：
---------------------------------
1    A         18        0.0131402 0.0131402 
15   A         18        0.0135636 0.0135636 
2    A         18        0.0211626 0.0211626 
3    A         24        0         0         
17   A         27        0.0164463 0.0164463 
13   A         27        0.0169356 0.0169356 
18   A         27        0.0206779 0.0206779 
11   A         27        0.0231136 0.0231136 
7    A         29        0.018735  0.018735  
5    A         29        0.0229243 0.0229243 
4    A         29        0.0242616 0.0242616 
6    C         30        0.012557  0.012557  
8    C         30        0.012557  0.012557  
9    C         30        0.012557  0.012557  
10   C         30        0.012557  0.012557  
12   C         30        0.012557  0.012557  
14   C         30        0.012557  0.012557  
16   C         30        0.012557  0.012557  
---------------------------------
---------------------------------

1--3最大流值为：30
最可靠最大流分布概率为 ： 0.012557
状态划分算法消耗的内存为：20.7539
状态划分算法运行时间(ms) ： 9.23832
---------------------------------
流分布如下: 
---------------------------------
0   0   0   12  0   0   0   0   12  6   
0   0   0   0   0   0   0   0   0   0   
0   0   0   0   0   0   0   0   0   0   
0   0   14  0   1   0   0   0   0   0   
0   0   1   0   0   0   0   0   0   0   
0   0   0   0   0   0   0   0   0   0   
0   0   0   3   0   0   0   0   0   0   
0   0   0   0   0   0   3   0   0   0   
0   0   12  0   0   0   0   0   0   0   
0   0   3   0   0   0   0   3   0   0   
---------------------------------
关键边输出如下：
---------------------------------
1    A         18        0.0131402 0.0131402 
15   A         18        0.0135636 0.0135636 
2    A         18        0.0211626 0.0211626 
3    A         24        0         0         
17   A         27        0.0164463 0.0164463 
13   A         27        0.0169356 0.0169356 
18   A         27        0.0206779 0.0206779 
11   A         27        0.0231136 0.0231136 
7    A         29        0.018735  0.018735  
5    A         29        0.0229243 0.0229243 
4    A         29        0.0242616 0.0242616 
6    C         30        0.012557  0.012557  
8    C         30        0.012557  0.012557  
9    C         30        0.012557  0.012557  
10   C         30        0.012557  0.012557  
12   C         30        0.012557  0.012557  
14   C         30        0.012557  0.012557  
16   C         30        0.012557  0.012557  
---------------------------------
---------------------------------

1--3最大流值为：30
最可靠最大流分布概率为 ： 0.012557
状态划分算法消耗的内存为：4.91016
状态划分算法运行时间(ms) ： 9.42577
---------------------------------
流分布如下: 
---------------------------------
0   0   0   12  0   0   0   0   12  6   
0   0   0   0   0   0   0   0   0   0   
0   0   0   0   0   0   0   0   0   0   
0   0   14  0   1   0   0   0   0   0   
0   0   1   0   0   0   0   0   0   0   
0   0   0   0   0   0   0   0   0   0   
0   0   0   3   0   0   0   0   0   0   
0   0   0   0   0   0   3   0   0   0   
0   0   12  0   0   0   0   0   0   0   
0   0   3   0   0   0   0   3   0   0   
---------------------------------
关键边输出如下：
---------------------------------
1    A         18        0.0131402 0.0131402 
15   A         18        0.0135636 0.0135636 
2    A         18        0.0211626 0.0211626 
3    A         24        0         0         
17   A         27        0.0164463 0.0164463 
13   A         27        0.0169356 0.0169356 
18   A         27        0.0206779 0.0206779 
11   A         27        0.0231136 0.0231136 
7    A         29        0.018735  0.018735  
5    A         29        0.0229243 0.0229243 
4    A         29        0.0242616 0.0242616 
6    C         30        0.012557  0.012557  
8    C         30        0.012557  0.012557  
9    C         30        0.012557  0.012557  
10   C         30        0.012557  0.012557  
12   C         30        0.012557  0.012557  
14   C         30        0.012557  0.012557  
16   C         30        0.012557  0.012557  
---------------------------------
---------------------------------

