2--8最大流值为：52
最可靠最大流分布概率为 ： 0.028081
状态划分算法消耗的内存为：4.91406
状态划分算法运行时间(ms) ： 27.5502
---------------------------------
流分布如下: 
---------------------------------
0   0   0   0   0   0   0   12  0   0   
0   0   36  13  0   0   0   0   0   3   
12  0   0   0   0   0   12  25  0   0   
0   0   13  0   0   0   0   0   0   0   
0   0   0   0   0   0   0   0   0   0   
0   0   0   0   0   0   0   0   0   0   
0   0   0   0   0   0   0   12  0   0   
0   0   0   0   0   0   0   0   0   0   
0   0   0   0   0   0   0   0   0   0   
0   0   0   0   0   0   0   3   0   0   
---------------------------------
关键边输出如下：
---------------------------------
8    A         27        0         0         
3    A         29        0         0         
1    A         40        0.0293853 0.0427406 
15   A         40        0.030332  0.0441176 
7    A         40        0.0418968 0.0609386 
18   A         49        0         0         
10   A         51        0.0272119 0.0272119 
4    A         51        0.0399104 0.0399104 
5    B         52        0.0193889 0.0193889 
6    B         52        0.0206563 0.0294247 
2    b         52        0.028081  0.028081  
9    b         52        0.028081  0.0320752 
11   C         52        0.028081  0.0408437 
12   C         52        0.028081  0.0408437 
13   C         52        0.028081  0.0408437 
14   C         52        0.028081  0.0408437 
16   C         52        0.028081  0.0408437 
17   C         52        0.028081  0.0408437 
---------------------------------
---------------------------------

2--8最大流值为：52
最可靠最大流分布概率为 ： 0.028081
状态划分算法消耗的内存为：4.91406
状态划分算法运行时间(ms) ： 28.162
---------------------------------
流分布如下: 
---------------------------------
0   0   0   0   0   0   0   12  0   0   
0   0   36  13  0   0   0   0   0   3   
12  0   0   0   0   0   12  25  0   0   
0   0   13  0   0   0   0   0   0   0   
0   0   0   0   0   0   0   0   0   0   
0   0   0   0   0   0   0   0   0   0   
0   0   0   0   0   0   0   12  0   0   
0   0   0   0   0   0   0   0   0   0   
0   0   0   0   0   0   0   0   0   0   
0   0   0   0   0   0   0   3   0   0   
---------------------------------
关键边输出如下：
---------------------------------
8    A         27        0         0         
3    A         29        0         0         
1    A         40        0.0293853 0.0427406 
15   A         40        0.030332  0.0441176 
7    A         40        0.0418968 0.0609386 
18   A         49        0         0         
10   A         51        0.0272119 0.0272119 
4    A         51        0.0399104 0.0399104 
5    B         52        0.0193889 0.0193889 
6    B         52        0.0206563 0.0294247 
2    b         52        0.028081  0.028081  
9    b         52        0.028081  0.0320752 
11   C         52        0.028081  0.0408437 
12   C         52        0.028081  0.0408437 
13   C         52        0.028081  0.0408437 
14   C         52        0.028081  0.0408437 
16   C         52        0.028081  0.0408437 
17   C         52        0.028081  0.0408437 
---------------------------------
---------------------------------

2--8最大流值为：52
最可靠最大流分布概率为 ： 0.028081
状态划分算法消耗的内存为：20.7773
状态划分算法运行时间(ms) ： 27.1544
---------------------------------
流分布如下: 
---------------------------------
0   0   0   0   0   0   0   12  0   0   
0   0   36  13  0   0   0   0   0   3   
12  0   0   0   0   0   12  25  0   0   
0   0   13  0   0   0   0   0   0   0   
0   0   0   0   0   0   0   0   0   0   
0   0   0   0   0   0   0   0   0   0   
0   0   0   0   0   0   0   12  0   0   
0   0   0   0   0   0   0   0   0   0   
0   0   0   0   0   0   0   0   0   0   
0   0   0   0   0   0   0   3   0   0   
---------------------------------
关键边输出如下：
---------------------------------
8    A         27        0         0         
3    A         29        0         0         
1    A         40        0.0293853 0.0427406 
15   A         40        0.030332  0.0441176 
7    A         40        0.0418968 0.0609386 
18   A         49        0         0         
10   A         51        0.0272119 0.0272119 
4    A         51        0.0399104 0.0399104 
5    B         52        0.0193889 0.0193889 
6    B         52        0.0206563 0.0294247 
2    b         52        0.028081  0.028081  
9    b         52        0.028081  0.0320752 
11   C         52        0.028081  0.0408437 
12   C         52        0.028081  0.0408437 
13   C         52        0.028081  0.0408437 
14   C         52        0.028081  0.0408437 
16   C         52        0.028081  0.0408437 
17   C         52        0.028081  0.0408437 
---------------------------------
---------------------------------

2--8最大流值为：52
最可靠最大流分布概率为 ： 0.028081
状态划分算法消耗的内存为：20.7383
状态划分算法运行时间(ms) ： 27.3709
---------------------------------
流分布如下: 
---------------------------------
0   0   0   0   0   0   0   12  0   0   
0   0   36  13  0   0   0   0   0   3   
12  0   0   0   0   0   12  25  0   0   
0   0   13  0   0   0   0   0   0   0   
0   0   0   0   0   0   0   0   0   0   
0   0   0   0   0   0   0   0   0   0   
0   0   0   0   0   0   0   12  0   0   
0   0   0   0   0   0   0   0   0   0   
0   0   0   0   0   0   0   0   0   0   
0   0   0   0   0   0   0   3   0   0   
---------------------------------
关键边输出如下：
---------------------------------
8    A         27        0         0         
3    A         29        0         0         
1    A         40        0.0293853 0.0427406 
15   A         40        0.030332  0.0441176 
7    A         40        0.0418968 0.0609386 
18   A         49        0         0         
10   A         51        0.0272119 0.0272119 
4    A         51        0.0399104 0.0399104 
5    B         52        0.0193889 0.0193889 
6    B         52        0.0206563 0.0294247 
2    b         52        0.028081  0.028081  
9    b         52        0.028081  0.0320752 
11   C         52        0.028081  0.0408437 
12   C         52        0.028081  0.0408437 
13   C         52        0.028081  0.0408437 
14   C         52        0.028081  0.0408437 
16   C         52        0.028081  0.0408437 
17   C         52        0.028081  0.0408437 
---------------------------------
---------------------------------

