3--4最大流值为：55
最可靠最大流分布概率为 ： 0.0597624
状态划分算法消耗的内存为：20.7422
状态划分算法运行时间(ms) ： 83.202
---------------------------------
流分布如下: 
---------------------------------
0   0   0   0   0   0   0   0   0   0   
0   0   0   0   0   0   0   0   0   0   
0   0   0   38  0   3   14  0   0   0   
0   0   0   0   0   0   0   0   0   0   
0   0   0   0   0   0   0   0   0   0   
0   0   0   0   0   0   0   0   0   3   
0   0   0   17  0   0   0   0   0   0   
0   0   0   0   0   0   0   0   0   0   
0   0   0   0   0   0   0   0   0   0   
0   0   0   0   0   0   3   0   0   0   
---------------------------------
关键边输出如下：
---------------------------------
5    A         17        0         0         
12   A         38        0         0         
7    A         41        0         0         
18   A         52        0         0         
11   B         55        0.0475751 0.0475751 
6    B         55        0.0475751 0.0811785 
4    b         55        0.0597624 0.0687702 
3    b         55        0.0597624 0.0707101 
8    b         55        0.0597624 0.0882128 
15   b         55        0.0597624 0.0893128 
2    b         55        0.0597624 0.0926001 
9    b         55        0.0597624 0.092794  
16   b         55        0.0597624 0.092794  
1    b         55        0.0597624 0.0928866 
14   b         55        0.0597624 0.092905  
10   C         55        0.0597624 0.0929866 
13   C         55        0.0597624 0.0929866 
17   C         55        0.0597624 0.0929866 
---------------------------------
---------------------------------

3--4最大流值为：55
最可靠最大流分布概率为 ： 0.0597624
状态划分算法消耗的内存为：20.7383
状态划分算法运行时间(ms) ： 82.3308
---------------------------------
流分布如下: 
---------------------------------
0   0   0   0   0   0   0   0   0   0   
0   0   0   0   0   0   0   0   0   0   
0   0   0   38  0   3   14  0   0   0   
0   0   0   0   0   0   0   0   0   0   
0   0   0   0   0   0   0   0   0   0   
0   0   0   0   0   0   0   0   0   3   
0   0   0   17  0   0   0   0   0   0   
0   0   0   0   0   0   0   0   0   0   
0   0   0   0   0   0   0   0   0   0   
0   0   0   0   0   0   3   0   0   0   
---------------------------------
关键边输出如下：
---------------------------------
5    A         17        0         0         
12   A         38        0         0         
7    A         41        0         0         
18   A         52        0         0         
11   B         55        0.0475751 0.0475751 
6    B         55        0.0475751 0.0811785 
4    b         55        0.0597624 0.0687702 
3    b         55        0.0597624 0.0707101 
8    b         55        0.0597624 0.0882128 
15   b         55        0.0597624 0.0893128 
2    b         55        0.0597624 0.0926001 
9    b         55        0.0597624 0.092794  
16   b         55        0.0597624 0.092794  
1    b         55        0.0597624 0.0928866 
14   b         55        0.0597624 0.092905  
10   C         55        0.0597624 0.0929866 
13   C         55        0.0597624 0.0929866 
17   C         55        0.0597624 0.0929866 
---------------------------------
---------------------------------

3--4最大流值为：55
最可靠最大流分布概率为 ： 0.0597624
状态划分算法消耗的内存为：4.88281
状态划分算法运行时间(ms) ： 82.3381
---------------------------------
流分布如下: 
---------------------------------
0   0   0   0   0   0   0   0   0   0   
0   0   0   0   0   0   0   0   0   0   
0   0   0   38  0   3   14  0   0   0   
0   0   0   0   0   0   0   0   0   0   
0   0   0   0   0   0   0   0   0   0   
0   0   0   0   0   0   0   0   0   3   
0   0   0   17  0   0   0   0   0   0   
0   0   0   0   0   0   0   0   0   0   
0   0   0   0   0   0   0   0   0   0   
0   0   0   0   0   0   3   0   0   0   
---------------------------------
关键边输出如下：
---------------------------------
5    A         17        0         0         
12   A         38        0         0         
7    A         41        0         0         
18   A         52        0         0         
11   B         55        0.0475751 0.0475751 
6    B         55        0.0475751 0.0811785 
4    b         55        0.0597624 0.0687702 
3    b         55        0.0597624 0.0707101 
8    b         55        0.0597624 0.0882128 
15   b         55        0.0597624 0.0893128 
2    b         55        0.0597624 0.0926001 
9    b         55        0.0597624 0.092794  
16   b         55        0.0597624 0.092794  
1    b         55        0.0597624 0.0928866 
14   b         55        0.0597624 0.092905  
10   C         55        0.0597624 0.0929866 
13   C         55        0.0597624 0.0929866 
17   C         55        0.0597624 0.0929866 
---------------------------------
---------------------------------

3--4最大流值为：55
最可靠最大流分布概率为 ： 0.0597624
状态划分算法消耗的内存为：4.89844
状态划分算法运行时间(ms) ： 83.1223
---------------------------------
流分布如下: 
---------------------------------
0   0   0   0   0   0   0   0   0   0   
0   0   0   0   0   0   0   0   0   0   
0   0   0   38  0   3   14  0   0   0   
0   0   0   0   0   0   0   0   0   0   
0   0   0   0   0   0   0   0   0   0   
0   0   0   0   0   0   0   0   0   3   
0   0   0   17  0   0   0   0   0   0   
0   0   0   0   0   0   0   0   0   0   
0   0   0   0   0   0   0   0   0   0   
0   0   0   0   0   0   3   0   0   0   
---------------------------------
关键边输出如下：
---------------------------------
5    A         17        0         0         
12   A         38        0         0         
7    A         41        0         0         
18   A         52        0         0         
11   B         55        0.0475751 0.0475751 
6    B         55        0.0475751 0.0811785 
4    b         55        0.0597624 0.0687702 
3    b         55        0.0597624 0.0707101 
8    b         55        0.0597624 0.0882128 
15   b         55        0.0597624 0.0893128 
2    b         55        0.0597624 0.0926001 
9    b         55        0.0597624 0.092794  
16   b         55        0.0597624 0.092794  
1    b         55        0.0597624 0.0928866 
14   b         55        0.0597624 0.092905  
10   C         55        0.0597624 0.0929866 
13   C         55        0.0597624 0.0929866 
17   C         55        0.0597624 0.0929866 
---------------------------------
---------------------------------

