1--4最大流值为：47
最可靠最大流分布概率为 ： 0.0355748
状态划分算法消耗的内存为：4.91406
状态划分算法运行时间(ms) ： 16.9336
---------------------------------
流分布如下: 
---------------------------------
0   12  35  0   0   0   0   0   0   0   
0   0   0   0   12  0   0   0   0   0   
0   0   0   0   35  0   0   0   0   0   
0   0   0   0   0   0   0   0   0   0   
0   0   0   22  0   0   25  0   0   0   
0   0   0   0   0   0   0   0   0   0   
0   0   0   22  0   0   0   0   0   3   
0   0   0   0   0   0   0   0   0   0   
0   0   0   0   0   0   0   0   0   0   
0   0   0   3   0   0   0   0   0   0   
---------------------------------
关键边输出如下：
---------------------------------
2    A         12        0         0         
13   A         25        0.0479796 0.0592102 
9    A         25        0.0691914 0.0853871 
10   A         28        0         0         
1    A         37        0         0         
5    A         41        0         0         
3    A         43        0         0         
17   A         44        0         0         
14   B         47        0         0         
11   b         47        0.0355748 0.0411026 
4    b         47        0.0355748 0.0413772 
6    C         47        0.0355748 0.0439019 
7    C         47        0.0355748 0.0439019 
8    C         47        0.0355748 0.0439019 
12   C         47        0.0355748 0.0439019 
15   C         47        0.0355748 0.0439019 
16   C         47        0.0355748 0.0439019 
18   C         47        0.0355748 0.0439019 
---------------------------------
---------------------------------

1--4最大流值为：47
最可靠最大流分布概率为 ： 0.0355748
状态划分算法消耗的内存为：20.7383
状态划分算法运行时间(ms) ： 16.8397
---------------------------------
流分布如下: 
---------------------------------
0   12  35  0   0   0   0   0   0   0   
0   0   0   0   12  0   0   0   0   0   
0   0   0   0   35  0   0   0   0   0   
0   0   0   0   0   0   0   0   0   0   
0   0   0   22  0   0   25  0   0   0   
0   0   0   0   0   0   0   0   0   0   
0   0   0   22  0   0   0   0   0   3   
0   0   0   0   0   0   0   0   0   0   
0   0   0   0   0   0   0   0   0   0   
0   0   0   3   0   0   0   0   0   0   
---------------------------------
关键边输出如下：
---------------------------------
2    A         12        0         0         
13   A         25        0.0479796 0.0592102 
9    A         25        0.0691914 0.0853871 
10   A         28        0         0         
1    A         37        0         0         
5    A         41        0         0         
3    A         43        0         0         
17   A         44        0         0         
14   B         47        0         0         
11   b         47        0.0355748 0.0411026 
4    b         47        0.0355748 0.0413772 
6    C         47        0.0355748 0.0439019 
7    C         47        0.0355748 0.0439019 
8    C         47        0.0355748 0.0439019 
12   C         47        0.0355748 0.0439019 
15   C         47        0.0355748 0.0439019 
16   C         47        0.0355748 0.0439019 
18   C         47        0.0355748 0.0439019 
---------------------------------
---------------------------------

1--4最大流值为：47
最可靠最大流分布概率为 ： 0.0355748
状态划分算法消耗的内存为：20.7617
状态划分算法运行时间(ms) ： 17.1377
---------------------------------
流分布如下: 
---------------------------------
0   12  35  0   0   0   0   0   0   0   
0   0   0   0   12  0   0   0   0   0   
0   0   0   0   35  0   0   0   0   0   
0   0   0   0   0   0   0   0   0   0   
0   0   0   22  0   0   25  0   0   0   
0   0   0   0   0   0   0   0   0   0   
0   0   0   22  0   0   0   0   0   3   
0   0   0   0   0   0   0   0   0   0   
0   0   0   0   0   0   0   0   0   0   
0   0   0   3   0   0   0   0   0   0   
---------------------------------
关键边输出如下：
---------------------------------
2    A         12        0         0         
13   A         25        0.0479796 0.0592102 
9    A         25        0.0691914 0.0853871 
10   A         28        0         0         
1    A         37        0         0         
5    A         41        0         0         
3    A         43        0         0         
17   A         44        0         0         
14   B         47        0         0         
11   b         47        0.0355748 0.0411026 
4    b         47        0.0355748 0.0413772 
6    C         47        0.0355748 0.0439019 
7    C         47        0.0355748 0.0439019 
8    C         47        0.0355748 0.0439019 
12   C         47        0.0355748 0.0439019 
15   C         47        0.0355748 0.0439019 
16   C         47        0.0355748 0.0439019 
18   C         47        0.0355748 0.0439019 
---------------------------------
---------------------------------

1--4最大流值为：47
最可靠最大流分布概率为 ： 0.0355748
状态划分算法消耗的内存为：4.92578
状态划分算法运行时间(ms) ： 17.7525
---------------------------------
流分布如下: 
---------------------------------
0   12  35  0   0   0   0   0   0   0   
0   0   0   0   12  0   0   0   0   0   
0   0   0   0   35  0   0   0   0   0   
0   0   0   0   0   0   0   0   0   0   
0   0   0   22  0   0   25  0   0   0   
0   0   0   0   0   0   0   0   0   0   
0   0   0   22  0   0   0   0   0   3   
0   0   0   0   0   0   0   0   0   0   
0   0   0   0   0   0   0   0   0   0   
0   0   0   3   0   0   0   0   0   0   
---------------------------------
关键边输出如下：
---------------------------------
2    A         12        0         0         
13   A         25        0.0479796 0.0592102 
9    A         25        0.0691914 0.0853871 
10   A         28        0         0         
1    A         37        0         0         
5    A         41        0         0         
3    A         43        0         0         
17   A         44        0         0         
14   B         47        0         0         
11   b         47        0.0355748 0.0411026 
4    b         47        0.0355748 0.0413772 
6    C         47        0.0355748 0.0439019 
7    C         47        0.0355748 0.0439019 
8    C         47        0.0355748 0.0439019 
12   C         47        0.0355748 0.0439019 
15   C         47        0.0355748 0.0439019 
16   C         47        0.0355748 0.0439019 
18   C         47        0.0355748 0.0439019 
---------------------------------
---------------------------------

