6--5最大流值为：26
最可靠最大流分布概率为 ： 0.132277
状态划分算法消耗的内存为：20.8242
状态划分算法运行时间(ms) ： 1218.97
---------------------------------
流分布如下: 
---------------------------------
0   0   0   0   13  0   0   0   0   0   0   0   
0   0   0   0   0   0   0   0   0   0   0   0   
0   0   0   0   13  0   0   0   0   0   0   0   
0   0   0   0   0   0   0   0   0   0   0   0   
0   0   0   0   0   0   0   0   0   0   0   0   
0   0   0   0   0   0   13  0   13  0   0   0   
13  0   0   0   0   0   0   0   0   0   0   0   
0   0   0   0   0   0   0   0   0   0   0   0   
0   0   0   0   0   0   0   0   0   0   0   13  
0   0   13  0   0   0   0   0   0   0   0   0   
0   0   0   0   0   0   0   0   0   0   0   0   
0   0   0   0   0   0   0   0   0   13  0   0   
---------------------------------
关键边输出如下：
---------------------------------
18   A         13        0.172679  0.286909  
1    A         13        0.192775  0.320299  
4    A         13        0.26368   0.438109  
11   B         26        0.0686003 0.144563  
14   B         26        0.0686003 0.144563  
12   B         26        0.0724632 0.118602  
17   B         26        0.116865  0.180901  
22   B         26        0.116865  0.201068  
3    b         26        0.132277  0.18397   
15   b         26        0.132277  0.197258  
19   b         26        0.132277  0.206791  
10   b         26        0.132277  0.211118  
13   b         26        0.132277  0.211862  
7    b         26        0.132277  0.212123  
9    b         26        0.132277  0.21225   
20   b         26        0.132277  0.213619  
2    b         26        0.132277  0.214369  
8    b         26        0.132277  0.218845  
21   b         26        0.132277  0.219552  
16   b         26        0.132277  0.219715  
5    C         26        0.132277  0.21978   
6    C         26        0.132277  0.21978   
---------------------------------
---------------------------------

6--5最大流值为：26
最可靠最大流分布概率为 ： 0.132277
状态划分算法消耗的内存为：20.8281
状态划分算法运行时间(ms) ： 1218.03
---------------------------------
流分布如下: 
---------------------------------
0   0   0   0   13  0   0   0   0   0   0   0   
0   0   0   0   0   0   0   0   0   0   0   0   
0   0   0   0   13  0   0   0   0   0   0   0   
0   0   0   0   0   0   0   0   0   0   0   0   
0   0   0   0   0   0   0   0   0   0   0   0   
0   0   0   0   0   0   13  0   13  0   0   0   
13  0   0   0   0   0   0   0   0   0   0   0   
0   0   0   0   0   0   0   0   0   0   0   0   
0   0   0   0   0   0   0   0   0   0   0   13  
0   0   13  0   0   0   0   0   0   0   0   0   
0   0   0   0   0   0   0   0   0   0   0   0   
0   0   0   0   0   0   0   0   0   13  0   0   
---------------------------------
关键边输出如下：
---------------------------------
18   A         13        0.172679  0.286909  
1    A         13        0.192775  0.320299  
4    A         13        0.26368   0.438109  
11   B         26        0.0686003 0.144563  
14   B         26        0.0686003 0.144563  
12   B         26        0.0724632 0.118602  
17   B         26        0.116865  0.180901  
22   B         26        0.116865  0.201068  
3    b         26        0.132277  0.18397   
15   b         26        0.132277  0.197258  
19   b         26        0.132277  0.206791  
10   b         26        0.132277  0.211118  
13   b         26        0.132277  0.211862  
7    b         26        0.132277  0.212123  
9    b         26        0.132277  0.21225   
20   b         26        0.132277  0.213619  
2    b         26        0.132277  0.214369  
8    b         26        0.132277  0.218845  
21   b         26        0.132277  0.219552  
16   b         26        0.132277  0.219715  
5    C         26        0.132277  0.21978   
6    C         26        0.132277  0.21978   
---------------------------------
---------------------------------

6--5最大流值为：26
最可靠最大流分布概率为 ： 0.132277
状态划分算法消耗的内存为：20.8398
状态划分算法运行时间(ms) ： 1204.53
---------------------------------
流分布如下: 
---------------------------------
0   0   0   0   13  0   0   0   0   0   0   0   
0   0   0   0   0   0   0   0   0   0   0   0   
0   0   0   0   13  0   0   0   0   0   0   0   
0   0   0   0   0   0   0   0   0   0   0   0   
0   0   0   0   0   0   0   0   0   0   0   0   
0   0   0   0   0   0   13  0   13  0   0   0   
13  0   0   0   0   0   0   0   0   0   0   0   
0   0   0   0   0   0   0   0   0   0   0   0   
0   0   0   0   0   0   0   0   0   0   0   13  
0   0   13  0   0   0   0   0   0   0   0   0   
0   0   0   0   0   0   0   0   0   0   0   0   
0   0   0   0   0   0   0   0   0   13  0   0   
---------------------------------
关键边输出如下：
---------------------------------
18   A         13        0.172679  0.286909  
1    A         13        0.192775  0.320299  
4    A         13        0.26368   0.438109  
11   B         26        0.0686003 0.144563  
14   B         26        0.0686003 0.144563  
12   B         26        0.0724632 0.118602  
17   B         26        0.116865  0.180901  
22   B         26        0.116865  0.201068  
3    b         26        0.132277  0.18397   
15   b         26        0.132277  0.197258  
19   b         26        0.132277  0.206791  
10   b         26        0.132277  0.211118  
13   b         26        0.132277  0.211862  
7    b         26        0.132277  0.212123  
9    b         26        0.132277  0.21225   
20   b         26        0.132277  0.213619  
2    b         26        0.132277  0.214369  
8    b         26        0.132277  0.218845  
21   b         26        0.132277  0.219552  
16   b         26        0.132277  0.219715  
5    C         26        0.132277  0.21978   
6    C         26        0.132277  0.21978   
---------------------------------
---------------------------------

6--5最大流值为：26
最可靠最大流分布概率为 ： 0.132277
状态划分算法消耗的内存为：20.832
状态划分算法运行时间(ms) ： 1201.65
---------------------------------
流分布如下: 
---------------------------------
0   0   0   0   13  0   0   0   0   0   0   0   
0   0   0   0   0   0   0   0   0   0   0   0   
0   0   0   0   13  0   0   0   0   0   0   0   
0   0   0   0   0   0   0   0   0   0   0   0   
0   0   0   0   0   0   0   0   0   0   0   0   
0   0   0   0   0   0   13  0   13  0   0   0   
13  0   0   0   0   0   0   0   0   0   0   0   
0   0   0   0   0   0   0   0   0   0   0   0   
0   0   0   0   0   0   0   0   0   0   0   13  
0   0   13  0   0   0   0   0   0   0   0   0   
0   0   0   0   0   0   0   0   0   0   0   0   
0   0   0   0   0   0   0   0   0   13  0   0   
---------------------------------
关键边输出如下：
---------------------------------
18   A         13        0.172679  0.286909  
1    A         13        0.192775  0.320299  
4    A         13        0.26368   0.438109  
11   B         26        0.0686003 0.144563  
14   B         26        0.0686003 0.144563  
12   B         26        0.0724632 0.118602  
17   B         26        0.116865  0.180901  
22   B         26        0.116865  0.201068  
3    b         26        0.132277  0.18397   
15   b         26        0.132277  0.197258  
19   b         26        0.132277  0.206791  
10   b         26        0.132277  0.211118  
13   b         26        0.132277  0.211862  
7    b         26        0.132277  0.212123  
9    b         26        0.132277  0.21225   
20   b         26        0.132277  0.213619  
2    b         26        0.132277  0.214369  
8    b         26        0.132277  0.218845  
21   b         26        0.132277  0.219552  
16   b         26        0.132277  0.219715  
5    C         26        0.132277  0.21978   
6    C         26        0.132277  0.21978   
---------------------------------
---------------------------------

