12--6最大流值为：62
最可靠最大流分布概率为 ： 0.0330876
状态划分算法消耗的内存为：20.7383
状态划分算法运行时间(ms) ： 89.864
---------------------------------
流分布如下: 
---------------------------------
0   0   0   0   0   5   0   0   0   0   0   0   
0   0   0   0   0   0   29  0   0   0   0   0   
5   0   0   0   0   0   0   0   0   0   0   0   
0   0   0   0   0   0   0   0   0   0   0   0   
0   0   0   0   0   0   0   0   0   0   0   0   
0   0   0   0   0   0   0   0   0   0   0   0   
0   0   0   0   0   0   0   29  0   0   0   0   
0   0   0   0   0   29  0   0   0   0   0   0   
0   0   0   0   0   0   0   0   0   0   0   0   
0   0   0   0   0   0   0   0   0   0   0   0   
0   0   5   0   0   16  0   0   0   0   0   0   
0   29  0   0   0   12  0   0   0   0   21  0   
---------------------------------
关键边输出如下：
---------------------------------
20   A         33        0         0         
22   A         41        0         0         
21   A         50        0         0         
19   A         54        0         0         
5    A         55        0.0117214 0.0117214 
13   A         55        0.0124548 0.0129086 
12   A         55        0.0145174 0.0150464 
18   A         57        0.0431938 0.0431938 
1    A         57        0.0482205 0.0482205 
6    A         57        0.0564287 0.0564287 
8    b         62        0.0330876 0.0330876 
4    b         62        0.0330876 0.0330876 
3    b         62        0.0330876 0.0330876 
11   b         62        0.0330876 0.0330876 
2    C         62        0.0330876 0.0330876 
7    C         62        0.0330876 0.0330876 
9    C         62        0.0330876 0.0330876 
10   C         62        0.0330876 0.0330876 
14   C         62        0.0330876 0.0330876 
15   C         62        0.0330876 0.0330876 
16   C         62        0.0330876 0.0330876 
17   C         62        0.0330876 0.0330876 
---------------------------------
---------------------------------

12--6最大流值为：62
最可靠最大流分布概率为 ： 0.0330876
状态划分算法消耗的内存为：20.7383
状态划分算法运行时间(ms) ： 89.2368
---------------------------------
流分布如下: 
---------------------------------
0   0   0   0   0   5   0   0   0   0   0   0   
0   0   0   0   0   0   29  0   0   0   0   0   
5   0   0   0   0   0   0   0   0   0   0   0   
0   0   0   0   0   0   0   0   0   0   0   0   
0   0   0   0   0   0   0   0   0   0   0   0   
0   0   0   0   0   0   0   0   0   0   0   0   
0   0   0   0   0   0   0   29  0   0   0   0   
0   0   0   0   0   29  0   0   0   0   0   0   
0   0   0   0   0   0   0   0   0   0   0   0   
0   0   0   0   0   0   0   0   0   0   0   0   
0   0   5   0   0   16  0   0   0   0   0   0   
0   29  0   0   0   12  0   0   0   0   21  0   
---------------------------------
关键边输出如下：
---------------------------------
20   A         33        0         0         
22   A         41        0         0         
21   A         50        0         0         
19   A         54        0         0         
5    A         55        0.0117214 0.0117214 
13   A         55        0.0124548 0.0129086 
12   A         55        0.0145174 0.0150464 
18   A         57        0.0431938 0.0431938 
1    A         57        0.0482205 0.0482205 
6    A         57        0.0564287 0.0564287 
8    b         62        0.0330876 0.0330876 
4    b         62        0.0330876 0.0330876 
3    b         62        0.0330876 0.0330876 
11   b         62        0.0330876 0.0330876 
2    C         62        0.0330876 0.0330876 
7    C         62        0.0330876 0.0330876 
9    C         62        0.0330876 0.0330876 
10   C         62        0.0330876 0.0330876 
14   C         62        0.0330876 0.0330876 
15   C         62        0.0330876 0.0330876 
16   C         62        0.0330876 0.0330876 
17   C         62        0.0330876 0.0330876 
---------------------------------
---------------------------------

12--6最大流值为：62
最可靠最大流分布概率为 ： 0.0330876
状态划分算法消耗的内存为：20.7461
状态划分算法运行时间(ms) ： 90.0998
---------------------------------
流分布如下: 
---------------------------------
0   0   0   0   0   5   0   0   0   0   0   0   
0   0   0   0   0   0   29  0   0   0   0   0   
5   0   0   0   0   0   0   0   0   0   0   0   
0   0   0   0   0   0   0   0   0   0   0   0   
0   0   0   0   0   0   0   0   0   0   0   0   
0   0   0   0   0   0   0   0   0   0   0   0   
0   0   0   0   0   0   0   29  0   0   0   0   
0   0   0   0   0   29  0   0   0   0   0   0   
0   0   0   0   0   0   0   0   0   0   0   0   
0   0   0   0   0   0   0   0   0   0   0   0   
0   0   5   0   0   16  0   0   0   0   0   0   
0   29  0   0   0   12  0   0   0   0   21  0   
---------------------------------
关键边输出如下：
---------------------------------
20   A         33        0         0         
22   A         41        0         0         
21   A         50        0         0         
19   A         54        0         0         
5    A         55        0.0117214 0.0117214 
13   A         55        0.0124548 0.0129086 
12   A         55        0.0145174 0.0150464 
18   A         57        0.0431938 0.0431938 
1    A         57        0.0482205 0.0482205 
6    A         57        0.0564287 0.0564287 
8    b         62        0.0330876 0.0330876 
4    b         62        0.0330876 0.0330876 
3    b         62        0.0330876 0.0330876 
11   b         62        0.0330876 0.0330876 
2    C         62        0.0330876 0.0330876 
7    C         62        0.0330876 0.0330876 
9    C         62        0.0330876 0.0330876 
10   C         62        0.0330876 0.0330876 
14   C         62        0.0330876 0.0330876 
15   C         62        0.0330876 0.0330876 
16   C         62        0.0330876 0.0330876 
17   C         62        0.0330876 0.0330876 
---------------------------------
---------------------------------

12--6最大流值为：62
最可靠最大流分布概率为 ： 0.0330876
状态划分算法消耗的内存为：4.92188
状态划分算法运行时间(ms) ： 89.6053
---------------------------------
流分布如下: 
---------------------------------
0   0   0   0   0   5   0   0   0   0   0   0   
0   0   0   0   0   0   29  0   0   0   0   0   
5   0   0   0   0   0   0   0   0   0   0   0   
0   0   0   0   0   0   0   0   0   0   0   0   
0   0   0   0   0   0   0   0   0   0   0   0   
0   0   0   0   0   0   0   0   0   0   0   0   
0   0   0   0   0   0   0   29  0   0   0   0   
0   0   0   0   0   29  0   0   0   0   0   0   
0   0   0   0   0   0   0   0   0   0   0   0   
0   0   0   0   0   0   0   0   0   0   0   0   
0   0   5   0   0   16  0   0   0   0   0   0   
0   29  0   0   0   12  0   0   0   0   21  0   
---------------------------------
关键边输出如下：
---------------------------------
20   A         33        0         0         
22   A         41        0         0         
21   A         50        0         0         
19   A         54        0         0         
5    A         55        0.0117214 0.0117214 
13   A         55        0.0124548 0.0129086 
12   A         55        0.0145174 0.0150464 
18   A         57        0.0431938 0.0431938 
1    A         57        0.0482205 0.0482205 
6    A         57        0.0564287 0.0564287 
8    b         62        0.0330876 0.0330876 
4    b         62        0.0330876 0.0330876 
3    b         62        0.0330876 0.0330876 
11   b         62        0.0330876 0.0330876 
2    C         62        0.0330876 0.0330876 
7    C         62        0.0330876 0.0330876 
9    C         62        0.0330876 0.0330876 
10   C         62        0.0330876 0.0330876 
14   C         62        0.0330876 0.0330876 
15   C         62        0.0330876 0.0330876 
16   C         62        0.0330876 0.0330876 
17   C         62        0.0330876 0.0330876 
---------------------------------
---------------------------------

