7--12最大流值为：61
最可靠最大流分布概率为 ： 0.111716
状态划分算法消耗的内存为：20.7305
状态划分算法运行时间(ms) ： 32.9919
---------------------------------
流分布如下: 
---------------------------------
0   0   0   0   0   0   0   0   0   0   0   13  
0   0   0   0   0   0   0   0   0   0   0   0   
0   0   0   0   0   0   0   0   0   0   0   0   
0   0   0   0   0   0   0   0   0   0   0   0   
0   0   0   0   0   0   0   0   0   0   0   0   
0   0   0   0   0   0   0   0   0   0   0   0   
0   0   0   0   0   0   0   29  0   0   0   32  
0   0   0   0   0   0   0   0   19  0   10  0   
0   0   0   0   0   0   0   0   0   19  0   0   
13  0   0   0   0   0   0   0   0   0   0   16  
0   0   0   0   0   0   0   0   0   10  0   0   
0   0   0   0   0   0   0   0   0   0   0   0   
---------------------------------
关键边输出如下：
---------------------------------
11   A         29        0         0         
19   A         45        0         0         
9    A         47        0         0         
16   A         48        0.134847  0.146452  
1    A         48        0.162811  0.176823  
22   A         51        0         0         
15   A         53        0         0         
12   B         61        0.0575258 0.0575258 
13   B         61        0.0621694 0.0621694 
8    b         61        0.111716  0.11252   
21   b         61        0.111716  0.11252   
10   b         61        0.111716  0.120528  
2    C         61        0.111716  0.121331  
3    C         61        0.111716  0.121331  
4    C         61        0.111716  0.121331  
5    C         61        0.111716  0.121331  
6    C         61        0.111716  0.121331  
7    C         61        0.111716  0.121331  
14   C         61        0.111716  0.121331  
17   C         61        0.111716  0.121331  
18   C         61        0.111716  0.121331  
20   C         61        0.111716  0.121331  
---------------------------------
---------------------------------

7--12最大流值为：61
最可靠最大流分布概率为 ： 0.111716
状态划分算法消耗的内存为：20.7422
状态划分算法运行时间(ms) ： 33.4159
---------------------------------
流分布如下: 
---------------------------------
0   0   0   0   0   0   0   0   0   0   0   13  
0   0   0   0   0   0   0   0   0   0   0   0   
0   0   0   0   0   0   0   0   0   0   0   0   
0   0   0   0   0   0   0   0   0   0   0   0   
0   0   0   0   0   0   0   0   0   0   0   0   
0   0   0   0   0   0   0   0   0   0   0   0   
0   0   0   0   0   0   0   29  0   0   0   32  
0   0   0   0   0   0   0   0   19  0   10  0   
0   0   0   0   0   0   0   0   0   19  0   0   
13  0   0   0   0   0   0   0   0   0   0   16  
0   0   0   0   0   0   0   0   0   10  0   0   
0   0   0   0   0   0   0   0   0   0   0   0   
---------------------------------
关键边输出如下：
---------------------------------
11   A         29        0         0         
19   A         45        0         0         
9    A         47        0         0         
16   A         48        0.134847  0.146452  
1    A         48        0.162811  0.176823  
22   A         51        0         0         
15   A         53        0         0         
12   B         61        0.0575258 0.0575258 
13   B         61        0.0621694 0.0621694 
8    b         61        0.111716  0.11252   
21   b         61        0.111716  0.11252   
10   b         61        0.111716  0.120528  
2    C         61        0.111716  0.121331  
3    C         61        0.111716  0.121331  
4    C         61        0.111716  0.121331  
5    C         61        0.111716  0.121331  
6    C         61        0.111716  0.121331  
7    C         61        0.111716  0.121331  
14   C         61        0.111716  0.121331  
17   C         61        0.111716  0.121331  
18   C         61        0.111716  0.121331  
20   C         61        0.111716  0.121331  
---------------------------------
---------------------------------

7--12最大流值为：61
最可靠最大流分布概率为 ： 0.111716
状态划分算法消耗的内存为：20.7539
状态划分算法运行时间(ms) ： 33.2862
---------------------------------
流分布如下: 
---------------------------------
0   0   0   0   0   0   0   0   0   0   0   13  
0   0   0   0   0   0   0   0   0   0   0   0   
0   0   0   0   0   0   0   0   0   0   0   0   
0   0   0   0   0   0   0   0   0   0   0   0   
0   0   0   0   0   0   0   0   0   0   0   0   
0   0   0   0   0   0   0   0   0   0   0   0   
0   0   0   0   0   0   0   29  0   0   0   32  
0   0   0   0   0   0   0   0   19  0   10  0   
0   0   0   0   0   0   0   0   0   19  0   0   
13  0   0   0   0   0   0   0   0   0   0   16  
0   0   0   0   0   0   0   0   0   10  0   0   
0   0   0   0   0   0   0   0   0   0   0   0   
---------------------------------
关键边输出如下：
---------------------------------
11   A         29        0         0         
19   A         45        0         0         
9    A         47        0         0         
16   A         48        0.134847  0.146452  
1    A         48        0.162811  0.176823  
22   A         51        0         0         
15   A         53        0         0         
12   B         61        0.0575258 0.0575258 
13   B         61        0.0621694 0.0621694 
8    b         61        0.111716  0.11252   
21   b         61        0.111716  0.11252   
10   b         61        0.111716  0.120528  
2    C         61        0.111716  0.121331  
3    C         61        0.111716  0.121331  
4    C         61        0.111716  0.121331  
5    C         61        0.111716  0.121331  
6    C         61        0.111716  0.121331  
7    C         61        0.111716  0.121331  
14   C         61        0.111716  0.121331  
17   C         61        0.111716  0.121331  
18   C         61        0.111716  0.121331  
20   C         61        0.111716  0.121331  
---------------------------------
---------------------------------

7--12最大流值为：61
最可靠最大流分布概率为 ： 0.111716
状态划分算法消耗的内存为：20.7578
状态划分算法运行时间(ms) ： 33.2397
---------------------------------
流分布如下: 
---------------------------------
0   0   0   0   0   0   0   0   0   0   0   13  
0   0   0   0   0   0   0   0   0   0   0   0   
0   0   0   0   0   0   0   0   0   0   0   0   
0   0   0   0   0   0   0   0   0   0   0   0   
0   0   0   0   0   0   0   0   0   0   0   0   
0   0   0   0   0   0   0   0   0   0   0   0   
0   0   0   0   0   0   0   29  0   0   0   32  
0   0   0   0   0   0   0   0   19  0   10  0   
0   0   0   0   0   0   0   0   0   19  0   0   
13  0   0   0   0   0   0   0   0   0   0   16  
0   0   0   0   0   0   0   0   0   10  0   0   
0   0   0   0   0   0   0   0   0   0   0   0   
---------------------------------
关键边输出如下：
---------------------------------
11   A         29        0         0         
19   A         45        0         0         
9    A         47        0         0         
16   A         48        0.134847  0.146452  
1    A         48        0.162811  0.176823  
22   A         51        0         0         
15   A         53        0         0         
12   B         61        0.0575258 0.0575258 
13   B         61        0.0621694 0.0621694 
8    b         61        0.111716  0.11252   
21   b         61        0.111716  0.11252   
10   b         61        0.111716  0.120528  
2    C         61        0.111716  0.121331  
3    C         61        0.111716  0.121331  
4    C         61        0.111716  0.121331  
5    C         61        0.111716  0.121331  
6    C         61        0.111716  0.121331  
7    C         61        0.111716  0.121331  
14   C         61        0.111716  0.121331  
17   C         61        0.111716  0.121331  
18   C         61        0.111716  0.121331  
20   C         61        0.111716  0.121331  
---------------------------------
---------------------------------

