7--6最大流值为：27
最可靠最大流分布概率为 ： 0.0693474
状态划分算法消耗的内存为：20.75
状态划分算法运行时间(ms) ： 45.0506
---------------------------------
流分布如下: 
---------------------------------
0   0   0   0   0   0   0   0   0   0   0   0   
0   0   0   0   0   14  0   0   0   0   0   0   
0   14  0   0   0   0   0   0   0   0   0   0   
0   0   0   0   0   0   0   13  0   0   0   0   
0   0   0   0   0   0   0   0   0   0   0   0   
0   0   0   0   0   0   0   0   0   0   0   0   
0   0   14  0   0   0   0   0   13  0   0   0   
0   0   0   0   0   13  0   0   0   0   0   0   
0   0   0   13  0   0   0   0   0   0   0   0   
0   0   0   0   0   0   0   0   0   0   0   0   
0   0   0   0   0   0   0   0   0   0   0   0   
0   0   0   0   0   0   0   0   0   0   0   0   
---------------------------------
关键边输出如下：
---------------------------------
2    A         13        0         0         
18   A         14        0         0         
14   A         19        0         0         
20   A         20        0.0600116 0.0704196 
15   A         20        0.0670709 0.0787032 
9    B         27        0.0664402 0.0664402 
4    B         27        0.0664402 0.092097  
8    b         27        0.0693474 0.0693474 
5    b         27        0.0693474 0.0986979 
1    b         27        0.0693474 0.116918  
3    b         27        0.0693474 0.116918  
6    b         27        0.0693474 0.117452  
21   b         27        0.0693474 0.117452  
7    C         27        0.0693474 0.122031  
10   C         27        0.0693474 0.122031  
11   C         27        0.0693474 0.122031  
12   C         27        0.0693474 0.122031  
13   C         27        0.0693474 0.122031  
16   C         27        0.0693474 0.122031  
17   C         27        0.0693474 0.122031  
19   C         27        0.0693474 0.122031  
22   C         27        0.0693474 0.122031  
---------------------------------
---------------------------------

7--6最大流值为：27
最可靠最大流分布概率为 ： 0.0693474
状态划分算法消耗的内存为：20.7383
状态划分算法运行时间(ms) ： 47.1675
---------------------------------
流分布如下: 
---------------------------------
0   0   0   0   0   0   0   0   0   0   0   0   
0   0   0   0   0   14  0   0   0   0   0   0   
0   14  0   0   0   0   0   0   0   0   0   0   
0   0   0   0   0   0   0   13  0   0   0   0   
0   0   0   0   0   0   0   0   0   0   0   0   
0   0   0   0   0   0   0   0   0   0   0   0   
0   0   14  0   0   0   0   0   13  0   0   0   
0   0   0   0   0   13  0   0   0   0   0   0   
0   0   0   13  0   0   0   0   0   0   0   0   
0   0   0   0   0   0   0   0   0   0   0   0   
0   0   0   0   0   0   0   0   0   0   0   0   
0   0   0   0   0   0   0   0   0   0   0   0   
---------------------------------
关键边输出如下：
---------------------------------
2    A         13        0         0         
18   A         14        0         0         
14   A         19        0         0         
20   A         20        0.0600116 0.0704196 
15   A         20        0.0670709 0.0787032 
9    B         27        0.0664402 0.0664402 
4    B         27        0.0664402 0.092097  
8    b         27        0.0693474 0.0693474 
5    b         27        0.0693474 0.0986979 
1    b         27        0.0693474 0.116918  
3    b         27        0.0693474 0.116918  
6    b         27        0.0693474 0.117452  
21   b         27        0.0693474 0.117452  
7    C         27        0.0693474 0.122031  
10   C         27        0.0693474 0.122031  
11   C         27        0.0693474 0.122031  
12   C         27        0.0693474 0.122031  
13   C         27        0.0693474 0.122031  
16   C         27        0.0693474 0.122031  
17   C         27        0.0693474 0.122031  
19   C         27        0.0693474 0.122031  
22   C         27        0.0693474 0.122031  
---------------------------------
---------------------------------

7--6最大流值为：27
最可靠最大流分布概率为 ： 0.0693474
状态划分算法消耗的内存为：4.92578
状态划分算法运行时间(ms) ： 44.8795
---------------------------------
流分布如下: 
---------------------------------
0   0   0   0   0   0   0   0   0   0   0   0   
0   0   0   0   0   14  0   0   0   0   0   0   
0   14  0   0   0   0   0   0   0   0   0   0   
0   0   0   0   0   0   0   13  0   0   0   0   
0   0   0   0   0   0   0   0   0   0   0   0   
0   0   0   0   0   0   0   0   0   0   0   0   
0   0   14  0   0   0   0   0   13  0   0   0   
0   0   0   0   0   13  0   0   0   0   0   0   
0   0   0   13  0   0   0   0   0   0   0   0   
0   0   0   0   0   0   0   0   0   0   0   0   
0   0   0   0   0   0   0   0   0   0   0   0   
0   0   0   0   0   0   0   0   0   0   0   0   
---------------------------------
关键边输出如下：
---------------------------------
2    A         13        0         0         
18   A         14        0         0         
14   A         19        0         0         
20   A         20        0.0600116 0.0704196 
15   A         20        0.0670709 0.0787032 
9    B         27        0.0664402 0.0664402 
4    B         27        0.0664402 0.092097  
8    b         27        0.0693474 0.0693474 
5    b         27        0.0693474 0.0986979 
1    b         27        0.0693474 0.116918  
3    b         27        0.0693474 0.116918  
6    b         27        0.0693474 0.117452  
21   b         27        0.0693474 0.117452  
7    C         27        0.0693474 0.122031  
10   C         27        0.0693474 0.122031  
11   C         27        0.0693474 0.122031  
12   C         27        0.0693474 0.122031  
13   C         27        0.0693474 0.122031  
16   C         27        0.0693474 0.122031  
17   C         27        0.0693474 0.122031  
19   C         27        0.0693474 0.122031  
22   C         27        0.0693474 0.122031  
---------------------------------
---------------------------------

7--6最大流值为：27
最可靠最大流分布概率为 ： 0.0693474
状态划分算法消耗的内存为：20.7461
状态划分算法运行时间(ms) ： 45.2106
---------------------------------
流分布如下: 
---------------------------------
0   0   0   0   0   0   0   0   0   0   0   0   
0   0   0   0   0   14  0   0   0   0   0   0   
0   14  0   0   0   0   0   0   0   0   0   0   
0   0   0   0   0   0   0   13  0   0   0   0   
0   0   0   0   0   0   0   0   0   0   0   0   
0   0   0   0   0   0   0   0   0   0   0   0   
0   0   14  0   0   0   0   0   13  0   0   0   
0   0   0   0   0   13  0   0   0   0   0   0   
0   0   0   13  0   0   0   0   0   0   0   0   
0   0   0   0   0   0   0   0   0   0   0   0   
0   0   0   0   0   0   0   0   0   0   0   0   
0   0   0   0   0   0   0   0   0   0   0   0   
---------------------------------
关键边输出如下：
---------------------------------
2    A         13        0         0         
18   A         14        0         0         
14   A         19        0         0         
20   A         20        0.0600116 0.0704196 
15   A         20        0.0670709 0.0787032 
9    B         27        0.0664402 0.0664402 
4    B         27        0.0664402 0.092097  
8    b         27        0.0693474 0.0693474 
5    b         27        0.0693474 0.0986979 
1    b         27        0.0693474 0.116918  
3    b         27        0.0693474 0.116918  
6    b         27        0.0693474 0.117452  
21   b         27        0.0693474 0.117452  
7    C         27        0.0693474 0.122031  
10   C         27        0.0693474 0.122031  
11   C         27        0.0693474 0.122031  
12   C         27        0.0693474 0.122031  
13   C         27        0.0693474 0.122031  
16   C         27        0.0693474 0.122031  
17   C         27        0.0693474 0.122031  
19   C         27        0.0693474 0.122031  
22   C         27        0.0693474 0.122031  
---------------------------------
---------------------------------

