10--8最大流值为：32
最可靠最大流分布概率为 ： 0.107603
状态划分算法消耗的内存为：20.7305
状态划分算法运行时间(ms) ： 13.7724
---------------------------------
流分布如下: 
---------------------------------
0   0   0   0   0   0   0   0   0   0   0   0   
0   0   0   0   0   0   0   0   0   0   0   19  
0   0   0   0   0   0   0   0   0   0   0   0   
0   0   0   0   0   19  0   0   0   0   0   0   
0   0   0   0   0   0   0   0   0   0   0   0   
0   0   0   0   0   0   0   32  0   0   0   0   
0   0   0   0   0   0   0   0   0   0   0   0   
0   0   0   0   0   0   0   0   0   0   0   0   
0   0   0   0   0   0   0   0   0   0   0   0   
0   19  0   0   0   13  0   0   0   0   0   0   
0   0   0   7   0   0   0   0   0   0   0   0   
0   0   0   12  0   0   0   0   0   0   7   0   
---------------------------------
关键边输出如下：
---------------------------------
17   A         13        0.133292  0.133292  
5    A         13        0.19066   0.19066   
11   A         14        0         0         
18   A         19        0         0         
22   A         25        0.131518  0.131518  
19   A         25        0.162224  0.162224  
7    A         27        0         0         
21   A         29        0         0         
8    b         32        0         0         
1    C         32        0.107603  0.107603  
2    C         32        0.107603  0.107603  
3    C         32        0.107603  0.107603  
4    C         32        0.107603  0.107603  
6    C         32        0.107603  0.107603  
9    C         32        0.107603  0.107603  
10   C         32        0.107603  0.107603  
12   C         32        0.107603  0.107603  
13   C         32        0.107603  0.107603  
14   C         32        0.107603  0.107603  
15   C         32        0.107603  0.107603  
16   C         32        0.107603  0.107603  
20   C         32        0.107603  0.107603  
---------------------------------
---------------------------------

10--8最大流值为：32
最可靠最大流分布概率为 ： 0.107603
状态划分算法消耗的内存为：20.7617
状态划分算法运行时间(ms) ： 9.81244
---------------------------------
流分布如下: 
---------------------------------
0   0   0   0   0   0   0   0   0   0   0   0   
0   0   0   0   0   0   0   0   0   0   0   19  
0   0   0   0   0   0   0   0   0   0   0   0   
0   0   0   0   0   19  0   0   0   0   0   0   
0   0   0   0   0   0   0   0   0   0   0   0   
0   0   0   0   0   0   0   32  0   0   0   0   
0   0   0   0   0   0   0   0   0   0   0   0   
0   0   0   0   0   0   0   0   0   0   0   0   
0   0   0   0   0   0   0   0   0   0   0   0   
0   19  0   0   0   13  0   0   0   0   0   0   
0   0   0   7   0   0   0   0   0   0   0   0   
0   0   0   12  0   0   0   0   0   0   7   0   
---------------------------------
关键边输出如下：
---------------------------------
17   A         13        0.133292  0.133292  
5    A         13        0.19066   0.19066   
11   A         14        0         0         
18   A         19        0         0         
22   A         25        0.131518  0.131518  
19   A         25        0.162224  0.162224  
7    A         27        0         0         
21   A         29        0         0         
8    b         32        0         0         
1    C         32        0.107603  0.107603  
2    C         32        0.107603  0.107603  
3    C         32        0.107603  0.107603  
4    C         32        0.107603  0.107603  
6    C         32        0.107603  0.107603  
9    C         32        0.107603  0.107603  
10   C         32        0.107603  0.107603  
12   C         32        0.107603  0.107603  
13   C         32        0.107603  0.107603  
14   C         32        0.107603  0.107603  
15   C         32        0.107603  0.107603  
16   C         32        0.107603  0.107603  
20   C         32        0.107603  0.107603  
---------------------------------
---------------------------------

10--8最大流值为：32
最可靠最大流分布概率为 ： 0.107603
状态划分算法消耗的内存为：20.7656
状态划分算法运行时间(ms) ： 9.85832
---------------------------------
流分布如下: 
---------------------------------
0   0   0   0   0   0   0   0   0   0   0   0   
0   0   0   0   0   0   0   0   0   0   0   19  
0   0   0   0   0   0   0   0   0   0   0   0   
0   0   0   0   0   19  0   0   0   0   0   0   
0   0   0   0   0   0   0   0   0   0   0   0   
0   0   0   0   0   0   0   32  0   0   0   0   
0   0   0   0   0   0   0   0   0   0   0   0   
0   0   0   0   0   0   0   0   0   0   0   0   
0   0   0   0   0   0   0   0   0   0   0   0   
0   19  0   0   0   13  0   0   0   0   0   0   
0   0   0   7   0   0   0   0   0   0   0   0   
0   0   0   12  0   0   0   0   0   0   7   0   
---------------------------------
关键边输出如下：
---------------------------------
17   A         13        0.133292  0.133292  
5    A         13        0.19066   0.19066   
11   A         14        0         0         
18   A         19        0         0         
22   A         25        0.131518  0.131518  
19   A         25        0.162224  0.162224  
7    A         27        0         0         
21   A         29        0         0         
8    b         32        0         0         
1    C         32        0.107603  0.107603  
2    C         32        0.107603  0.107603  
3    C         32        0.107603  0.107603  
4    C         32        0.107603  0.107603  
6    C         32        0.107603  0.107603  
9    C         32        0.107603  0.107603  
10   C         32        0.107603  0.107603  
12   C         32        0.107603  0.107603  
13   C         32        0.107603  0.107603  
14   C         32        0.107603  0.107603  
15   C         32        0.107603  0.107603  
16   C         32        0.107603  0.107603  
20   C         32        0.107603  0.107603  
---------------------------------
---------------------------------

10--8最大流值为：32
最可靠最大流分布概率为 ： 0.107603
状态划分算法消耗的内存为：20.7305
状态划分算法运行时间(ms) ： 9.68415
---------------------------------
流分布如下: 
---------------------------------
0   0   0   0   0   0   0   0   0   0   0   0   
0   0   0   0   0   0   0   0   0   0   0   19  
0   0   0   0   0   0   0   0   0   0   0   0   
0   0   0   0   0   19  0   0   0   0   0   0   
0   0   0   0   0   0   0   0   0   0   0   0   
0   0   0   0   0   0   0   32  0   0   0   0   
0   0   0   0   0   0   0   0   0   0   0   0   
0   0   0   0   0   0   0   0   0   0   0   0   
0   0   0   0   0   0   0   0   0   0   0   0   
0   19  0   0   0   13  0   0   0   0   0   0   
0   0   0   7   0   0   0   0   0   0   0   0   
0   0   0   12  0   0   0   0   0   0   7   0   
---------------------------------
关键边输出如下：
---------------------------------
17   A         13        0.133292  0.133292  
5    A         13        0.19066   0.19066   
11   A         14        0         0         
18   A         19        0         0         
22   A         25        0.131518  0.131518  
19   A         25        0.162224  0.162224  
7    A         27        0         0         
21   A         29        0         0         
8    b         32        0         0         
1    C         32        0.107603  0.107603  
2    C         32        0.107603  0.107603  
3    C         32        0.107603  0.107603  
4    C         32        0.107603  0.107603  
6    C         32        0.107603  0.107603  
9    C         32        0.107603  0.107603  
10   C         32        0.107603  0.107603  
12   C         32        0.107603  0.107603  
13   C         32        0.107603  0.107603  
14   C         32        0.107603  0.107603  
15   C         32        0.107603  0.107603  
16   C         32        0.107603  0.107603  
20   C         32        0.107603  0.107603  
---------------------------------
---------------------------------

