7--8最大流值为：38
最可靠最大流分布概率为 ： 0.107265
状态划分算法消耗的内存为：20.75
状态划分算法运行时间(ms) ： 24.7762
---------------------------------
流分布如下: 
---------------------------------
0   0   0   0   0   0   0   0   0   0   0   0   0   0   
0   0   0   0   19  0   0   0   0   0   0   0   0   0   
0   0   0   0   0   0   0   0   0   0   0   0   0   0   
0   0   0   0   0   0   0   19  0   0   0   0   0   0   
0   0   0   19  0   0   0   0   0   0   0   0   0   0   
0   0   0   0   0   0   0   0   0   0   0   0   0   0   
0   0   0   0   0   0   0   0   0   0   0   0   19  19  
0   0   0   0   0   0   0   0   0   0   0   0   0   0   
0   0   0   0   0   0   0   0   0   0   0   0   0   0   
0   1   0   0   0   0   0   0   0   0   0   0   0   0   
0   0   0   0   0   0   0   0   0   0   0   0   0   0   
0   0   0   0   0   0   0   0   0   0   0   0   0   0   
0   0   0   0   0   0   0   19  0   0   0   0   0   0   
0   18  0   0   0   0   0   0   0   1   0   0   0   0   
---------------------------------
关键边输出如下：
---------------------------------
13   A         19        0.120793  0.143754  
11   A         19        0.140515  0.167225  
23   A         19        0.140559  0.167277  
14   A         23        0         0         
3    A         26        0         0         
8    A         29        0         0         
25   A         34        0         0         
17   B         38        0.0549686 0.0549686 
26   B         38        0.0549686 0.0549686 
5    b         38        0.107265  0.107265  
12   b         38        0.107265  0.107265  
18   b         38        0.107265  0.107265  
1    C         38        0.107265  0.127655  
2    C         38        0.107265  0.127655  
4    C         38        0.107265  0.127655  
6    C         38        0.107265  0.127655  
7    C         38        0.107265  0.127655  
9    C         38        0.107265  0.127655  
10   C         38        0.107265  0.127655  
15   C         38        0.107265  0.127655  
16   C         38        0.107265  0.127655  
19   C         38        0.107265  0.127655  
20   C         38        0.107265  0.127655  
21   C         38        0.107265  0.127655  
22   C         38        0.107265  0.127655  
24   C         38        0.107265  0.127655  
---------------------------------
---------------------------------

7--8最大流值为：38
最可靠最大流分布概率为 ： 0.107265
状态划分算法消耗的内存为：20.7461
状态划分算法运行时间(ms) ： 24.6105
---------------------------------
流分布如下: 
---------------------------------
0   0   0   0   0   0   0   0   0   0   0   0   0   0   
0   0   0   0   19  0   0   0   0   0   0   0   0   0   
0   0   0   0   0   0   0   0   0   0   0   0   0   0   
0   0   0   0   0   0   0   19  0   0   0   0   0   0   
0   0   0   19  0   0   0   0   0   0   0   0   0   0   
0   0   0   0   0   0   0   0   0   0   0   0   0   0   
0   0   0   0   0   0   0   0   0   0   0   0   19  19  
0   0   0   0   0   0   0   0   0   0   0   0   0   0   
0   0   0   0   0   0   0   0   0   0   0   0   0   0   
0   1   0   0   0   0   0   0   0   0   0   0   0   0   
0   0   0   0   0   0   0   0   0   0   0   0   0   0   
0   0   0   0   0   0   0   0   0   0   0   0   0   0   
0   0   0   0   0   0   0   19  0   0   0   0   0   0   
0   18  0   0   0   0   0   0   0   1   0   0   0   0   
---------------------------------
关键边输出如下：
---------------------------------
13   A         19        0.120793  0.143754  
11   A         19        0.140515  0.167225  
23   A         19        0.140559  0.167277  
14   A         23        0         0         
3    A         26        0         0         
8    A         29        0         0         
25   A         34        0         0         
17   B         38        0.0549686 0.0549686 
26   B         38        0.0549686 0.0549686 
5    b         38        0.107265  0.107265  
12   b         38        0.107265  0.107265  
18   b         38        0.107265  0.107265  
1    C         38        0.107265  0.127655  
2    C         38        0.107265  0.127655  
4    C         38        0.107265  0.127655  
6    C         38        0.107265  0.127655  
7    C         38        0.107265  0.127655  
9    C         38        0.107265  0.127655  
10   C         38        0.107265  0.127655  
15   C         38        0.107265  0.127655  
16   C         38        0.107265  0.127655  
19   C         38        0.107265  0.127655  
20   C         38        0.107265  0.127655  
21   C         38        0.107265  0.127655  
22   C         38        0.107265  0.127655  
24   C         38        0.107265  0.127655  
---------------------------------
---------------------------------

7--8最大流值为：38
最可靠最大流分布概率为 ： 0.107265
状态划分算法消耗的内存为：4.9375
状态划分算法运行时间(ms) ： 24.9718
---------------------------------
流分布如下: 
---------------------------------
0   0   0   0   0   0   0   0   0   0   0   0   0   0   
0   0   0   0   19  0   0   0   0   0   0   0   0   0   
0   0   0   0   0   0   0   0   0   0   0   0   0   0   
0   0   0   0   0   0   0   19  0   0   0   0   0   0   
0   0   0   19  0   0   0   0   0   0   0   0   0   0   
0   0   0   0   0   0   0   0   0   0   0   0   0   0   
0   0   0   0   0   0   0   0   0   0   0   0   19  19  
0   0   0   0   0   0   0   0   0   0   0   0   0   0   
0   0   0   0   0   0   0   0   0   0   0   0   0   0   
0   1   0   0   0   0   0   0   0   0   0   0   0   0   
0   0   0   0   0   0   0   0   0   0   0   0   0   0   
0   0   0   0   0   0   0   0   0   0   0   0   0   0   
0   0   0   0   0   0   0   19  0   0   0   0   0   0   
0   18  0   0   0   0   0   0   0   1   0   0   0   0   
---------------------------------
关键边输出如下：
---------------------------------
13   A         19        0.120793  0.143754  
11   A         19        0.140515  0.167225  
23   A         19        0.140559  0.167277  
14   A         23        0         0         
3    A         26        0         0         
8    A         29        0         0         
25   A         34        0         0         
17   B         38        0.0549686 0.0549686 
26   B         38        0.0549686 0.0549686 
5    b         38        0.107265  0.107265  
12   b         38        0.107265  0.107265  
18   b         38        0.107265  0.107265  
1    C         38        0.107265  0.127655  
2    C         38        0.107265  0.127655  
4    C         38        0.107265  0.127655  
6    C         38        0.107265  0.127655  
7    C         38        0.107265  0.127655  
9    C         38        0.107265  0.127655  
10   C         38        0.107265  0.127655  
15   C         38        0.107265  0.127655  
16   C         38        0.107265  0.127655  
19   C         38        0.107265  0.127655  
20   C         38        0.107265  0.127655  
21   C         38        0.107265  0.127655  
22   C         38        0.107265  0.127655  
24   C         38        0.107265  0.127655  
---------------------------------
---------------------------------

7--8最大流值为：38
最可靠最大流分布概率为 ： 0.107265
状态划分算法消耗的内存为：20.7773
状态划分算法运行时间(ms) ： 24.4692
---------------------------------
流分布如下: 
---------------------------------
0   0   0   0   0   0   0   0   0   0   0   0   0   0   
0   0   0   0   19  0   0   0   0   0   0   0   0   0   
0   0   0   0   0   0   0   0   0   0   0   0   0   0   
0   0   0   0   0   0   0   19  0   0   0   0   0   0   
0   0   0   19  0   0   0   0   0   0   0   0   0   0   
0   0   0   0   0   0   0   0   0   0   0   0   0   0   
0   0   0   0   0   0   0   0   0   0   0   0   19  19  
0   0   0   0   0   0   0   0   0   0   0   0   0   0   
0   0   0   0   0   0   0   0   0   0   0   0   0   0   
0   1   0   0   0   0   0   0   0   0   0   0   0   0   
0   0   0   0   0   0   0   0   0   0   0   0   0   0   
0   0   0   0   0   0   0   0   0   0   0   0   0   0   
0   0   0   0   0   0   0   19  0   0   0   0   0   0   
0   18  0   0   0   0   0   0   0   1   0   0   0   0   
---------------------------------
关键边输出如下：
---------------------------------
13   A         19        0.120793  0.143754  
11   A         19        0.140515  0.167225  
23   A         19        0.140559  0.167277  
14   A         23        0         0         
3    A         26        0         0         
8    A         29        0         0         
25   A         34        0         0         
17   B         38        0.0549686 0.0549686 
26   B         38        0.0549686 0.0549686 
5    b         38        0.107265  0.107265  
12   b         38        0.107265  0.107265  
18   b         38        0.107265  0.107265  
1    C         38        0.107265  0.127655  
2    C         38        0.107265  0.127655  
4    C         38        0.107265  0.127655  
6    C         38        0.107265  0.127655  
7    C         38        0.107265  0.127655  
9    C         38        0.107265  0.127655  
10   C         38        0.107265  0.127655  
15   C         38        0.107265  0.127655  
16   C         38        0.107265  0.127655  
19   C         38        0.107265  0.127655  
20   C         38        0.107265  0.127655  
21   C         38        0.107265  0.127655  
22   C         38        0.107265  0.127655  
24   C         38        0.107265  0.127655  
---------------------------------
---------------------------------

