12--2最大流值为：29
最可靠最大流分布概率为 ： 0.17837
状态划分算法消耗的内存为：20.75
状态划分算法运行时间(ms) ： 17.1374
---------------------------------
流分布如下: 
---------------------------------
0   0   0   0   0   0   0   0   0   0   0   0   0   0   
0   0   0   0   0   0   0   0   0   0   0   0   0   0   
0   0   0   0   0   0   18  0   0   0   0   0   0   0   
0   0   0   0   0   0   0   0   0   0   0   0   0   0   
0   0   0   0   0   0   0   0   0   0   0   0   0   0   
0   0   0   0   0   0   0   0   0   0   0   0   0   0   
0   0   0   0   0   0   0   0   0   0   0   0   0   18  
0   0   0   0   0   0   0   0   0   0   0   0   0   0   
0   0   0   0   0   0   0   0   0   0   0   0   0   0   
0   11  0   0   0   0   0   0   0   0   0   0   0   0   
0   0   0   0   0   0   0   0   0   0   0   0   0   0   
0   0   18  0   0   0   0   0   0   11  0   0   0   0   
0   0   0   0   0   0   0   0   0   0   0   0   0   0   
0   18  0   0   0   0   0   0   0   0   0   0   0   0   
---------------------------------
关键边输出如下：
---------------------------------
14   A         11        0.190689  0.215403  
25   A         11        0.233563  0.270692  
6    A         11        0.25529   0.288376  
17   A         18        0         0         
19   A         24        0         0         
22   B         29        0         0         
10   b         29        0.17837   0.17837   
11   b         29        0.17837   0.17837   
20   b         29        0.17837   0.192243  
5    b         29        0.17837   0.201487  
26   b         29        0.17837   0.201487  
1    C         29        0.17837   0.206725  
2    C         29        0.17837   0.206725  
3    C         29        0.17837   0.206725  
4    C         29        0.17837   0.206725  
7    C         29        0.17837   0.206725  
8    C         29        0.17837   0.206725  
9    C         29        0.17837   0.206725  
12   C         29        0.17837   0.206725  
13   C         29        0.17837   0.206725  
15   C         29        0.17837   0.206725  
16   C         29        0.17837   0.206725  
18   C         29        0.17837   0.206725  
21   C         29        0.17837   0.206725  
23   C         29        0.17837   0.206725  
24   C         29        0.17837   0.206725  
---------------------------------
---------------------------------

12--2最大流值为：29
最可靠最大流分布概率为 ： 0.17837
状态划分算法消耗的内存为：20.75
状态划分算法运行时间(ms) ： 16.9122
---------------------------------
流分布如下: 
---------------------------------
0   0   0   0   0   0   0   0   0   0   0   0   0   0   
0   0   0   0   0   0   0   0   0   0   0   0   0   0   
0   0   0   0   0   0   18  0   0   0   0   0   0   0   
0   0   0   0   0   0   0   0   0   0   0   0   0   0   
0   0   0   0   0   0   0   0   0   0   0   0   0   0   
0   0   0   0   0   0   0   0   0   0   0   0   0   0   
0   0   0   0   0   0   0   0   0   0   0   0   0   18  
0   0   0   0   0   0   0   0   0   0   0   0   0   0   
0   0   0   0   0   0   0   0   0   0   0   0   0   0   
0   11  0   0   0   0   0   0   0   0   0   0   0   0   
0   0   0   0   0   0   0   0   0   0   0   0   0   0   
0   0   18  0   0   0   0   0   0   11  0   0   0   0   
0   0   0   0   0   0   0   0   0   0   0   0   0   0   
0   18  0   0   0   0   0   0   0   0   0   0   0   0   
---------------------------------
关键边输出如下：
---------------------------------
14   A         11        0.190689  0.215403  
25   A         11        0.233563  0.270692  
6    A         11        0.25529   0.288376  
17   A         18        0         0         
19   A         24        0         0         
22   B         29        0         0         
10   b         29        0.17837   0.17837   
11   b         29        0.17837   0.17837   
20   b         29        0.17837   0.192243  
5    b         29        0.17837   0.201487  
26   b         29        0.17837   0.201487  
1    C         29        0.17837   0.206725  
2    C         29        0.17837   0.206725  
3    C         29        0.17837   0.206725  
4    C         29        0.17837   0.206725  
7    C         29        0.17837   0.206725  
8    C         29        0.17837   0.206725  
9    C         29        0.17837   0.206725  
12   C         29        0.17837   0.206725  
13   C         29        0.17837   0.206725  
15   C         29        0.17837   0.206725  
16   C         29        0.17837   0.206725  
18   C         29        0.17837   0.206725  
21   C         29        0.17837   0.206725  
23   C         29        0.17837   0.206725  
24   C         29        0.17837   0.206725  
---------------------------------
---------------------------------

12--2最大流值为：29
最可靠最大流分布概率为 ： 0.17837
状态划分算法消耗的内存为：4.92188
状态划分算法运行时间(ms) ： 16.9997
---------------------------------
流分布如下: 
---------------------------------
0   0   0   0   0   0   0   0   0   0   0   0   0   0   
0   0   0   0   0   0   0   0   0   0   0   0   0   0   
0   0   0   0   0   0   18  0   0   0   0   0   0   0   
0   0   0   0   0   0   0   0   0   0   0   0   0   0   
0   0   0   0   0   0   0   0   0   0   0   0   0   0   
0   0   0   0   0   0   0   0   0   0   0   0   0   0   
0   0   0   0   0   0   0   0   0   0   0   0   0   18  
0   0   0   0   0   0   0   0   0   0   0   0   0   0   
0   0   0   0   0   0   0   0   0   0   0   0   0   0   
0   11  0   0   0   0   0   0   0   0   0   0   0   0   
0   0   0   0   0   0   0   0   0   0   0   0   0   0   
0   0   18  0   0   0   0   0   0   11  0   0   0   0   
0   0   0   0   0   0   0   0   0   0   0   0   0   0   
0   18  0   0   0   0   0   0   0   0   0   0   0   0   
---------------------------------
关键边输出如下：
---------------------------------
14   A         11        0.190689  0.215403  
25   A         11        0.233563  0.270692  
6    A         11        0.25529   0.288376  
17   A         18        0         0         
19   A         24        0         0         
22   B         29        0         0         
10   b         29        0.17837   0.17837   
11   b         29        0.17837   0.17837   
20   b         29        0.17837   0.192243  
5    b         29        0.17837   0.201487  
26   b         29        0.17837   0.201487  
1    C         29        0.17837   0.206725  
2    C         29        0.17837   0.206725  
3    C         29        0.17837   0.206725  
4    C         29        0.17837   0.206725  
7    C         29        0.17837   0.206725  
8    C         29        0.17837   0.206725  
9    C         29        0.17837   0.206725  
12   C         29        0.17837   0.206725  
13   C         29        0.17837   0.206725  
15   C         29        0.17837   0.206725  
16   C         29        0.17837   0.206725  
18   C         29        0.17837   0.206725  
21   C         29        0.17837   0.206725  
23   C         29        0.17837   0.206725  
24   C         29        0.17837   0.206725  
---------------------------------
---------------------------------

12--2最大流值为：29
最可靠最大流分布概率为 ： 0.17837
状态划分算法消耗的内存为：20.7539
状态划分算法运行时间(ms) ： 17.0613
---------------------------------
流分布如下: 
---------------------------------
0   0   0   0   0   0   0   0   0   0   0   0   0   0   
0   0   0   0   0   0   0   0   0   0   0   0   0   0   
0   0   0   0   0   0   18  0   0   0   0   0   0   0   
0   0   0   0   0   0   0   0   0   0   0   0   0   0   
0   0   0   0   0   0   0   0   0   0   0   0   0   0   
0   0   0   0   0   0   0   0   0   0   0   0   0   0   
0   0   0   0   0   0   0   0   0   0   0   0   0   18  
0   0   0   0   0   0   0   0   0   0   0   0   0   0   
0   0   0   0   0   0   0   0   0   0   0   0   0   0   
0   11  0   0   0   0   0   0   0   0   0   0   0   0   
0   0   0   0   0   0   0   0   0   0   0   0   0   0   
0   0   18  0   0   0   0   0   0   11  0   0   0   0   
0   0   0   0   0   0   0   0   0   0   0   0   0   0   
0   18  0   0   0   0   0   0   0   0   0   0   0   0   
---------------------------------
关键边输出如下：
---------------------------------
14   A         11        0.190689  0.215403  
25   A         11        0.233563  0.270692  
6    A         11        0.25529   0.288376  
17   A         18        0         0         
19   A         24        0         0         
22   B         29        0         0         
10   b         29        0.17837   0.17837   
11   b         29        0.17837   0.17837   
20   b         29        0.17837   0.192243  
5    b         29        0.17837   0.201487  
26   b         29        0.17837   0.201487  
1    C         29        0.17837   0.206725  
2    C         29        0.17837   0.206725  
3    C         29        0.17837   0.206725  
4    C         29        0.17837   0.206725  
7    C         29        0.17837   0.206725  
8    C         29        0.17837   0.206725  
9    C         29        0.17837   0.206725  
12   C         29        0.17837   0.206725  
13   C         29        0.17837   0.206725  
15   C         29        0.17837   0.206725  
16   C         29        0.17837   0.206725  
18   C         29        0.17837   0.206725  
21   C         29        0.17837   0.206725  
23   C         29        0.17837   0.206725  
24   C         29        0.17837   0.206725  
---------------------------------
---------------------------------

