12--10最大流值为：81
最可靠最大流分布概率为 ： 0.023357
状态划分算法消耗的内存为：20.7383
状态划分算法运行时间(ms) ： 10.9622
---------------------------------
流分布如下: 
---------------------------------
0   0   0   0   0   0   0   0   0   0   0   0   0   0   
0   0   0   0   0   0   0   0   0   0   0   0   0   0   
0   0   0   0   0   0   24  0   0   0   0   0   0   0   
0   0   0   0   0   0   0   0   0   19  0   0   0   0   
0   0   0   19  0   0   0   0   0   0   0   0   0   0   
0   0   0   0   0   0   0   0   0   0   0   0   0   0   
0   0   0   0   0   0   0   0   0   0   0   0   1   23  
0   0   0   0   0   0   0   0   0   1   0   0   0   0   
0   0   0   0   0   0   0   0   0   0   0   0   0   0   
0   0   0   0   0   0   0   0   0   0   0   0   0   0   
0   0   0   0   0   0   0   0   0   0   0   0   0   0   
0   0   24  0   19  0   0   0   0   38  0   0   0   0   
0   0   0   0   0   0   0   1   0   0   0   0   0   0   
0   0   0   0   0   0   0   0   0   23  0   0   0   0   
---------------------------------
关键边输出如下：
---------------------------------
22   A         43        0         0         
6    A         57        0         0         
14   A         58        0.0249702 0.0249702 
26   A         58        0.0370682 0.0370682 
11   A         62        0.0305971 0.0305971 
10   A         62        0.0350112 0.0350112 
19   A         66        0         0         
20   A         71        0         0         
13   A         80        0.0263027 0.0263027 
23   A         80        0.0306067 0.0306067 
15   A         80        0.0316662 0.0316662 
1    C         81        0.023357  0.023357  
2    C         81        0.023357  0.023357  
3    C         81        0.023357  0.023357  
4    C         81        0.023357  0.023357  
5    C         81        0.023357  0.023357  
7    C         81        0.023357  0.023357  
8    C         81        0.023357  0.023357  
9    C         81        0.023357  0.023357  
12   C         81        0.023357  0.023357  
16   C         81        0.023357  0.023357  
17   C         81        0.023357  0.023357  
18   C         81        0.023357  0.023357  
21   C         81        0.023357  0.023357  
24   C         81        0.023357  0.023357  
25   C         81        0.023357  0.023357  
---------------------------------
---------------------------------

12--10最大流值为：81
最可靠最大流分布概率为 ： 0.023357
状态划分算法消耗的内存为：20.7344
状态划分算法运行时间(ms) ： 11.6045
---------------------------------
流分布如下: 
---------------------------------
0   0   0   0   0   0   0   0   0   0   0   0   0   0   
0   0   0   0   0   0   0   0   0   0   0   0   0   0   
0   0   0   0   0   0   24  0   0   0   0   0   0   0   
0   0   0   0   0   0   0   0   0   19  0   0   0   0   
0   0   0   19  0   0   0   0   0   0   0   0   0   0   
0   0   0   0   0   0   0   0   0   0   0   0   0   0   
0   0   0   0   0   0   0   0   0   0   0   0   1   23  
0   0   0   0   0   0   0   0   0   1   0   0   0   0   
0   0   0   0   0   0   0   0   0   0   0   0   0   0   
0   0   0   0   0   0   0   0   0   0   0   0   0   0   
0   0   0   0   0   0   0   0   0   0   0   0   0   0   
0   0   24  0   19  0   0   0   0   38  0   0   0   0   
0   0   0   0   0   0   0   1   0   0   0   0   0   0   
0   0   0   0   0   0   0   0   0   23  0   0   0   0   
---------------------------------
关键边输出如下：
---------------------------------
22   A         43        0         0         
6    A         57        0         0         
14   A         58        0.0249702 0.0249702 
26   A         58        0.0370682 0.0370682 
11   A         62        0.0305971 0.0305971 
10   A         62        0.0350112 0.0350112 
19   A         66        0         0         
20   A         71        0         0         
13   A         80        0.0263027 0.0263027 
23   A         80        0.0306067 0.0306067 
15   A         80        0.0316662 0.0316662 
1    C         81        0.023357  0.023357  
2    C         81        0.023357  0.023357  
3    C         81        0.023357  0.023357  
4    C         81        0.023357  0.023357  
5    C         81        0.023357  0.023357  
7    C         81        0.023357  0.023357  
8    C         81        0.023357  0.023357  
9    C         81        0.023357  0.023357  
12   C         81        0.023357  0.023357  
16   C         81        0.023357  0.023357  
17   C         81        0.023357  0.023357  
18   C         81        0.023357  0.023357  
21   C         81        0.023357  0.023357  
24   C         81        0.023357  0.023357  
25   C         81        0.023357  0.023357  
---------------------------------
---------------------------------

12--10最大流值为：81
最可靠最大流分布概率为 ： 0.023357
状态划分算法消耗的内存为：4.91406
状态划分算法运行时间(ms) ： 11.1243
---------------------------------
流分布如下: 
---------------------------------
0   0   0   0   0   0   0   0   0   0   0   0   0   0   
0   0   0   0   0   0   0   0   0   0   0   0   0   0   
0   0   0   0   0   0   24  0   0   0   0   0   0   0   
0   0   0   0   0   0   0   0   0   19  0   0   0   0   
0   0   0   19  0   0   0   0   0   0   0   0   0   0   
0   0   0   0   0   0   0   0   0   0   0   0   0   0   
0   0   0   0   0   0   0   0   0   0   0   0   1   23  
0   0   0   0   0   0   0   0   0   1   0   0   0   0   
0   0   0   0   0   0   0   0   0   0   0   0   0   0   
0   0   0   0   0   0   0   0   0   0   0   0   0   0   
0   0   0   0   0   0   0   0   0   0   0   0   0   0   
0   0   24  0   19  0   0   0   0   38  0   0   0   0   
0   0   0   0   0   0   0   1   0   0   0   0   0   0   
0   0   0   0   0   0   0   0   0   23  0   0   0   0   
---------------------------------
关键边输出如下：
---------------------------------
22   A         43        0         0         
6    A         57        0         0         
14   A         58        0.0249702 0.0249702 
26   A         58        0.0370682 0.0370682 
11   A         62        0.0305971 0.0305971 
10   A         62        0.0350112 0.0350112 
19   A         66        0         0         
20   A         71        0         0         
13   A         80        0.0263027 0.0263027 
23   A         80        0.0306067 0.0306067 
15   A         80        0.0316662 0.0316662 
1    C         81        0.023357  0.023357  
2    C         81        0.023357  0.023357  
3    C         81        0.023357  0.023357  
4    C         81        0.023357  0.023357  
5    C         81        0.023357  0.023357  
7    C         81        0.023357  0.023357  
8    C         81        0.023357  0.023357  
9    C         81        0.023357  0.023357  
12   C         81        0.023357  0.023357  
16   C         81        0.023357  0.023357  
17   C         81        0.023357  0.023357  
18   C         81        0.023357  0.023357  
21   C         81        0.023357  0.023357  
24   C         81        0.023357  0.023357  
25   C         81        0.023357  0.023357  
---------------------------------
---------------------------------

12--10最大流值为：81
最可靠最大流分布概率为 ： 0.023357
状态划分算法消耗的内存为：20.7305
状态划分算法运行时间(ms) ： 10.9389
---------------------------------
流分布如下: 
---------------------------------
0   0   0   0   0   0   0   0   0   0   0   0   0   0   
0   0   0   0   0   0   0   0   0   0   0   0   0   0   
0   0   0   0   0   0   24  0   0   0   0   0   0   0   
0   0   0   0   0   0   0   0   0   19  0   0   0   0   
0   0   0   19  0   0   0   0   0   0   0   0   0   0   
0   0   0   0   0   0   0   0   0   0   0   0   0   0   
0   0   0   0   0   0   0   0   0   0   0   0   1   23  
0   0   0   0   0   0   0   0   0   1   0   0   0   0   
0   0   0   0   0   0   0   0   0   0   0   0   0   0   
0   0   0   0   0   0   0   0   0   0   0   0   0   0   
0   0   0   0   0   0   0   0   0   0   0   0   0   0   
0   0   24  0   19  0   0   0   0   38  0   0   0   0   
0   0   0   0   0   0   0   1   0   0   0   0   0   0   
0   0   0   0   0   0   0   0   0   23  0   0   0   0   
---------------------------------
关键边输出如下：
---------------------------------
22   A         43        0         0         
6    A         57        0         0         
14   A         58        0.0249702 0.0249702 
26   A         58        0.0370682 0.0370682 
11   A         62        0.0305971 0.0305971 
10   A         62        0.0350112 0.0350112 
19   A         66        0         0         
20   A         71        0         0         
13   A         80        0.0263027 0.0263027 
23   A         80        0.0306067 0.0306067 
15   A         80        0.0316662 0.0316662 
1    C         81        0.023357  0.023357  
2    C         81        0.023357  0.023357  
3    C         81        0.023357  0.023357  
4    C         81        0.023357  0.023357  
5    C         81        0.023357  0.023357  
7    C         81        0.023357  0.023357  
8    C         81        0.023357  0.023357  
9    C         81        0.023357  0.023357  
12   C         81        0.023357  0.023357  
16   C         81        0.023357  0.023357  
17   C         81        0.023357  0.023357  
18   C         81        0.023357  0.023357  
21   C         81        0.023357  0.023357  
24   C         81        0.023357  0.023357  
25   C         81        0.023357  0.023357  
---------------------------------
---------------------------------

