1--5最大流值为：45
最可靠最大流分布概率为 ： 0.127364
状态划分算法消耗的内存为：4.91797
状态划分算法运行时间(ms) ： 4.15522
---------------------------------
流分布如下: 
---------------------------------
0   7   18  0   20  0   
0   0   7   0   0   0   
0   0   0   23  0   2   
0   0   0   0   23  0   
0   0   0   0   0   0   
0   0   0   0   2   0   
---------------------------------
关键边输出如下：
---------------------------------
7    A         22        0.136089  0.136089  
5    A         22        0.154574  0.154574  
3    A         25        0         0         
2    A         28        0         0         
4    A         38        0.18948   0.18948   
1    A         38        0.191121  0.191121  
6    A         43        0.145515  0.145515  
10   A         43        0.187462  0.187462  
8    C         45        0.127364  0.127364  
9    C         45        0.127364  0.127364  
---------------------------------
---------------------------------

1--5最大流值为：45
最可靠最大流分布概率为 ： 0.127364
状态划分算法消耗的内存为：4.91016
状态划分算法运行时间(ms) ： 4.15673
---------------------------------
流分布如下: 
---------------------------------
0   7   18  0   20  0   
0   0   7   0   0   0   
0   0   0   23  0   2   
0   0   0   0   23  0   
0   0   0   0   0   0   
0   0   0   0   2   0   
---------------------------------
关键边输出如下：
---------------------------------
7    A         22        0.136089  0.136089  
5    A         22        0.154574  0.154574  
3    A         25        0         0         
2    A         28        0         0         
4    A         38        0.18948   0.18948   
1    A         38        0.191121  0.191121  
6    A         43        0.145515  0.145515  
10   A         43        0.187462  0.187462  
8    C         45        0.127364  0.127364  
9    C         45        0.127364  0.127364  
---------------------------------
---------------------------------

1--5最大流值为：45
最可靠最大流分布概率为 ： 0.127364
状态划分算法消耗的内存为：4.90625
状态划分算法运行时间(ms) ： 4.24849
---------------------------------
流分布如下: 
---------------------------------
0   7   18  0   20  0   
0   0   7   0   0   0   
0   0   0   23  0   2   
0   0   0   0   23  0   
0   0   0   0   0   0   
0   0   0   0   2   0   
---------------------------------
关键边输出如下：
---------------------------------
7    A         22        0.136089  0.136089  
5    A         22        0.154574  0.154574  
3    A         25        0         0         
2    A         28        0         0         
4    A         38        0.18948   0.18948   
1    A         38        0.191121  0.191121  
6    A         43        0.145515  0.145515  
10   A         43        0.187462  0.187462  
8    C         45        0.127364  0.127364  
9    C         45        0.127364  0.127364  
---------------------------------
---------------------------------

1--5最大流值为：45
最可靠最大流分布概率为 ： 0.127364
状态划分算法消耗的内存为：20.7227
状态划分算法运行时间(ms) ： 4.1187
---------------------------------
流分布如下: 
---------------------------------
0   7   18  0   20  0   
0   0   7   0   0   0   
0   0   0   23  0   2   
0   0   0   0   23  0   
0   0   0   0   0   0   
0   0   0   0   2   0   
---------------------------------
关键边输出如下：
---------------------------------
7    A         22        0.136089  0.136089  
5    A         22        0.154574  0.154574  
3    A         25        0         0         
2    A         28        0         0         
4    A         38        0.18948   0.18948   
1    A         38        0.191121  0.191121  
6    A         43        0.145515  0.145515  
10   A         43        0.187462  0.187462  
8    C         45        0.127364  0.127364  
9    C         45        0.127364  0.127364  
---------------------------------
---------------------------------

