5--2最大流值为：35
最可靠最大流分布概率为 ： 0.252686
状态划分算法消耗的内存为：4.90625
状态划分算法运行时间(ms) ： 2.18688
---------------------------------
流分布如下: 
---------------------------------
0   8   0   0   0   0   
0   0   0   0   0   0   
0   0   0   0   0   8   
0   0   0   0   0   0   
0   0   8   0   0   27  
8   27  0   0   0   0   
---------------------------------
关键边输出如下：
---------------------------------
10   A         8         0         0         
8    A         23        0         0         
7    A         27        0.269995  0.269995  
5    A         27        0.306669  0.306669  
9    A         27        0.309433  0.309433  
1    A         27        0.379176  0.379176  
2    C         35        0.252686  0.252686  
3    C         35        0.252686  0.252686  
4    C         35        0.252686  0.252686  
6    C         35        0.252686  0.252686  
---------------------------------
---------------------------------

5--2最大流值为：35
最可靠最大流分布概率为 ： 0.252686
状态划分算法消耗的内存为：20.7422
状态划分算法运行时间(ms) ： 2.14794
---------------------------------
流分布如下: 
---------------------------------
0   8   0   0   0   0   
0   0   0   0   0   0   
0   0   0   0   0   8   
0   0   0   0   0   0   
0   0   8   0   0   27  
8   27  0   0   0   0   
---------------------------------
关键边输出如下：
---------------------------------
10   A         8         0         0         
8    A         23        0         0         
7    A         27        0.269995  0.269995  
5    A         27        0.306669  0.306669  
9    A         27        0.309433  0.309433  
1    A         27        0.379176  0.379176  
2    C         35        0.252686  0.252686  
3    C         35        0.252686  0.252686  
4    C         35        0.252686  0.252686  
6    C         35        0.252686  0.252686  
---------------------------------
---------------------------------

5--2最大流值为：35
最可靠最大流分布概率为 ： 0.252686
状态划分算法消耗的内存为：4.91016
状态划分算法运行时间(ms) ： 2.21918
---------------------------------
流分布如下: 
---------------------------------
0   8   0   0   0   0   
0   0   0   0   0   0   
0   0   0   0   0   8   
0   0   0   0   0   0   
0   0   8   0   0   27  
8   27  0   0   0   0   
---------------------------------
关键边输出如下：
---------------------------------
10   A         8         0         0         
8    A         23        0         0         
7    A         27        0.269995  0.269995  
5    A         27        0.306669  0.306669  
9    A         27        0.309433  0.309433  
1    A         27        0.379176  0.379176  
2    C         35        0.252686  0.252686  
3    C         35        0.252686  0.252686  
4    C         35        0.252686  0.252686  
6    C         35        0.252686  0.252686  
---------------------------------
---------------------------------

5--2最大流值为：35
最可靠最大流分布概率为 ： 0.252686
状态划分算法消耗的内存为：20.7148
状态划分算法运行时间(ms) ： 2.1413
---------------------------------
流分布如下: 
---------------------------------
0   8   0   0   0   0   
0   0   0   0   0   0   
0   0   0   0   0   8   
0   0   0   0   0   0   
0   0   8   0   0   27  
8   27  0   0   0   0   
---------------------------------
关键边输出如下：
---------------------------------
10   A         8         0         0         
8    A         23        0         0         
7    A         27        0.269995  0.269995  
5    A         27        0.306669  0.306669  
9    A         27        0.309433  0.309433  
1    A         27        0.379176  0.379176  
2    C         35        0.252686  0.252686  
3    C         35        0.252686  0.252686  
4    C         35        0.252686  0.252686  
6    C         35        0.252686  0.252686  
---------------------------------
---------------------------------

