5--1最大流值为：76
最可靠最大流分布概率为 ： 0.115151
状态划分算法消耗的内存为：4.90625
状态划分算法运行时间(ms) ： 2.48903
---------------------------------
流分布如下: 
---------------------------------
0   0   0   0   0   0   
22  0   0   0   0   0   
0   0   0   0   0   0   
32  0   0   0   0   0   
22  22  0   32  0   0   
0   0   0   0   0   0   
---------------------------------
关键边输出如下：
---------------------------------
10   A         44        0.19075   0.19075   
7    A         44        0.217158  0.217158  
9    A         54        0.122107  0.122107  
1    A         54        0.155454  0.155454  
8    A         54        0.223604  0.223604  
2    C         76        0.115151  0.115151  
3    C         76        0.115151  0.115151  
4    C         76        0.115151  0.115151  
5    C         76        0.115151  0.115151  
6    C         76        0.115151  0.115151  
---------------------------------
---------------------------------

5--1最大流值为：76
最可靠最大流分布概率为 ： 0.115151
状态划分算法消耗的内存为：4.94141
状态划分算法运行时间(ms) ： 2.51831
---------------------------------
流分布如下: 
---------------------------------
0   0   0   0   0   0   
22  0   0   0   0   0   
0   0   0   0   0   0   
32  0   0   0   0   0   
22  22  0   32  0   0   
0   0   0   0   0   0   
---------------------------------
关键边输出如下：
---------------------------------
10   A         44        0.19075   0.19075   
7    A         44        0.217158  0.217158  
9    A         54        0.122107  0.122107  
1    A         54        0.155454  0.155454  
8    A         54        0.223604  0.223604  
2    C         76        0.115151  0.115151  
3    C         76        0.115151  0.115151  
4    C         76        0.115151  0.115151  
5    C         76        0.115151  0.115151  
6    C         76        0.115151  0.115151  
---------------------------------
---------------------------------

5--1最大流值为：76
最可靠最大流分布概率为 ： 0.115151
状态划分算法消耗的内存为：4.91406
状态划分算法运行时间(ms) ： 2.52223
---------------------------------
流分布如下: 
---------------------------------
0   0   0   0   0   0   
22  0   0   0   0   0   
0   0   0   0   0   0   
32  0   0   0   0   0   
22  22  0   32  0   0   
0   0   0   0   0   0   
---------------------------------
关键边输出如下：
---------------------------------
10   A         44        0.19075   0.19075   
7    A         44        0.217158  0.217158  
9    A         54        0.122107  0.122107  
1    A         54        0.155454  0.155454  
8    A         54        0.223604  0.223604  
2    C         76        0.115151  0.115151  
3    C         76        0.115151  0.115151  
4    C         76        0.115151  0.115151  
5    C         76        0.115151  0.115151  
6    C         76        0.115151  0.115151  
---------------------------------
---------------------------------

5--1最大流值为：76
最可靠最大流分布概率为 ： 0.115151
状态划分算法消耗的内存为：20.7227
状态划分算法运行时间(ms) ： 2.42111
---------------------------------
流分布如下: 
---------------------------------
0   0   0   0   0   0   
22  0   0   0   0   0   
0   0   0   0   0   0   
32  0   0   0   0   0   
22  22  0   32  0   0   
0   0   0   0   0   0   
---------------------------------
关键边输出如下：
---------------------------------
10   A         44        0.19075   0.19075   
7    A         44        0.217158  0.217158  
9    A         54        0.122107  0.122107  
1    A         54        0.155454  0.155454  
8    A         54        0.223604  0.223604  
2    C         76        0.115151  0.115151  
3    C         76        0.115151  0.115151  
4    C         76        0.115151  0.115151  
5    C         76        0.115151  0.115151  
6    C         76        0.115151  0.115151  
---------------------------------
---------------------------------

