5--6最大流值为：28
最可靠最大流分布概率为 ： 0.130293
状态划分算法消耗的内存为：4.91016
状态划分算法运行时间(ms) ： 3.96234
---------------------------------
流分布如下: 
---------------------------------
0   0   0   0   0   3   0   0   
0   0   0   0   0   0   0   0   
0   0   0   0   0   0   0   0   
3   0   0   0   0   25  0   0   
0   0   0   0   0   0   8   20  
0   0   0   0   0   0   0   0   
0   0   0   8   0   0   0   0   
0   0   0   20  0   0   0   0   
---------------------------------
关键边输出如下：
---------------------------------
14   A         8         0.140066  0.140066  
9    A         8         0.151742  0.151742  
6    A         10        0         0         
8    A         20        0.146192  0.146192  
12   A         20        0.189705  0.189705  
3    A         25        0.231877  0.231877  
1    A         25        0.255835  0.255835  
2    C         28        0.130293  0.130293  
4    C         28        0.130293  0.130293  
5    C         28        0.130293  0.130293  
7    C         28        0.130293  0.130293  
10   C         28        0.130293  0.130293  
11   C         28        0.130293  0.130293  
13   C         28        0.130293  0.130293  
---------------------------------
---------------------------------

5--6最大流值为：28
最可靠最大流分布概率为 ： 0.130293
状态划分算法消耗的内存为：4.91797
状态划分算法运行时间(ms) ： 4.6587
---------------------------------
流分布如下: 
---------------------------------
0   0   0   0   0   3   0   0   
0   0   0   0   0   0   0   0   
0   0   0   0   0   0   0   0   
3   0   0   0   0   25  0   0   
0   0   0   0   0   0   8   20  
0   0   0   0   0   0   0   0   
0   0   0   8   0   0   0   0   
0   0   0   20  0   0   0   0   
---------------------------------
关键边输出如下：
---------------------------------
14   A         8         0.140066  0.140066  
9    A         8         0.151742  0.151742  
6    A         10        0         0         
8    A         20        0.146192  0.146192  
12   A         20        0.189705  0.189705  
3    A         25        0.231877  0.231877  
1    A         25        0.255835  0.255835  
2    C         28        0.130293  0.130293  
4    C         28        0.130293  0.130293  
5    C         28        0.130293  0.130293  
7    C         28        0.130293  0.130293  
10   C         28        0.130293  0.130293  
11   C         28        0.130293  0.130293  
13   C         28        0.130293  0.130293  
---------------------------------
---------------------------------

5--6最大流值为：28
最可靠最大流分布概率为 ： 0.130293
状态划分算法消耗的内存为：4.94922
状态划分算法运行时间(ms) ： 3.82923
---------------------------------
流分布如下: 
---------------------------------
0   0   0   0   0   3   0   0   
0   0   0   0   0   0   0   0   
0   0   0   0   0   0   0   0   
3   0   0   0   0   25  0   0   
0   0   0   0   0   0   8   20  
0   0   0   0   0   0   0   0   
0   0   0   8   0   0   0   0   
0   0   0   20  0   0   0   0   
---------------------------------
关键边输出如下：
---------------------------------
14   A         8         0.140066  0.140066  
9    A         8         0.151742  0.151742  
6    A         10        0         0         
8    A         20        0.146192  0.146192  
12   A         20        0.189705  0.189705  
3    A         25        0.231877  0.231877  
1    A         25        0.255835  0.255835  
2    C         28        0.130293  0.130293  
4    C         28        0.130293  0.130293  
5    C         28        0.130293  0.130293  
7    C         28        0.130293  0.130293  
10   C         28        0.130293  0.130293  
11   C         28        0.130293  0.130293  
13   C         28        0.130293  0.130293  
---------------------------------
---------------------------------

5--6最大流值为：28
最可靠最大流分布概率为 ： 0.130293
状态划分算法消耗的内存为：20.7227
状态划分算法运行时间(ms) ： 3.85519
---------------------------------
流分布如下: 
---------------------------------
0   0   0   0   0   3   0   0   
0   0   0   0   0   0   0   0   
0   0   0   0   0   0   0   0   
3   0   0   0   0   25  0   0   
0   0   0   0   0   0   8   20  
0   0   0   0   0   0   0   0   
0   0   0   8   0   0   0   0   
0   0   0   20  0   0   0   0   
---------------------------------
关键边输出如下：
---------------------------------
14   A         8         0.140066  0.140066  
9    A         8         0.151742  0.151742  
6    A         10        0         0         
8    A         20        0.146192  0.146192  
12   A         20        0.189705  0.189705  
3    A         25        0.231877  0.231877  
1    A         25        0.255835  0.255835  
2    C         28        0.130293  0.130293  
4    C         28        0.130293  0.130293  
5    C         28        0.130293  0.130293  
7    C         28        0.130293  0.130293  
10   C         28        0.130293  0.130293  
11   C         28        0.130293  0.130293  
13   C         28        0.130293  0.130293  
---------------------------------
---------------------------------

