6--2最大流值为：56
最可靠最大流分布概率为 ： 0.0792283
状态划分算法消耗的内存为：4.91406
状态划分算法运行时间(ms) ： 5.83832
---------------------------------
流分布如下: 
---------------------------------
0   0   0   0   0   0   0   0   
0   0   0   0   0   0   0   0   
0   34  0   0   0   0   0   0   
0   0   34  0   0   0   0   0   
0   22  0   0   0   0   0   0   
0   0   0   0   0   0   33  23  
0   0   0   30  22  0   0   0   
0   0   0   4   0   0   19  0   
---------------------------------
关键边输出如下：
---------------------------------
5    A         22        0.0922385 0.0922385 
6    A         22        0.155812  0.155812  
9    A         25        0         0         
11   A         26        0         0         
10   A         33        0         0         
8    A         34        0.101898  0.101898  
12   A         34        0.140912  0.140912  
14   A         37        0         0         
13   A         52        0         0         
1    C         56        0.0792283 0.0792283 
2    C         56        0.0792283 0.0792283 
3    C         56        0.0792283 0.0792283 
4    C         56        0.0792283 0.0792283 
7    C         56        0.0792283 0.0792283 
---------------------------------
---------------------------------

6--2最大流值为：56
最可靠最大流分布概率为 ： 0.0792283
状态划分算法消耗的内存为：4.91406
状态划分算法运行时间(ms) ： 4.95421
---------------------------------
流分布如下: 
---------------------------------
0   0   0   0   0   0   0   0   
0   0   0   0   0   0   0   0   
0   34  0   0   0   0   0   0   
0   0   34  0   0   0   0   0   
0   22  0   0   0   0   0   0   
0   0   0   0   0   0   33  23  
0   0   0   30  22  0   0   0   
0   0   0   4   0   0   19  0   
---------------------------------
关键边输出如下：
---------------------------------
5    A         22        0.0922385 0.0922385 
6    A         22        0.155812  0.155812  
9    A         25        0         0         
11   A         26        0         0         
10   A         33        0         0         
8    A         34        0.101898  0.101898  
12   A         34        0.140912  0.140912  
14   A         37        0         0         
13   A         52        0         0         
1    C         56        0.0792283 0.0792283 
2    C         56        0.0792283 0.0792283 
3    C         56        0.0792283 0.0792283 
4    C         56        0.0792283 0.0792283 
7    C         56        0.0792283 0.0792283 
---------------------------------
---------------------------------

6--2最大流值为：56
最可靠最大流分布概率为 ： 0.0792283
状态划分算法消耗的内存为：20.7266
状态划分算法运行时间(ms) ： 5.0176
---------------------------------
流分布如下: 
---------------------------------
0   0   0   0   0   0   0   0   
0   0   0   0   0   0   0   0   
0   34  0   0   0   0   0   0   
0   0   34  0   0   0   0   0   
0   22  0   0   0   0   0   0   
0   0   0   0   0   0   33  23  
0   0   0   30  22  0   0   0   
0   0   0   4   0   0   19  0   
---------------------------------
关键边输出如下：
---------------------------------
5    A         22        0.0922385 0.0922385 
6    A         22        0.155812  0.155812  
9    A         25        0         0         
11   A         26        0         0         
10   A         33        0         0         
8    A         34        0.101898  0.101898  
12   A         34        0.140912  0.140912  
14   A         37        0         0         
13   A         52        0         0         
1    C         56        0.0792283 0.0792283 
2    C         56        0.0792283 0.0792283 
3    C         56        0.0792283 0.0792283 
4    C         56        0.0792283 0.0792283 
7    C         56        0.0792283 0.0792283 
---------------------------------
---------------------------------

6--2最大流值为：56
最可靠最大流分布概率为 ： 0.0792283
状态划分算法消耗的内存为：4.90625
状态划分算法运行时间(ms) ： 5.76769
---------------------------------
流分布如下: 
---------------------------------
0   0   0   0   0   0   0   0   
0   0   0   0   0   0   0   0   
0   34  0   0   0   0   0   0   
0   0   34  0   0   0   0   0   
0   22  0   0   0   0   0   0   
0   0   0   0   0   0   33  23  
0   0   0   30  22  0   0   0   
0   0   0   4   0   0   19  0   
---------------------------------
关键边输出如下：
---------------------------------
5    A         22        0.0922385 0.0922385 
6    A         22        0.155812  0.155812  
9    A         25        0         0         
11   A         26        0         0         
10   A         33        0         0         
8    A         34        0.101898  0.101898  
12   A         34        0.140912  0.140912  
14   A         37        0         0         
13   A         52        0         0         
1    C         56        0.0792283 0.0792283 
2    C         56        0.0792283 0.0792283 
3    C         56        0.0792283 0.0792283 
4    C         56        0.0792283 0.0792283 
7    C         56        0.0792283 0.0792283 
---------------------------------
---------------------------------

