8--3最大流值为：57
最可靠最大流分布概率为 ： 0.0748666
状态划分算法消耗的内存为：4.92188
状态划分算法运行时间(ms) ： 5.02394
---------------------------------
流分布如下: 
---------------------------------
0   20  0   0   0   12  0   0   
0   0   20  0   0   0   0   0   
0   0   0   0   0   0   0   0   
0   0   21  0   0   0   0   0   
0   0   0   0   0   0   0   0   
0   0   12  0   0   0   0   0   
0   0   0   0   0   0   0   0   
32  0   4   21  0   0   0   0   
---------------------------------
关键边输出如下：
---------------------------------
12   A         25        0         0         
14   A         36        0.0823338 0.0823338 
6    A         36        0.147234  0.147234  
4    A         37        0.0778694 0.0778694 
1    A         37        0.132333  0.132333  
10   A         45        0.0860452 0.0860452 
2    A         45        0.11056   0.11056   
13   A         53        0         0         
3    C         57        0.0748666 0.0748666 
5    C         57        0.0748666 0.0748666 
7    C         57        0.0748666 0.0748666 
8    C         57        0.0748666 0.0748666 
9    C         57        0.0748666 0.0748666 
11   C         57        0.0748666 0.0748666 
---------------------------------
---------------------------------

8--3最大流值为：57
最可靠最大流分布概率为 ： 0.0748666
状态划分算法消耗的内存为：4.91406
状态划分算法运行时间(ms) ： 4.98681
---------------------------------
流分布如下: 
---------------------------------
0   20  0   0   0   12  0   0   
0   0   20  0   0   0   0   0   
0   0   0   0   0   0   0   0   
0   0   21  0   0   0   0   0   
0   0   0   0   0   0   0   0   
0   0   12  0   0   0   0   0   
0   0   0   0   0   0   0   0   
32  0   4   21  0   0   0   0   
---------------------------------
关键边输出如下：
---------------------------------
12   A         25        0         0         
14   A         36        0.0823338 0.0823338 
6    A         36        0.147234  0.147234  
4    A         37        0.0778694 0.0778694 
1    A         37        0.132333  0.132333  
10   A         45        0.0860452 0.0860452 
2    A         45        0.11056   0.11056   
13   A         53        0         0         
3    C         57        0.0748666 0.0748666 
5    C         57        0.0748666 0.0748666 
7    C         57        0.0748666 0.0748666 
8    C         57        0.0748666 0.0748666 
9    C         57        0.0748666 0.0748666 
11   C         57        0.0748666 0.0748666 
---------------------------------
---------------------------------

8--3最大流值为：57
最可靠最大流分布概率为 ： 0.0748666
状态划分算法消耗的内存为：4.9375
状态划分算法运行时间(ms) ： 5.11751
---------------------------------
流分布如下: 
---------------------------------
0   20  0   0   0   12  0   0   
0   0   20  0   0   0   0   0   
0   0   0   0   0   0   0   0   
0   0   21  0   0   0   0   0   
0   0   0   0   0   0   0   0   
0   0   12  0   0   0   0   0   
0   0   0   0   0   0   0   0   
32  0   4   21  0   0   0   0   
---------------------------------
关键边输出如下：
---------------------------------
12   A         25        0         0         
14   A         36        0.0823338 0.0823338 
6    A         36        0.147234  0.147234  
4    A         37        0.0778694 0.0778694 
1    A         37        0.132333  0.132333  
10   A         45        0.0860452 0.0860452 
2    A         45        0.11056   0.11056   
13   A         53        0         0         
3    C         57        0.0748666 0.0748666 
5    C         57        0.0748666 0.0748666 
7    C         57        0.0748666 0.0748666 
8    C         57        0.0748666 0.0748666 
9    C         57        0.0748666 0.0748666 
11   C         57        0.0748666 0.0748666 
---------------------------------
---------------------------------

8--3最大流值为：57
最可靠最大流分布概率为 ： 0.0748666
状态划分算法消耗的内存为：4.90234
状态划分算法运行时间(ms) ： 5.04235
---------------------------------
流分布如下: 
---------------------------------
0   20  0   0   0   12  0   0   
0   0   20  0   0   0   0   0   
0   0   0   0   0   0   0   0   
0   0   21  0   0   0   0   0   
0   0   0   0   0   0   0   0   
0   0   12  0   0   0   0   0   
0   0   0   0   0   0   0   0   
32  0   4   21  0   0   0   0   
---------------------------------
关键边输出如下：
---------------------------------
12   A         25        0         0         
14   A         36        0.0823338 0.0823338 
6    A         36        0.147234  0.147234  
4    A         37        0.0778694 0.0778694 
1    A         37        0.132333  0.132333  
10   A         45        0.0860452 0.0860452 
2    A         45        0.11056   0.11056   
13   A         53        0         0         
3    C         57        0.0748666 0.0748666 
5    C         57        0.0748666 0.0748666 
7    C         57        0.0748666 0.0748666 
8    C         57        0.0748666 0.0748666 
9    C         57        0.0748666 0.0748666 
11   C         57        0.0748666 0.0748666 
---------------------------------
---------------------------------

