3--2最大流值为：8
最可靠最大流分布概率为 ： 0.530255
状态划分算法消耗的内存为：4.88281
状态划分算法运行时间(ms) ： 13.2085
---------------------------------
流分布如下: 
---------------------------------
0   0   0   0   0   0   0   0   
0   0   0   0   0   0   0   0   
0   0   0   0   0   0   8   0   
0   0   0   0   0   0   0   0   
0   0   0   0   0   0   0   0   
0   8   0   0   0   0   0   0   
0   0   0   0   0   0   0   8   
0   0   0   0   0   8   0   0   
---------------------------------
关键边输出如下：
---------------------------------
8    A         0         0         0         
14   A         7         0         0         
6    B         8         0.383286  0.488394  
12   B         8         0.464306  0.487384  
11   b         8         0.530255  0.556611  
10   b         8         0.530255  0.556611  
2    b         8         0.530255  0.556611  
5    b         8         0.530255  0.675667  
7    b         8         0.530255  0.675667  
1    C         8         0.530255  0.709251  
3    C         8         0.530255  0.709251  
4    C         8         0.530255  0.709251  
9    C         8         0.530255  0.709251  
13   C         8         0.530255  0.709251  
---------------------------------
---------------------------------

3--2最大流值为：8
最可靠最大流分布概率为 ： 0.530255
状态划分算法消耗的内存为：4.88672
状态划分算法运行时间(ms) ： 14.4114
---------------------------------
流分布如下: 
---------------------------------
0   0   0   0   0   0   0   0   
0   0   0   0   0   0   0   0   
0   0   0   0   0   0   8   0   
0   0   0   0   0   0   0   0   
0   0   0   0   0   0   0   0   
0   8   0   0   0   0   0   0   
0   0   0   0   0   0   0   8   
0   0   0   0   0   8   0   0   
---------------------------------
关键边输出如下：
---------------------------------
8    A         0         0         0         
14   A         7         0         0         
6    B         8         0.383286  0.488394  
12   B         8         0.464306  0.487384  
11   b         8         0.530255  0.556611  
10   b         8         0.530255  0.556611  
2    b         8         0.530255  0.556611  
5    b         8         0.530255  0.675667  
7    b         8         0.530255  0.675667  
1    C         8         0.530255  0.709251  
3    C         8         0.530255  0.709251  
4    C         8         0.530255  0.709251  
9    C         8         0.530255  0.709251  
13   C         8         0.530255  0.709251  
---------------------------------
---------------------------------

3--2最大流值为：8
最可靠最大流分布概率为 ： 0.530255
状态划分算法消耗的内存为：4.88672
状态划分算法运行时间(ms) ： 14.9266
---------------------------------
流分布如下: 
---------------------------------
0   0   0   0   0   0   0   0   
0   0   0   0   0   0   0   0   
0   0   0   0   0   0   8   0   
0   0   0   0   0   0   0   0   
0   0   0   0   0   0   0   0   
0   8   0   0   0   0   0   0   
0   0   0   0   0   0   0   8   
0   0   0   0   0   8   0   0   
---------------------------------
关键边输出如下：
---------------------------------
8    A         0         0         0         
14   A         7         0         0         
6    B         8         0.383286  0.488394  
12   B         8         0.464306  0.487384  
11   b         8         0.530255  0.556611  
10   b         8         0.530255  0.556611  
2    b         8         0.530255  0.556611  
5    b         8         0.530255  0.675667  
7    b         8         0.530255  0.675667  
1    C         8         0.530255  0.709251  
3    C         8         0.530255  0.709251  
4    C         8         0.530255  0.709251  
9    C         8         0.530255  0.709251  
13   C         8         0.530255  0.709251  
---------------------------------
---------------------------------

3--2最大流值为：8
最可靠最大流分布概率为 ： 0.530255
状态划分算法消耗的内存为：4.87891
状态划分算法运行时间(ms) ： 13.4944
---------------------------------
流分布如下: 
---------------------------------
0   0   0   0   0   0   0   0   
0   0   0   0   0   0   0   0   
0   0   0   0   0   0   8   0   
0   0   0   0   0   0   0   0   
0   0   0   0   0   0   0   0   
0   8   0   0   0   0   0   0   
0   0   0   0   0   0   0   8   
0   0   0   0   0   8   0   0   
---------------------------------
关键边输出如下：
---------------------------------
8    A         0         0         0         
14   A         7         0         0         
6    B         8         0.383286  0.488394  
12   B         8         0.464306  0.487384  
11   b         8         0.530255  0.556611  
10   b         8         0.530255  0.556611  
2    b         8         0.530255  0.556611  
5    b         8         0.530255  0.675667  
7    b         8         0.530255  0.675667  
1    C         8         0.530255  0.709251  
3    C         8         0.530255  0.709251  
4    C         8         0.530255  0.709251  
9    C         8         0.530255  0.709251  
13   C         8         0.530255  0.709251  
---------------------------------
---------------------------------

