4--8最大流值为：30
最可靠最大流分布概率为 ： 0.501316
状态划分算法消耗的内存为：4.89844
状态划分算法运行时间(ms) ： 18.8585
---------------------------------
流分布如下: 
---------------------------------
0   0   0   0   0   0   0   0   
0   0   0   0   30  0   0   0   
0   0   0   0   0   0   0   0   
0   30  0   0   0   0   0   0   
0   0   0   0   0   0   0   30  
0   0   0   0   0   0   0   0   
0   0   0   0   0   0   0   0   
0   0   0   0   0   0   0   0   
---------------------------------
关键边输出如下：
---------------------------------
11   A         0         0         0         
5    A         29        0         0         
9    B         30        0         0         
1    b         30        0.501316  0.501316  
7    b         30        0.501316  0.501316  
10   b         30        0.501316  0.501316  
12   b         30        0.501316  0.501316  
8    b         30        0.501316  0.523177  
6    b         30        0.501316  0.534744  
2    b         30        0.501316  0.539607  
13   b         30        0.501316  0.539607  
3    C         30        0.501316  0.539607  
4    C         30        0.501316  0.539607  
14   C         30        0.501316  0.539607  
---------------------------------
---------------------------------

4--8最大流值为：30
最可靠最大流分布概率为 ： 0.501316
状态划分算法消耗的内存为：4.89844
状态划分算法运行时间(ms) ： 18.783
---------------------------------
流分布如下: 
---------------------------------
0   0   0   0   0   0   0   0   
0   0   0   0   30  0   0   0   
0   0   0   0   0   0   0   0   
0   30  0   0   0   0   0   0   
0   0   0   0   0   0   0   30  
0   0   0   0   0   0   0   0   
0   0   0   0   0   0   0   0   
0   0   0   0   0   0   0   0   
---------------------------------
关键边输出如下：
---------------------------------
11   A         0         0         0         
5    A         29        0         0         
9    B         30        0         0         
1    b         30        0.501316  0.501316  
7    b         30        0.501316  0.501316  
10   b         30        0.501316  0.501316  
12   b         30        0.501316  0.501316  
8    b         30        0.501316  0.523177  
6    b         30        0.501316  0.534744  
2    b         30        0.501316  0.539607  
13   b         30        0.501316  0.539607  
3    C         30        0.501316  0.539607  
4    C         30        0.501316  0.539607  
14   C         30        0.501316  0.539607  
---------------------------------
---------------------------------

4--8最大流值为：30
最可靠最大流分布概率为 ： 0.501316
状态划分算法消耗的内存为：20.7266
状态划分算法运行时间(ms) ： 18.8962
---------------------------------
流分布如下: 
---------------------------------
0   0   0   0   0   0   0   0   
0   0   0   0   30  0   0   0   
0   0   0   0   0   0   0   0   
0   30  0   0   0   0   0   0   
0   0   0   0   0   0   0   30  
0   0   0   0   0   0   0   0   
0   0   0   0   0   0   0   0   
0   0   0   0   0   0   0   0   
---------------------------------
关键边输出如下：
---------------------------------
11   A         0         0         0         
5    A         29        0         0         
9    B         30        0         0         
1    b         30        0.501316  0.501316  
7    b         30        0.501316  0.501316  
10   b         30        0.501316  0.501316  
12   b         30        0.501316  0.501316  
8    b         30        0.501316  0.523177  
6    b         30        0.501316  0.534744  
2    b         30        0.501316  0.539607  
13   b         30        0.501316  0.539607  
3    C         30        0.501316  0.539607  
4    C         30        0.501316  0.539607  
14   C         30        0.501316  0.539607  
---------------------------------
---------------------------------

4--8最大流值为：30
最可靠最大流分布概率为 ： 0.501316
状态划分算法消耗的内存为：4.88281
状态划分算法运行时间(ms) ： 18.4335
---------------------------------
流分布如下: 
---------------------------------
0   0   0   0   0   0   0   0   
0   0   0   0   30  0   0   0   
0   0   0   0   0   0   0   0   
0   30  0   0   0   0   0   0   
0   0   0   0   0   0   0   30  
0   0   0   0   0   0   0   0   
0   0   0   0   0   0   0   0   
0   0   0   0   0   0   0   0   
---------------------------------
关键边输出如下：
---------------------------------
11   A         0         0         0         
5    A         29        0         0         
9    B         30        0         0         
1    b         30        0.501316  0.501316  
7    b         30        0.501316  0.501316  
10   b         30        0.501316  0.501316  
12   b         30        0.501316  0.501316  
8    b         30        0.501316  0.523177  
6    b         30        0.501316  0.534744  
2    b         30        0.501316  0.539607  
13   b         30        0.501316  0.539607  
3    C         30        0.501316  0.539607  
4    C         30        0.501316  0.539607  
14   C         30        0.501316  0.539607  
---------------------------------
---------------------------------

