g    #    1
s    6    10     
e    1    3    8    0.849268    1
e    3    2    18    0.829234    2
e    4    1    20    0.829895    3
e    4    3    39    0.805708    4
e    5    1    23    0.747448    5
e    5    4    2    0.842944    6
e    6    1    33    0.55417    7
e    6    3    27    0.615026    8
e    6    4    14    0.712751    9
e    6    5    27    0.900984    10
g    #    2
s    6    10  
e    2    3    8    0.849268    1
e    2    6    18    0.829234    2
e    3    1    20    0.829895    3
e    3    5    39    0.805708    4
e    3    6    23    0.747448    5
e    4    3    2    0.842944    6
e    5    1    33    0.55417    7
e    5    2    27    0.615026    8
e    5    6    14    0.712751    9
e    6    1    27    0.900984    10
g    #    3
s    6    10   
e    1    2    8    0.849268    1
e    1    4    18    0.829234    2
e    2    4    20    0.829895    3
e    2    5    39    0.805708    4
e    3    6    23    0.747448    5
e    4    6    2    0.842944    6
e    5    3    33    0.55417    7
e    5    6    27    0.615026    8
e    6    1    14    0.712751    9
e    6    2    27    0.900984    10
g    #    4
s    6    10   
e    1    2    8    0.849268    1
e    1    3    18    0.829234    2
e    1    5    20    0.829895    3
e    2    3    39    0.805708    4
e    3    4    23    0.747448    5
e    3    6    2    0.842944    6
e    4    5    33    0.55417    7
e    5    3    27    0.615026    8
e    6    1    14    0.712751    9
e    6    5    27    0.900984    10
g    #    5
s    6    10   
e    2    1    25    0.849268    1
e    2    4    4    0.829234    2
e    3    1    7    0.829895    3
e    3    2    11    0.805708    4
e    3    4    26    0.747448    5
e    3    6    30    0.842944    6
e    4    1    32    0.55417    7
e    5    1    22    0.615026    8
e    5    2    22    0.712751    9
e    5    4    37    0.900984    10
g    #    0
