3--4最大流值为：55
最可靠最大流分布概率为 ： 0.0597624
状态划分算法消耗的内存为：5.30469
状态划分算法运行时间(ms) ： 13.1004
---------------------------------
流分布如下: 
---------------------------------
0   0   0   0   0   0   0   0   0   0   
0   0   0   0   0   0   0   0   0   0   
0   0   0   38  0   3   14  0   0   0   
0   0   0   0   0   0   0   0   0   0   
0   0   0   0   0   0   0   0   0   0   
0   0   0   0   0   0   0   0   0   3   
0   0   0   17  0   0   0   0   0   0   
0   0   0   0   0   0   0   0   0   0   
0   0   0   0   0   0   0   0   0   0   
0   0   0   0   0   0   3   0   0   0   
---------------------------------
关键边输出如下：
---------------------------------
5    A         17        0         
12   A         38        0         
7    A         41        0         
18   A         52        0         
6    B         55        0.0475751 
11   B         55        0.0475751 
1    C         55        0.0597624 
2    C         55        0.0597624 
3    C         55        0.0597624 
4    C         55        0.0597624 
8    C         55        0.0597624 
9    C         55        0.0597624 
10   C         55        0.0597624 
13   C         55        0.0597624 
14   C         55        0.0597624 
15   C         55        0.0597624 
16   C         55        0.0597624 
17   C         55        0.0597624 
---------------------------------
---------------------------------

3--4最大流值为：55
最可靠最大流分布概率为 ： 0.0597624
状态划分算法消耗的内存为：5.30078
状态划分算法运行时间(ms) ： 2.24392
---------------------------------
流分布如下: 
---------------------------------
0   0   0   0   0   0   0   0   0   0   
0   0   0   0   0   0   0   0   0   0   
0   0   0   38  0   3   14  0   0   0   
0   0   0   0   0   0   0   0   0   0   
0   0   0   0   0   0   0   0   0   0   
0   0   0   0   0   0   0   0   0   3   
0   0   0   17  0   0   0   0   0   0   
0   0   0   0   0   0   0   0   0   0   
0   0   0   0   0   0   0   0   0   0   
0   0   0   0   0   0   3   0   0   0   
---------------------------------
关键边输出如下：
---------------------------------
5    A         17        0         
12   A         38        0         
7    A         41        0         
18   A         52        0         
6    B         55        0.0475751 
11   B         55        0.0475751 
1    C         55        0.0597624 
2    C         55        0.0597624 
3    C         55        0.0597624 
4    C         55        0.0597624 
8    C         55        0.0597624 
9    C         55        0.0597624 
10   C         55        0.0597624 
13   C         55        0.0597624 
14   C         55        0.0597624 
15   C         55        0.0597624 
16   C         55        0.0597624 
17   C         55        0.0597624 
---------------------------------
---------------------------------

3--4最大流值为：55
最可靠最大流分布概率为 ： 0.0597624
状态划分算法消耗的内存为：21.1797
状态划分算法运行时间(ms) ： 2.4688
---------------------------------
流分布如下: 
---------------------------------
0   0   0   0   0   0   0   0   0   0   
0   0   0   0   0   0   0   0   0   0   
0   0   0   38  0   3   14  0   0   0   
0   0   0   0   0   0   0   0   0   0   
0   0   0   0   0   0   0   0   0   0   
0   0   0   0   0   0   0   0   0   3   
0   0   0   17  0   0   0   0   0   0   
0   0   0   0   0   0   0   0   0   0   
0   0   0   0   0   0   0   0   0   0   
0   0   0   0   0   0   3   0   0   0   
---------------------------------
关键边输出如下：
---------------------------------
5    A         17        0         
12   A         38        0         
7    A         41        0         
18   A         52        0         
6    B         55        0.0475751 
11   B         55        0.0475751 
1    C         55        0.0597624 
2    C         55        0.0597624 
3    C         55        0.0597624 
4    C         55        0.0597624 
8    C         55        0.0597624 
9    C         55        0.0597624 
10   C         55        0.0597624 
13   C         55        0.0597624 
14   C         55        0.0597624 
15   C         55        0.0597624 
16   C         55        0.0597624 
17   C         55        0.0597624 
---------------------------------
---------------------------------

3--4最大流值为：55
最可靠最大流分布概率为 ： 0.0597624
状态划分算法消耗的内存为：21.1836
状态划分算法运行时间(ms) ： 2.29071
---------------------------------
流分布如下: 
---------------------------------
0   0   0   0   0   0   0   0   0   0   
0   0   0   0   0   0   0   0   0   0   
0   0   0   38  0   3   14  0   0   0   
0   0   0   0   0   0   0   0   0   0   
0   0   0   0   0   0   0   0   0   0   
0   0   0   0   0   0   0   0   0   3   
0   0   0   17  0   0   0   0   0   0   
0   0   0   0   0   0   0   0   0   0   
0   0   0   0   0   0   0   0   0   0   
0   0   0   0   0   0   3   0   0   0   
---------------------------------
关键边输出如下：
---------------------------------
5    A         17        0         
12   A         38        0         
7    A         41        0         
18   A         52        0         
6    B         55        0.0475751 
11   B         55        0.0475751 
1    C         55        0.0597624 
2    C         55        0.0597624 
3    C         55        0.0597624 
4    C         55        0.0597624 
8    C         55        0.0597624 
9    C         55        0.0597624 
10   C         55        0.0597624 
13   C         55        0.0597624 
14   C         55        0.0597624 
15   C         55        0.0597624 
16   C         55        0.0597624 
17   C         55        0.0597624 
---------------------------------
---------------------------------

