2--8最大流值为：52
最可靠最大流分布概率为 ： 0.028081
状态划分算法消耗的内存为：21.1758
状态划分算法运行时间(ms) ： 23.2421
---------------------------------
流分布如下: 
---------------------------------
0   0   0   0   0   0   0   12  0   0   
0   0   36  13  0   0   0   0   0   3   
12  0   0   0   0   0   12  25  0   0   
0   0   13  0   0   0   0   0   0   0   
0   0   0   0   0   0   0   0   0   0   
0   0   0   0   0   0   0   0   0   0   
0   0   0   0   0   0   0   12  0   0   
0   0   0   0   0   0   0   0   0   0   
0   0   0   0   0   0   0   0   0   0   
0   0   0   0   0   0   0   3   0   0   
---------------------------------
关键边输出如下：
---------------------------------
8    A         27        0         
3    A         29        0         
1    A         40        0.0364294 
7    A         40        0.084732  
15   A         40        0.084732  
18   A         49        0         
4    A         51        0.0525766 
10   A         51        0.0525766 
5    B         52        0.0193889 
6    B         52        0.0206563 
2    C         52        0.028081  
9    C         52        0.028081  
11   C         52        0.028081  
12   C         52        0.028081  
13   C         52        0.028081  
14   C         52        0.028081  
16   C         52        0.028081  
17   C         52        0.028081  
---------------------------------
---------------------------------

2--8最大流值为：52
最可靠最大流分布概率为 ： 0.028081
状态划分算法消耗的内存为：6.24219
状态划分算法运行时间(ms) ： 16.4726
---------------------------------
流分布如下: 
---------------------------------
0   0   0   0   0   0   0   12  0   0   
0   0   36  13  0   0   0   0   0   3   
12  0   0   0   0   0   12  25  0   0   
0   0   13  0   0   0   0   0   0   0   
0   0   0   0   0   0   0   0   0   0   
0   0   0   0   0   0   0   0   0   0   
0   0   0   0   0   0   0   12  0   0   
0   0   0   0   0   0   0   0   0   0   
0   0   0   0   0   0   0   0   0   0   
0   0   0   0   0   0   0   3   0   0   
---------------------------------
关键边输出如下：
---------------------------------
8    A         27        0         
3    A         29        0         
1    A         40        0.0364294 
7    A         40        0.084732  
15   A         40        0.084732  
18   A         49        0         
4    A         51        0.0525766 
10   A         51        0.0525766 
5    B         52        0.0193889 
6    B         52        0.0206563 
2    C         52        0.028081  
9    C         52        0.028081  
11   C         52        0.028081  
12   C         52        0.028081  
13   C         52        0.028081  
14   C         52        0.028081  
16   C         52        0.028081  
17   C         52        0.028081  
---------------------------------
---------------------------------

2--8最大流值为：52
最可靠最大流分布概率为 ： 0.028081
状态划分算法消耗的内存为：21.1914
状态划分算法运行时间(ms) ： 16.8533
---------------------------------
流分布如下: 
---------------------------------
0   0   0   0   0   0   0   12  0   0   
0   0   36  13  0   0   0   0   0   3   
12  0   0   0   0   0   12  25  0   0   
0   0   13  0   0   0   0   0   0   0   
0   0   0   0   0   0   0   0   0   0   
0   0   0   0   0   0   0   0   0   0   
0   0   0   0   0   0   0   12  0   0   
0   0   0   0   0   0   0   0   0   0   
0   0   0   0   0   0   0   0   0   0   
0   0   0   0   0   0   0   3   0   0   
---------------------------------
关键边输出如下：
---------------------------------
8    A         27        0         
3    A         29        0         
1    A         40        0.0364294 
7    A         40        0.084732  
15   A         40        0.084732  
18   A         49        0         
4    A         51        0.0525766 
10   A         51        0.0525766 
5    B         52        0.0193889 
6    B         52        0.0206563 
2    C         52        0.028081  
9    C         52        0.028081  
11   C         52        0.028081  
12   C         52        0.028081  
13   C         52        0.028081  
14   C         52        0.028081  
16   C         52        0.028081  
17   C         52        0.028081  
---------------------------------
---------------------------------

2--8最大流值为：52
最可靠最大流分布概率为 ： 0.028081
状态划分算法消耗的内存为：6.23828
状态划分算法运行时间(ms) ： 19.0673
---------------------------------
流分布如下: 
---------------------------------
0   0   0   0   0   0   0   12  0   0   
0   0   36  13  0   0   0   0   0   3   
12  0   0   0   0   0   12  25  0   0   
0   0   13  0   0   0   0   0   0   0   
0   0   0   0   0   0   0   0   0   0   
0   0   0   0   0   0   0   0   0   0   
0   0   0   0   0   0   0   12  0   0   
0   0   0   0   0   0   0   0   0   0   
0   0   0   0   0   0   0   0   0   0   
0   0   0   0   0   0   0   3   0   0   
---------------------------------
关键边输出如下：
---------------------------------
8    A         27        0         
3    A         29        0         
1    A         40        0.0364294 
7    A         40        0.084732  
15   A         40        0.084732  
18   A         49        0         
4    A         51        0.0525766 
10   A         51        0.0525766 
5    B         52        0.0193889 
6    B         52        0.0206563 
2    C         52        0.028081  
9    C         52        0.028081  
11   C         52        0.028081  
12   C         52        0.028081  
13   C         52        0.028081  
14   C         52        0.028081  
16   C         52        0.028081  
17   C         52        0.028081  
---------------------------------
---------------------------------

