12--6最大流值为：62
最可靠最大流分布概率为 ： 0.0330876
状态划分算法消耗的内存为：21.1758
状态划分算法运行时间(ms) ： 82.3565
---------------------------------
流分布如下: 
---------------------------------
0   0   0   0   0   5   0   0   0   0   0   0   
0   0   0   0   0   0   29  0   0   0   0   0   
5   0   0   0   0   0   0   0   0   0   0   0   
0   0   0   0   0   0   0   0   0   0   0   0   
0   0   0   0   0   0   0   0   0   0   0   0   
0   0   0   0   0   0   0   0   0   0   0   0   
0   0   0   0   0   0   0   29  0   0   0   0   
0   0   0   0   0   29  0   0   0   0   0   0   
0   0   0   0   0   0   0   0   0   0   0   0   
0   0   0   0   0   0   0   0   0   0   0   0   
0   0   5   0   0   16  0   0   0   0   0   0   
0   29  0   0   0   12  0   0   0   0   21  0   
---------------------------------
关键边输出如下：
---------------------------------
20   A         33        0         
22   A         41        0         
21   A         50        0         
19   A         54        0         
5    A         55        0.0190023 
13   A         55        0.0199302 
12   A         55        0.0199302 
6    A         57        0.107355  
18   A         57        0.107355  
1    A         57        0.107355  
2    C         62        0.0330876 
3    C         62        0.0330876 
4    C         62        0.0330876 
7    C         62        0.0330876 
8    C         62        0.0330876 
9    C         62        0.0330876 
10   C         62        0.0330876 
11   C         62        0.0330876 
14   C         62        0.0330876 
15   C         62        0.0330876 
16   C         62        0.0330876 
17   C         62        0.0330876 
---------------------------------
---------------------------------

12--6最大流值为：62
最可靠最大流分布概率为 ： 0.0330876
状态划分算法消耗的内存为：21.1797
状态划分算法运行时间(ms) ： 61.4679
---------------------------------
流分布如下: 
---------------------------------
0   0   0   0   0   5   0   0   0   0   0   0   
0   0   0   0   0   0   29  0   0   0   0   0   
5   0   0   0   0   0   0   0   0   0   0   0   
0   0   0   0   0   0   0   0   0   0   0   0   
0   0   0   0   0   0   0   0   0   0   0   0   
0   0   0   0   0   0   0   0   0   0   0   0   
0   0   0   0   0   0   0   29  0   0   0   0   
0   0   0   0   0   29  0   0   0   0   0   0   
0   0   0   0   0   0   0   0   0   0   0   0   
0   0   0   0   0   0   0   0   0   0   0   0   
0   0   5   0   0   16  0   0   0   0   0   0   
0   29  0   0   0   12  0   0   0   0   21  0   
---------------------------------
关键边输出如下：
---------------------------------
20   A         33        0         
22   A         41        0         
21   A         50        0         
19   A         54        0         
5    A         55        0.0190023 
13   A         55        0.0199302 
12   A         55        0.0199302 
6    A         57        0.107355  
18   A         57        0.107355  
1    A         57        0.107355  
2    C         62        0.0330876 
3    C         62        0.0330876 
4    C         62        0.0330876 
7    C         62        0.0330876 
8    C         62        0.0330876 
9    C         62        0.0330876 
10   C         62        0.0330876 
11   C         62        0.0330876 
14   C         62        0.0330876 
15   C         62        0.0330876 
16   C         62        0.0330876 
17   C         62        0.0330876 
---------------------------------
---------------------------------

12--6最大流值为：62
最可靠最大流分布概率为 ： 0.0330876
状态划分算法消耗的内存为：21.1758
状态划分算法运行时间(ms) ： 61.2237
---------------------------------
流分布如下: 
---------------------------------
0   0   0   0   0   5   0   0   0   0   0   0   
0   0   0   0   0   0   29  0   0   0   0   0   
5   0   0   0   0   0   0   0   0   0   0   0   
0   0   0   0   0   0   0   0   0   0   0   0   
0   0   0   0   0   0   0   0   0   0   0   0   
0   0   0   0   0   0   0   0   0   0   0   0   
0   0   0   0   0   0   0   29  0   0   0   0   
0   0   0   0   0   29  0   0   0   0   0   0   
0   0   0   0   0   0   0   0   0   0   0   0   
0   0   0   0   0   0   0   0   0   0   0   0   
0   0   5   0   0   16  0   0   0   0   0   0   
0   29  0   0   0   12  0   0   0   0   21  0   
---------------------------------
关键边输出如下：
---------------------------------
20   A         33        0         
22   A         41        0         
21   A         50        0         
19   A         54        0         
5    A         55        0.0190023 
13   A         55        0.0199302 
12   A         55        0.0199302 
6    A         57        0.107355  
18   A         57        0.107355  
1    A         57        0.107355  
2    C         62        0.0330876 
3    C         62        0.0330876 
4    C         62        0.0330876 
7    C         62        0.0330876 
8    C         62        0.0330876 
9    C         62        0.0330876 
10   C         62        0.0330876 
11   C         62        0.0330876 
14   C         62        0.0330876 
15   C         62        0.0330876 
16   C         62        0.0330876 
17   C         62        0.0330876 
---------------------------------
---------------------------------

12--6最大流值为：62
最可靠最大流分布概率为 ： 0.0330876
状态划分算法消耗的内存为：21.1992
状态划分算法运行时间(ms) ： 61.9907
---------------------------------
流分布如下: 
---------------------------------
0   0   0   0   0   5   0   0   0   0   0   0   
0   0   0   0   0   0   29  0   0   0   0   0   
5   0   0   0   0   0   0   0   0   0   0   0   
0   0   0   0   0   0   0   0   0   0   0   0   
0   0   0   0   0   0   0   0   0   0   0   0   
0   0   0   0   0   0   0   0   0   0   0   0   
0   0   0   0   0   0   0   29  0   0   0   0   
0   0   0   0   0   29  0   0   0   0   0   0   
0   0   0   0   0   0   0   0   0   0   0   0   
0   0   0   0   0   0   0   0   0   0   0   0   
0   0   5   0   0   16  0   0   0   0   0   0   
0   29  0   0   0   12  0   0   0   0   21  0   
---------------------------------
关键边输出如下：
---------------------------------
20   A         33        0         
22   A         41        0         
21   A         50        0         
19   A         54        0         
5    A         55        0.0190023 
13   A         55        0.0199302 
12   A         55        0.0199302 
6    A         57        0.107355  
18   A         57        0.107355  
1    A         57        0.107355  
2    C         62        0.0330876 
3    C         62        0.0330876 
4    C         62        0.0330876 
7    C         62        0.0330876 
8    C         62        0.0330876 
9    C         62        0.0330876 
10   C         62        0.0330876 
11   C         62        0.0330876 
14   C         62        0.0330876 
15   C         62        0.0330876 
16   C         62        0.0330876 
17   C         62        0.0330876 
---------------------------------
---------------------------------

