10--8最大流值为：32
最可靠最大流分布概率为 ： 0.107603
状态划分算法消耗的内存为：21.1641
状态划分算法运行时间(ms) ： 14.5577
---------------------------------
流分布如下: 
---------------------------------
0   0   0   0   0   0   0   0   0   0   0   0   
0   0   0   0   0   0   0   0   0   0   0   19  
0   0   0   0   0   0   0   0   0   0   0   0   
0   0   0   0   0   19  0   0   0   0   0   0   
0   0   0   0   0   0   0   0   0   0   0   0   
0   0   0   0   0   0   0   32  0   0   0   0   
0   0   0   0   0   0   0   0   0   0   0   0   
0   0   0   0   0   0   0   0   0   0   0   0   
0   0   0   0   0   0   0   0   0   0   0   0   
0   19  0   0   0   13  0   0   0   0   0   0   
0   0   0   7   0   0   0   0   0   0   0   0   
0   0   0   12  0   0   0   0   0   0   7   0   
---------------------------------
关键边输出如下：
---------------------------------
5    A         13        0.714152  
17   A         13        0.714152  
11   A         14        0         
18   A         19        0         
19   A         25        0.198278  
22   A         25        0.198278  
7    A         27        0         
21   A         29        0         
1    C         32        0.107603  
2    C         32        0.107603  
3    C         32        0.107603  
4    C         32        0.107603  
6    C         32        0.107603  
8    C         32        0.107603  
9    C         32        0.107603  
10   C         32        0.107603  
12   C         32        0.107603  
13   C         32        0.107603  
14   C         32        0.107603  
15   C         32        0.107603  
16   C         32        0.107603  
20   C         32        0.107603  
---------------------------------
---------------------------------

10--8最大流值为：32
最可靠最大流分布概率为 ： 0.107603
状态划分算法消耗的内存为：21.1602
状态划分算法运行时间(ms) ： 11.3316
---------------------------------
流分布如下: 
---------------------------------
0   0   0   0   0   0   0   0   0   0   0   0   
0   0   0   0   0   0   0   0   0   0   0   19  
0   0   0   0   0   0   0   0   0   0   0   0   
0   0   0   0   0   19  0   0   0   0   0   0   
0   0   0   0   0   0   0   0   0   0   0   0   
0   0   0   0   0   0   0   32  0   0   0   0   
0   0   0   0   0   0   0   0   0   0   0   0   
0   0   0   0   0   0   0   0   0   0   0   0   
0   0   0   0   0   0   0   0   0   0   0   0   
0   19  0   0   0   13  0   0   0   0   0   0   
0   0   0   7   0   0   0   0   0   0   0   0   
0   0   0   12  0   0   0   0   0   0   7   0   
---------------------------------
关键边输出如下：
---------------------------------
5    A         13        0.714152  
17   A         13        0.714152  
11   A         14        0         
18   A         19        0         
19   A         25        0.198278  
22   A         25        0.198278  
7    A         27        0         
21   A         29        0         
1    C         32        0.107603  
2    C         32        0.107603  
3    C         32        0.107603  
4    C         32        0.107603  
6    C         32        0.107603  
8    C         32        0.107603  
9    C         32        0.107603  
10   C         32        0.107603  
12   C         32        0.107603  
13   C         32        0.107603  
14   C         32        0.107603  
15   C         32        0.107603  
16   C         32        0.107603  
20   C         32        0.107603  
---------------------------------
---------------------------------

10--8最大流值为：32
最可靠最大流分布概率为 ： 0.107603
状态划分算法消耗的内存为：5.30469
状态划分算法运行时间(ms) ： 11.2072
---------------------------------
流分布如下: 
---------------------------------
0   0   0   0   0   0   0   0   0   0   0   0   
0   0   0   0   0   0   0   0   0   0   0   19  
0   0   0   0   0   0   0   0   0   0   0   0   
0   0   0   0   0   19  0   0   0   0   0   0   
0   0   0   0   0   0   0   0   0   0   0   0   
0   0   0   0   0   0   0   32  0   0   0   0   
0   0   0   0   0   0   0   0   0   0   0   0   
0   0   0   0   0   0   0   0   0   0   0   0   
0   0   0   0   0   0   0   0   0   0   0   0   
0   19  0   0   0   13  0   0   0   0   0   0   
0   0   0   7   0   0   0   0   0   0   0   0   
0   0   0   12  0   0   0   0   0   0   7   0   
---------------------------------
关键边输出如下：
---------------------------------
5    A         13        0.714152  
17   A         13        0.714152  
11   A         14        0         
18   A         19        0         
19   A         25        0.198278  
22   A         25        0.198278  
7    A         27        0         
21   A         29        0         
1    C         32        0.107603  
2    C         32        0.107603  
3    C         32        0.107603  
4    C         32        0.107603  
6    C         32        0.107603  
8    C         32        0.107603  
9    C         32        0.107603  
10   C         32        0.107603  
12   C         32        0.107603  
13   C         32        0.107603  
14   C         32        0.107603  
15   C         32        0.107603  
16   C         32        0.107603  
20   C         32        0.107603  
---------------------------------
---------------------------------

10--8最大流值为：32
最可靠最大流分布概率为 ： 0.107603
状态划分算法消耗的内存为：21.1797
状态划分算法运行时间(ms) ： 11.3699
---------------------------------
流分布如下: 
---------------------------------
0   0   0   0   0   0   0   0   0   0   0   0   
0   0   0   0   0   0   0   0   0   0   0   19  
0   0   0   0   0   0   0   0   0   0   0   0   
0   0   0   0   0   19  0   0   0   0   0   0   
0   0   0   0   0   0   0   0   0   0   0   0   
0   0   0   0   0   0   0   32  0   0   0   0   
0   0   0   0   0   0   0   0   0   0   0   0   
0   0   0   0   0   0   0   0   0   0   0   0   
0   0   0   0   0   0   0   0   0   0   0   0   
0   19  0   0   0   13  0   0   0   0   0   0   
0   0   0   7   0   0   0   0   0   0   0   0   
0   0   0   12  0   0   0   0   0   0   7   0   
---------------------------------
关键边输出如下：
---------------------------------
5    A         13        0.714152  
17   A         13        0.714152  
11   A         14        0         
18   A         19        0         
19   A         25        0.198278  
22   A         25        0.198278  
7    A         27        0         
21   A         29        0         
1    C         32        0.107603  
2    C         32        0.107603  
3    C         32        0.107603  
4    C         32        0.107603  
6    C         32        0.107603  
8    C         32        0.107603  
9    C         32        0.107603  
10   C         32        0.107603  
12   C         32        0.107603  
13   C         32        0.107603  
14   C         32        0.107603  
15   C         32        0.107603  
16   C         32        0.107603  
20   C         32        0.107603  
---------------------------------
---------------------------------

