7--3最大流值为：32
最可靠最大流分布概率为 ： 0.0355738
状态划分算法消耗的内存为：21.1836
状态划分算法运行时间(ms) ： 74.3015
---------------------------------
流分布如下: 
---------------------------------
0   0   0   0   0   0   0   0   0   0   0   0   0   0   
0   0   0   0   0   0   0   0   9   0   0   0   0   0   
0   0   0   0   0   0   0   0   0   0   0   0   0   0   
0   0   0   0   0   0   0   0   0   0   0   0   0   0   
0   0   0   0   0   0   0   0   0   0   0   0   0   0   
0   0   0   0   0   0   0   0   0   0   0   0   0   0   
0   0   0   0   0   0   0   0   0   0   4   0   19  9   
0   0   0   0   0   0   0   0   0   0   0   0   0   0   
0   0   9   0   0   0   0   0   0   0   0   0   0   0   
0   0   0   0   0   0   0   0   0   0   0   0   0   0   
0   0   4   0   0   0   0   0   0   0   0   0   0   0   
0   0   19  0   0   0   0   0   0   0   0   0   0   0   
0   0   0   0   0   0   0   0   0   0   0   19  0   0   
0   9   0   0   0   0   0   0   0   0   0   0   0   0   
---------------------------------
关键边输出如下：
---------------------------------
13   A         13        0.134388  
19   A         13        0.134388  
24   A         13        0.134388  
14   A         23        0.143942  
16   A         23        0.143942  
18   A         28        0         
25   B         32        0.0293028 
12   B         32        0.0310144 
4    B         32        0.0310144 
1    C         32        0.0355738 
2    C         32        0.0355738 
3    C         32        0.0355738 
5    C         32        0.0355738 
6    C         32        0.0355738 
7    C         32        0.0355738 
8    C         32        0.0355738 
9    C         32        0.0355738 
10   C         32        0.0355738 
11   C         32        0.0355738 
15   C         32        0.0355738 
17   C         32        0.0355738 
20   C         32        0.0355738 
21   C         32        0.0355738 
22   C         32        0.0355738 
23   C         32        0.0355738 
26   C         32        0.0355738 
---------------------------------
---------------------------------

7--3最大流值为：32
最可靠最大流分布概率为 ： 0.0355738
状态划分算法消耗的内存为：21.1914
状态划分算法运行时间(ms) ： 64.1377
---------------------------------
流分布如下: 
---------------------------------
0   0   0   0   0   0   0   0   0   0   0   0   0   0   
0   0   0   0   0   0   0   0   9   0   0   0   0   0   
0   0   0   0   0   0   0   0   0   0   0   0   0   0   
0   0   0   0   0   0   0   0   0   0   0   0   0   0   
0   0   0   0   0   0   0   0   0   0   0   0   0   0   
0   0   0   0   0   0   0   0   0   0   0   0   0   0   
0   0   0   0   0   0   0   0   0   0   4   0   19  9   
0   0   0   0   0   0   0   0   0   0   0   0   0   0   
0   0   9   0   0   0   0   0   0   0   0   0   0   0   
0   0   0   0   0   0   0   0   0   0   0   0   0   0   
0   0   4   0   0   0   0   0   0   0   0   0   0   0   
0   0   19  0   0   0   0   0   0   0   0   0   0   0   
0   0   0   0   0   0   0   0   0   0   0   19  0   0   
0   9   0   0   0   0   0   0   0   0   0   0   0   0   
---------------------------------
关键边输出如下：
---------------------------------
13   A         13        0.134388  
19   A         13        0.134388  
24   A         13        0.134388  
14   A         23        0.143942  
16   A         23        0.143942  
18   A         28        0         
25   B         32        0.0293028 
12   B         32        0.0310144 
4    B         32        0.0310144 
1    C         32        0.0355738 
2    C         32        0.0355738 
3    C         32        0.0355738 
5    C         32        0.0355738 
6    C         32        0.0355738 
7    C         32        0.0355738 
8    C         32        0.0355738 
9    C         32        0.0355738 
10   C         32        0.0355738 
11   C         32        0.0355738 
15   C         32        0.0355738 
17   C         32        0.0355738 
20   C         32        0.0355738 
21   C         32        0.0355738 
22   C         32        0.0355738 
23   C         32        0.0355738 
26   C         32        0.0355738 
---------------------------------
---------------------------------

7--3最大流值为：32
最可靠最大流分布概率为 ： 0.0355738
状态划分算法消耗的内存为：21.1797
状态划分算法运行时间(ms) ： 65.1103
---------------------------------
流分布如下: 
---------------------------------
0   0   0   0   0   0   0   0   0   0   0   0   0   0   
0   0   0   0   0   0   0   0   9   0   0   0   0   0   
0   0   0   0   0   0   0   0   0   0   0   0   0   0   
0   0   0   0   0   0   0   0   0   0   0   0   0   0   
0   0   0   0   0   0   0   0   0   0   0   0   0   0   
0   0   0   0   0   0   0   0   0   0   0   0   0   0   
0   0   0   0   0   0   0   0   0   0   4   0   19  9   
0   0   0   0   0   0   0   0   0   0   0   0   0   0   
0   0   9   0   0   0   0   0   0   0   0   0   0   0   
0   0   0   0   0   0   0   0   0   0   0   0   0   0   
0   0   4   0   0   0   0   0   0   0   0   0   0   0   
0   0   19  0   0   0   0   0   0   0   0   0   0   0   
0   0   0   0   0   0   0   0   0   0   0   19  0   0   
0   9   0   0   0   0   0   0   0   0   0   0   0   0   
---------------------------------
关键边输出如下：
---------------------------------
13   A         13        0.134388  
19   A         13        0.134388  
24   A         13        0.134388  
14   A         23        0.143942  
16   A         23        0.143942  
18   A         28        0         
25   B         32        0.0293028 
12   B         32        0.0310144 
4    B         32        0.0310144 
1    C         32        0.0355738 
2    C         32        0.0355738 
3    C         32        0.0355738 
5    C         32        0.0355738 
6    C         32        0.0355738 
7    C         32        0.0355738 
8    C         32        0.0355738 
9    C         32        0.0355738 
10   C         32        0.0355738 
11   C         32        0.0355738 
15   C         32        0.0355738 
17   C         32        0.0355738 
20   C         32        0.0355738 
21   C         32        0.0355738 
22   C         32        0.0355738 
23   C         32        0.0355738 
26   C         32        0.0355738 
---------------------------------
---------------------------------

7--3最大流值为：32
最可靠最大流分布概率为 ： 0.0355738
状态划分算法消耗的内存为：6.25781
状态划分算法运行时间(ms) ： 62.7541
---------------------------------
流分布如下: 
---------------------------------
0   0   0   0   0   0   0   0   0   0   0   0   0   0   
0   0   0   0   0   0   0   0   9   0   0   0   0   0   
0   0   0   0   0   0   0   0   0   0   0   0   0   0   
0   0   0   0   0   0   0   0   0   0   0   0   0   0   
0   0   0   0   0   0   0   0   0   0   0   0   0   0   
0   0   0   0   0   0   0   0   0   0   0   0   0   0   
0   0   0   0   0   0   0   0   0   0   4   0   19  9   
0   0   0   0   0   0   0   0   0   0   0   0   0   0   
0   0   9   0   0   0   0   0   0   0   0   0   0   0   
0   0   0   0   0   0   0   0   0   0   0   0   0   0   
0   0   4   0   0   0   0   0   0   0   0   0   0   0   
0   0   19  0   0   0   0   0   0   0   0   0   0   0   
0   0   0   0   0   0   0   0   0   0   0   19  0   0   
0   9   0   0   0   0   0   0   0   0   0   0   0   0   
---------------------------------
关键边输出如下：
---------------------------------
13   A         13        0.134388  
19   A         13        0.134388  
24   A         13        0.134388  
14   A         23        0.143942  
16   A         23        0.143942  
18   A         28        0         
25   B         32        0.0293028 
12   B         32        0.0310144 
4    B         32        0.0310144 
1    C         32        0.0355738 
2    C         32        0.0355738 
3    C         32        0.0355738 
5    C         32        0.0355738 
6    C         32        0.0355738 
7    C         32        0.0355738 
8    C         32        0.0355738 
9    C         32        0.0355738 
10   C         32        0.0355738 
11   C         32        0.0355738 
15   C         32        0.0355738 
17   C         32        0.0355738 
20   C         32        0.0355738 
21   C         32        0.0355738 
22   C         32        0.0355738 
23   C         32        0.0355738 
26   C         32        0.0355738 
---------------------------------
---------------------------------

