7--8最大流值为：38
最可靠最大流分布概率为 ： 0.107265
状态划分算法消耗的内存为：21.1758
状态划分算法运行时间(ms) ： 32.855
---------------------------------
流分布如下: 
---------------------------------
0   0   0   0   0   0   0   0   0   0   0   0   0   0   
0   0   0   0   19  0   0   0   0   0   0   0   0   0   
0   0   0   0   0   0   0   0   0   0   0   0   0   0   
0   0   0   0   0   0   0   19  0   0   0   0   0   0   
0   0   0   19  0   0   0   0   0   0   0   0   0   0   
0   0   0   0   0   0   0   0   0   0   0   0   0   0   
0   0   0   0   0   0   0   0   0   0   0   0   19  19  
0   0   0   0   0   0   0   0   0   0   0   0   0   0   
0   0   0   0   0   0   0   0   0   0   0   0   0   0   
0   1   0   0   0   0   0   0   0   0   0   0   0   0   
0   0   0   0   0   0   0   0   0   0   0   0   0   0   
0   0   0   0   0   0   0   0   0   0   0   0   0   0   
0   0   0   0   0   0   0   19  0   0   0   0   0   0   
0   18  0   0   0   0   0   0   0   1   0   0   0   0   
---------------------------------
关键边输出如下：
---------------------------------
13   A         19        0.158286  
23   A         19        0.158286  
11   A         19        0.677668  
14   A         23        0         
3    A         26        0         
8    A         29        0         
25   A         34        0         
17   B         38        0.0549686 
26   B         38        0.0549686 
1    C         38        0.107265  
2    C         38        0.107265  
4    C         38        0.107265  
5    C         38        0.107265  
6    C         38        0.107265  
7    C         38        0.107265  
9    C         38        0.107265  
10   C         38        0.107265  
12   C         38        0.107265  
15   C         38        0.107265  
16   C         38        0.107265  
18   C         38        0.107265  
19   C         38        0.107265  
20   C         38        0.107265  
21   C         38        0.107265  
22   C         38        0.107265  
24   C         38        0.107265  
---------------------------------
---------------------------------

7--8最大流值为：38
最可靠最大流分布概率为 ： 0.107265
状态划分算法消耗的内存为：21.1523
状态划分算法运行时间(ms) ： 29.7288
---------------------------------
流分布如下: 
---------------------------------
0   0   0   0   0   0   0   0   0   0   0   0   0   0   
0   0   0   0   19  0   0   0   0   0   0   0   0   0   
0   0   0   0   0   0   0   0   0   0   0   0   0   0   
0   0   0   0   0   0   0   19  0   0   0   0   0   0   
0   0   0   19  0   0   0   0   0   0   0   0   0   0   
0   0   0   0   0   0   0   0   0   0   0   0   0   0   
0   0   0   0   0   0   0   0   0   0   0   0   19  19  
0   0   0   0   0   0   0   0   0   0   0   0   0   0   
0   0   0   0   0   0   0   0   0   0   0   0   0   0   
0   1   0   0   0   0   0   0   0   0   0   0   0   0   
0   0   0   0   0   0   0   0   0   0   0   0   0   0   
0   0   0   0   0   0   0   0   0   0   0   0   0   0   
0   0   0   0   0   0   0   19  0   0   0   0   0   0   
0   18  0   0   0   0   0   0   0   1   0   0   0   0   
---------------------------------
关键边输出如下：
---------------------------------
13   A         19        0.158286  
23   A         19        0.158286  
11   A         19        0.677668  
14   A         23        0         
3    A         26        0         
8    A         29        0         
25   A         34        0         
17   B         38        0.0549686 
26   B         38        0.0549686 
1    C         38        0.107265  
2    C         38        0.107265  
4    C         38        0.107265  
5    C         38        0.107265  
6    C         38        0.107265  
7    C         38        0.107265  
9    C         38        0.107265  
10   C         38        0.107265  
12   C         38        0.107265  
15   C         38        0.107265  
16   C         38        0.107265  
18   C         38        0.107265  
19   C         38        0.107265  
20   C         38        0.107265  
21   C         38        0.107265  
22   C         38        0.107265  
24   C         38        0.107265  
---------------------------------
---------------------------------

7--8最大流值为：38
最可靠最大流分布概率为 ： 0.107265
状态划分算法消耗的内存为：5.32422
状态划分算法运行时间(ms) ： 26.9636
---------------------------------
流分布如下: 
---------------------------------
0   0   0   0   0   0   0   0   0   0   0   0   0   0   
0   0   0   0   19  0   0   0   0   0   0   0   0   0   
0   0   0   0   0   0   0   0   0   0   0   0   0   0   
0   0   0   0   0   0   0   19  0   0   0   0   0   0   
0   0   0   19  0   0   0   0   0   0   0   0   0   0   
0   0   0   0   0   0   0   0   0   0   0   0   0   0   
0   0   0   0   0   0   0   0   0   0   0   0   19  19  
0   0   0   0   0   0   0   0   0   0   0   0   0   0   
0   0   0   0   0   0   0   0   0   0   0   0   0   0   
0   1   0   0   0   0   0   0   0   0   0   0   0   0   
0   0   0   0   0   0   0   0   0   0   0   0   0   0   
0   0   0   0   0   0   0   0   0   0   0   0   0   0   
0   0   0   0   0   0   0   19  0   0   0   0   0   0   
0   18  0   0   0   0   0   0   0   1   0   0   0   0   
---------------------------------
关键边输出如下：
---------------------------------
13   A         19        0.158286  
23   A         19        0.158286  
11   A         19        0.677668  
14   A         23        0         
3    A         26        0         
8    A         29        0         
25   A         34        0         
17   B         38        0.0549686 
26   B         38        0.0549686 
1    C         38        0.107265  
2    C         38        0.107265  
4    C         38        0.107265  
5    C         38        0.107265  
6    C         38        0.107265  
7    C         38        0.107265  
9    C         38        0.107265  
10   C         38        0.107265  
12   C         38        0.107265  
15   C         38        0.107265  
16   C         38        0.107265  
18   C         38        0.107265  
19   C         38        0.107265  
20   C         38        0.107265  
21   C         38        0.107265  
22   C         38        0.107265  
24   C         38        0.107265  
---------------------------------
---------------------------------

7--8最大流值为：38
最可靠最大流分布概率为 ： 0.107265
状态划分算法消耗的内存为：21.1758
状态划分算法运行时间(ms) ： 26.8993
---------------------------------
流分布如下: 
---------------------------------
0   0   0   0   0   0   0   0   0   0   0   0   0   0   
0   0   0   0   19  0   0   0   0   0   0   0   0   0   
0   0   0   0   0   0   0   0   0   0   0   0   0   0   
0   0   0   0   0   0   0   19  0   0   0   0   0   0   
0   0   0   19  0   0   0   0   0   0   0   0   0   0   
0   0   0   0   0   0   0   0   0   0   0   0   0   0   
0   0   0   0   0   0   0   0   0   0   0   0   19  19  
0   0   0   0   0   0   0   0   0   0   0   0   0   0   
0   0   0   0   0   0   0   0   0   0   0   0   0   0   
0   1   0   0   0   0   0   0   0   0   0   0   0   0   
0   0   0   0   0   0   0   0   0   0   0   0   0   0   
0   0   0   0   0   0   0   0   0   0   0   0   0   0   
0   0   0   0   0   0   0   19  0   0   0   0   0   0   
0   18  0   0   0   0   0   0   0   1   0   0   0   0   
---------------------------------
关键边输出如下：
---------------------------------
13   A         19        0.158286  
23   A         19        0.158286  
11   A         19        0.677668  
14   A         23        0         
3    A         26        0         
8    A         29        0         
25   A         34        0         
17   B         38        0.0549686 
26   B         38        0.0549686 
1    C         38        0.107265  
2    C         38        0.107265  
4    C         38        0.107265  
5    C         38        0.107265  
6    C         38        0.107265  
7    C         38        0.107265  
9    C         38        0.107265  
10   C         38        0.107265  
12   C         38        0.107265  
15   C         38        0.107265  
16   C         38        0.107265  
18   C         38        0.107265  
19   C         38        0.107265  
20   C         38        0.107265  
21   C         38        0.107265  
22   C         38        0.107265  
24   C         38        0.107265  
---------------------------------
---------------------------------

