5--1最大流值为：76
最可靠最大流分布概率为 ： 0.115151
状态划分算法消耗的内存为：5.26172
状态划分算法运行时间(ms) ： 3.95026
---------------------------------
流分布如下: 
---------------------------------
0   0   0   0   0   0   
22  0   0   0   0   0   
0   0   0   0   0   0   
32  0   0   0   0   0   
22  22  0   32  0   0   
0   0   0   0   0   0   
---------------------------------
关键边输出如下：
---------------------------------
7    A         44        0.359729  
10   A         44        0.359729  
9    A         54        0.164846  
1    A         54        0.164846  
8    A         54        0.223604  
2    C         76        0.115151  
3    C         76        0.115151  
4    C         76        0.115151  
5    C         76        0.115151  
6    C         76        0.115151  
---------------------------------
---------------------------------

5--1最大流值为：76
最可靠最大流分布概率为 ： 0.115151
状态划分算法消耗的内存为：5.32031
状态划分算法运行时间(ms) ： 2.84339
---------------------------------
流分布如下: 
---------------------------------
0   0   0   0   0   0   
22  0   0   0   0   0   
0   0   0   0   0   0   
32  0   0   0   0   0   
22  22  0   32  0   0   
0   0   0   0   0   0   
---------------------------------
关键边输出如下：
---------------------------------
7    A         44        0.359729  
10   A         44        0.359729  
9    A         54        0.164846  
1    A         54        0.164846  
8    A         54        0.223604  
2    C         76        0.115151  
3    C         76        0.115151  
4    C         76        0.115151  
5    C         76        0.115151  
6    C         76        0.115151  
---------------------------------
---------------------------------

5--1最大流值为：76
最可靠最大流分布概率为 ： 0.115151
状态划分算法消耗的内存为：21.1719
状态划分算法运行时间(ms) ： 3.08668
---------------------------------
流分布如下: 
---------------------------------
0   0   0   0   0   0   
22  0   0   0   0   0   
0   0   0   0   0   0   
32  0   0   0   0   0   
22  22  0   32  0   0   
0   0   0   0   0   0   
---------------------------------
关键边输出如下：
---------------------------------
7    A         44        0.359729  
10   A         44        0.359729  
9    A         54        0.164846  
1    A         54        0.164846  
8    A         54        0.223604  
2    C         76        0.115151  
3    C         76        0.115151  
4    C         76        0.115151  
5    C         76        0.115151  
6    C         76        0.115151  
---------------------------------
---------------------------------

5--1最大流值为：76
最可靠最大流分布概率为 ： 0.115151
状态划分算法消耗的内存为：5.30469
状态划分算法运行时间(ms) ： 2.89259
---------------------------------
流分布如下: 
---------------------------------
0   0   0   0   0   0   
22  0   0   0   0   0   
0   0   0   0   0   0   
32  0   0   0   0   0   
22  22  0   32  0   0   
0   0   0   0   0   0   
---------------------------------
关键边输出如下：
---------------------------------
7    A         44        0.359729  
10   A         44        0.359729  
9    A         54        0.164846  
1    A         54        0.164846  
8    A         54        0.223604  
2    C         76        0.115151  
3    C         76        0.115151  
4    C         76        0.115151  
5    C         76        0.115151  
6    C         76        0.115151  
---------------------------------
---------------------------------

