3--2最大流值为：8
最可靠最大流分布概率为 ： 0.530255
状态划分算法消耗的内存为：5.3125
状态划分算法运行时间(ms) ： 4.36499
---------------------------------
流分布如下: 
---------------------------------
0   0   0   0   0   0   0   0   
0   0   0   0   0   0   0   0   
0   0   0   0   0   0   8   0   
0   0   0   0   0   0   0   0   
0   0   0   0   0   0   0   0   
0   8   0   0   0   0   0   0   
0   0   0   0   0   0   0   8   
0   0   0   0   0   8   0   0   
---------------------------------
关键边输出如下：
---------------------------------
8    A         0         0         
14   A         7         0         
6    B         8         0.383286  
12   B         8         0.464306  
1    C         8         0.530255  
2    C         8         0.530255  
3    C         8         0.530255  
4    C         8         0.530255  
5    C         8         0.530255  
7    C         8         0.530255  
9    C         8         0.530255  
10   C         8         0.530255  
11   C         8         0.530255  
13   C         8         0.530255  
---------------------------------
---------------------------------

3--2最大流值为：8
最可靠最大流分布概率为 ： 0.530255
状态划分算法消耗的内存为：21.1719
状态划分算法运行时间(ms) ： 1.39815
---------------------------------
流分布如下: 
---------------------------------
0   0   0   0   0   0   0   0   
0   0   0   0   0   0   0   0   
0   0   0   0   0   0   8   0   
0   0   0   0   0   0   0   0   
0   0   0   0   0   0   0   0   
0   8   0   0   0   0   0   0   
0   0   0   0   0   0   0   8   
0   0   0   0   0   8   0   0   
---------------------------------
关键边输出如下：
---------------------------------
8    A         0         0         
14   A         7         0         
6    B         8         0.383286  
12   B         8         0.464306  
1    C         8         0.530255  
2    C         8         0.530255  
3    C         8         0.530255  
4    C         8         0.530255  
5    C         8         0.530255  
7    C         8         0.530255  
9    C         8         0.530255  
10   C         8         0.530255  
11   C         8         0.530255  
13   C         8         0.530255  
---------------------------------
---------------------------------

3--2最大流值为：8
最可靠最大流分布概率为 ： 0.530255
状态划分算法消耗的内存为：5.32031
状态划分算法运行时间(ms) ： 1.4229
---------------------------------
流分布如下: 
---------------------------------
0   0   0   0   0   0   0   0   
0   0   0   0   0   0   0   0   
0   0   0   0   0   0   8   0   
0   0   0   0   0   0   0   0   
0   0   0   0   0   0   0   0   
0   8   0   0   0   0   0   0   
0   0   0   0   0   0   0   8   
0   0   0   0   0   8   0   0   
---------------------------------
关键边输出如下：
---------------------------------
8    A         0         0         
14   A         7         0         
6    B         8         0.383286  
12   B         8         0.464306  
1    C         8         0.530255  
2    C         8         0.530255  
3    C         8         0.530255  
4    C         8         0.530255  
5    C         8         0.530255  
7    C         8         0.530255  
9    C         8         0.530255  
10   C         8         0.530255  
11   C         8         0.530255  
13   C         8         0.530255  
---------------------------------
---------------------------------

3--2最大流值为：8
最可靠最大流分布概率为 ： 0.530255
状态划分算法消耗的内存为：5.30078
状态划分算法运行时间(ms) ： 1.39211
---------------------------------
流分布如下: 
---------------------------------
0   0   0   0   0   0   0   0   
0   0   0   0   0   0   0   0   
0   0   0   0   0   0   8   0   
0   0   0   0   0   0   0   0   
0   0   0   0   0   0   0   0   
0   8   0   0   0   0   0   0   
0   0   0   0   0   0   0   8   
0   0   0   0   0   8   0   0   
---------------------------------
关键边输出如下：
---------------------------------
8    A         0         0         
14   A         7         0         
6    B         8         0.383286  
12   B         8         0.464306  
1    C         8         0.530255  
2    C         8         0.530255  
3    C         8         0.530255  
4    C         8         0.530255  
5    C         8         0.530255  
7    C         8         0.530255  
9    C         8         0.530255  
10   C         8         0.530255  
11   C         8         0.530255  
13   C         8         0.530255  
---------------------------------
---------------------------------

