5--6最大流值为：28
最可靠最大流分布概率为 ： 0.130293
状态划分算法消耗的内存为：5.28516
状态划分算法运行时间(ms) ： 6.13955
---------------------------------
流分布如下: 
---------------------------------
0   0   0   0   0   3   0   0   
0   0   0   0   0   0   0   0   
0   0   0   0   0   0   0   0   
3   0   0   0   0   25  0   0   
0   0   0   0   0   0   8   20  
0   0   0   0   0   0   0   0   
0   0   0   8   0   0   0   0   
0   0   0   20  0   0   0   0   
---------------------------------
关键边输出如下：
---------------------------------
9    A         8         0.57003   
14   A         8         0.57003   
6    A         10        0         
12   A         20        0.743809  
8    A         20        0.743809  
3    A         25        0.455302  
1    A         25        0.455302  
2    C         28        0.130293  
4    C         28        0.130293  
5    C         28        0.130293  
7    C         28        0.130293  
10   C         28        0.130293  
11   C         28        0.130293  
13   C         28        0.130293  
---------------------------------
---------------------------------

5--6最大流值为：28
最可靠最大流分布概率为 ： 0.130293
状态划分算法消耗的内存为：5.3125
状态划分算法运行时间(ms) ： 4.60526
---------------------------------
流分布如下: 
---------------------------------
0   0   0   0   0   3   0   0   
0   0   0   0   0   0   0   0   
0   0   0   0   0   0   0   0   
3   0   0   0   0   25  0   0   
0   0   0   0   0   0   8   20  
0   0   0   0   0   0   0   0   
0   0   0   8   0   0   0   0   
0   0   0   20  0   0   0   0   
---------------------------------
关键边输出如下：
---------------------------------
9    A         8         0.57003   
14   A         8         0.57003   
6    A         10        0         
12   A         20        0.743809  
8    A         20        0.743809  
3    A         25        0.455302  
1    A         25        0.455302  
2    C         28        0.130293  
4    C         28        0.130293  
5    C         28        0.130293  
7    C         28        0.130293  
10   C         28        0.130293  
11   C         28        0.130293  
13   C         28        0.130293  
---------------------------------
---------------------------------

5--6最大流值为：28
最可靠最大流分布概率为 ： 0.130293
状态划分算法消耗的内存为：21.1602
状态划分算法运行时间(ms) ： 4.63303
---------------------------------
流分布如下: 
---------------------------------
0   0   0   0   0   3   0   0   
0   0   0   0   0   0   0   0   
0   0   0   0   0   0   0   0   
3   0   0   0   0   25  0   0   
0   0   0   0   0   0   8   20  
0   0   0   0   0   0   0   0   
0   0   0   8   0   0   0   0   
0   0   0   20  0   0   0   0   
---------------------------------
关键边输出如下：
---------------------------------
9    A         8         0.57003   
14   A         8         0.57003   
6    A         10        0         
12   A         20        0.743809  
8    A         20        0.743809  
3    A         25        0.455302  
1    A         25        0.455302  
2    C         28        0.130293  
4    C         28        0.130293  
5    C         28        0.130293  
7    C         28        0.130293  
10   C         28        0.130293  
11   C         28        0.130293  
13   C         28        0.130293  
---------------------------------
---------------------------------

5--6最大流值为：28
最可靠最大流分布概率为 ： 0.130293
状态划分算法消耗的内存为：5.31641
状态划分算法运行时间(ms) ： 4.79844
---------------------------------
流分布如下: 
---------------------------------
0   0   0   0   0   3   0   0   
0   0   0   0   0   0   0   0   
0   0   0   0   0   0   0   0   
3   0   0   0   0   25  0   0   
0   0   0   0   0   0   8   20  
0   0   0   0   0   0   0   0   
0   0   0   8   0   0   0   0   
0   0   0   20  0   0   0   0   
---------------------------------
关键边输出如下：
---------------------------------
9    A         8         0.57003   
14   A         8         0.57003   
6    A         10        0         
12   A         20        0.743809  
8    A         20        0.743809  
3    A         25        0.455302  
1    A         25        0.455302  
2    C         28        0.130293  
4    C         28        0.130293  
5    C         28        0.130293  
7    C         28        0.130293  
10   C         28        0.130293  
11   C         28        0.130293  
13   C         28        0.130293  
---------------------------------
---------------------------------

