8--3最大流值为：57
最可靠最大流分布概率为 ： 0.0748666
状态划分算法消耗的内存为：5.30859
状态划分算法运行时间(ms) ： 10.6733
---------------------------------
流分布如下: 
---------------------------------
0   20  0   0   0   12  0   0   
0   0   20  0   0   0   0   0   
0   0   0   0   0   0   0   0   
0   0   21  0   0   0   0   0   
0   0   0   0   0   0   0   0   
0   0   12  0   0   0   0   0   
0   0   0   0   0   0   0   0   
32  0   4   21  0   0   0   0   
---------------------------------
关键边输出如下：
---------------------------------
12   A         25        0         
6    A         36        0.161919  
14   A         36        0.161919  
4    A         37        0.137641  
1    A         37        0.137641  
2    A         45        0.127068  
10   A         45        0.127068  
13   A         53        0         
3    C         57        0.0748666 
5    C         57        0.0748666 
7    C         57        0.0748666 
8    C         57        0.0748666 
9    C         57        0.0748666 
11   C         57        0.0748666 
---------------------------------
---------------------------------

8--3最大流值为：57
最可靠最大流分布概率为 ： 0.0748666
状态划分算法消耗的内存为：5.31641
状态划分算法运行时间(ms) ： 9.03485
---------------------------------
流分布如下: 
---------------------------------
0   20  0   0   0   12  0   0   
0   0   20  0   0   0   0   0   
0   0   0   0   0   0   0   0   
0   0   21  0   0   0   0   0   
0   0   0   0   0   0   0   0   
0   0   12  0   0   0   0   0   
0   0   0   0   0   0   0   0   
32  0   4   21  0   0   0   0   
---------------------------------
关键边输出如下：
---------------------------------
12   A         25        0         
6    A         36        0.161919  
14   A         36        0.161919  
4    A         37        0.137641  
1    A         37        0.137641  
2    A         45        0.127068  
10   A         45        0.127068  
13   A         53        0         
3    C         57        0.0748666 
5    C         57        0.0748666 
7    C         57        0.0748666 
8    C         57        0.0748666 
9    C         57        0.0748666 
11   C         57        0.0748666 
---------------------------------
---------------------------------

8--3最大流值为：57
最可靠最大流分布概率为 ： 0.0748666
状态划分算法消耗的内存为：6.23828
状态划分算法运行时间(ms) ： 8.81118
---------------------------------
流分布如下: 
---------------------------------
0   20  0   0   0   12  0   0   
0   0   20  0   0   0   0   0   
0   0   0   0   0   0   0   0   
0   0   21  0   0   0   0   0   
0   0   0   0   0   0   0   0   
0   0   12  0   0   0   0   0   
0   0   0   0   0   0   0   0   
32  0   4   21  0   0   0   0   
---------------------------------
关键边输出如下：
---------------------------------
12   A         25        0         
6    A         36        0.161919  
14   A         36        0.161919  
4    A         37        0.137641  
1    A         37        0.137641  
2    A         45        0.127068  
10   A         45        0.127068  
13   A         53        0         
3    C         57        0.0748666 
5    C         57        0.0748666 
7    C         57        0.0748666 
8    C         57        0.0748666 
9    C         57        0.0748666 
11   C         57        0.0748666 
---------------------------------
---------------------------------

8--3最大流值为：57
最可靠最大流分布概率为 ： 0.0748666
状态划分算法消耗的内存为：21.1836
状态划分算法运行时间(ms) ： 11.4825
---------------------------------
流分布如下: 
---------------------------------
0   20  0   0   0   12  0   0   
0   0   20  0   0   0   0   0   
0   0   0   0   0   0   0   0   
0   0   21  0   0   0   0   0   
0   0   0   0   0   0   0   0   
0   0   12  0   0   0   0   0   
0   0   0   0   0   0   0   0   
32  0   4   21  0   0   0   0   
---------------------------------
关键边输出如下：
---------------------------------
12   A         25        0         
6    A         36        0.161919  
14   A         36        0.161919  
4    A         37        0.137641  
1    A         37        0.137641  
2    A         45        0.127068  
10   A         45        0.127068  
13   A         53        0         
3    C         57        0.0748666 
5    C         57        0.0748666 
7    C         57        0.0748666 
8    C         57        0.0748666 
9    C         57        0.0748666 
11   C         57        0.0748666 
---------------------------------
---------------------------------

