4--8最大流值为：30
最可靠最大流分布概率为 ： 0.501316
状态划分算法消耗的内存为：5.30078
状态划分算法运行时间(ms) ： 6.51534
---------------------------------
流分布如下: 
---------------------------------
0   0   0   0   0   0   0   0   
0   0   0   0   30  0   0   0   
0   0   0   0   0   0   0   0   
0   30  0   0   0   0   0   0   
0   0   0   0   0   0   0   30  
0   0   0   0   0   0   0   0   
0   0   0   0   0   0   0   0   
0   0   0   0   0   0   0   0   
---------------------------------
关键边输出如下：
---------------------------------
11   A         0         0         
5    A         29        0         
9    B         30        0         
1    C         30        0.501316  
2    C         30        0.501316  
3    C         30        0.501316  
4    C         30        0.501316  
6    C         30        0.501316  
7    C         30        0.501316  
8    C         30        0.501316  
10   C         30        0.501316  
12   C         30        0.501316  
13   C         30        0.501316  
14   C         30        0.501316  
---------------------------------
---------------------------------

4--8最大流值为：30
最可靠最大流分布概率为 ： 0.501316
状态划分算法消耗的内存为：5.30859
状态划分算法运行时间(ms) ： 1.7169
---------------------------------
流分布如下: 
---------------------------------
0   0   0   0   0   0   0   0   
0   0   0   0   30  0   0   0   
0   0   0   0   0   0   0   0   
0   30  0   0   0   0   0   0   
0   0   0   0   0   0   0   30  
0   0   0   0   0   0   0   0   
0   0   0   0   0   0   0   0   
0   0   0   0   0   0   0   0   
---------------------------------
关键边输出如下：
---------------------------------
11   A         0         0         
5    A         29        0         
9    B         30        0         
1    C         30        0.501316  
2    C         30        0.501316  
3    C         30        0.501316  
4    C         30        0.501316  
6    C         30        0.501316  
7    C         30        0.501316  
8    C         30        0.501316  
10   C         30        0.501316  
12   C         30        0.501316  
13   C         30        0.501316  
14   C         30        0.501316  
---------------------------------
---------------------------------

4--8最大流值为：30
最可靠最大流分布概率为 ： 0.501316
状态划分算法消耗的内存为：5.32422
状态划分算法运行时间(ms) ： 1.31907
---------------------------------
流分布如下: 
---------------------------------
0   0   0   0   0   0   0   0   
0   0   0   0   30  0   0   0   
0   0   0   0   0   0   0   0   
0   30  0   0   0   0   0   0   
0   0   0   0   0   0   0   30  
0   0   0   0   0   0   0   0   
0   0   0   0   0   0   0   0   
0   0   0   0   0   0   0   0   
---------------------------------
关键边输出如下：
---------------------------------
11   A         0         0         
5    A         29        0         
9    B         30        0         
1    C         30        0.501316  
2    C         30        0.501316  
3    C         30        0.501316  
4    C         30        0.501316  
6    C         30        0.501316  
7    C         30        0.501316  
8    C         30        0.501316  
10   C         30        0.501316  
12   C         30        0.501316  
13   C         30        0.501316  
14   C         30        0.501316  
---------------------------------
---------------------------------

4--8最大流值为：30
最可靠最大流分布概率为 ： 0.501316
状态划分算法消耗的内存为：21.168
状态划分算法运行时间(ms) ： 1.31665
---------------------------------
流分布如下: 
---------------------------------
0   0   0   0   0   0   0   0   
0   0   0   0   30  0   0   0   
0   0   0   0   0   0   0   0   
0   30  0   0   0   0   0   0   
0   0   0   0   0   0   0   30  
0   0   0   0   0   0   0   0   
0   0   0   0   0   0   0   0   
0   0   0   0   0   0   0   0   
---------------------------------
关键边输出如下：
---------------------------------
11   A         0         0         
5    A         29        0         
9    B         30        0         
1    C         30        0.501316  
2    C         30        0.501316  
3    C         30        0.501316  
4    C         30        0.501316  
6    C         30        0.501316  
7    C         30        0.501316  
8    C         30        0.501316  
10   C         30        0.501316  
12   C         30        0.501316  
13   C         30        0.501316  
14   C         30        0.501316  
---------------------------------
---------------------------------

