g    #    2
s    8    14
e    1    3    10    0.509283    1
e    1    8    1    0.760563    2
e    2    7    33    0.561903    3
e    2    8    37    0.898435    4
e    3    4    24    0.811637    5
e    3    7    25    0.931237    6
e    4    7    25    0.829347    7
e    6    2    8    0.891243    8
e    6    4    34    0.858647    9
e    7    1    18    0.9156    10
e    7    6    7    0.863615    11
e    7    8    35    0.686818    12
e    8    5    34    0.629936    13
e    8    6    20    0.930222    14
g    #    0



