3--4最大流值为：55
最可靠最大流分布概率为 ： 0.0597624
状态划分算法消耗的内存为：3.69922
状态划分算法运行时间(ms) ： 30.977
---------------------------------
流分布如下: 
---------------------------------
0   0   0   0   0   0   0   0   0   0   
0   0   0   0   0   0   0   0   0   0   
0   0   0   38  0   3   14  0   0   0   
0   0   0   0   0   0   0   0   0   0   
0   0   0   0   0   0   0   0   0   0   
0   0   0   0   0   0   0   0   0   3   
0   0   0   17  0   0   0   0   0   0   
0   0   0   0   0   0   0   0   0   0   
0   0   0   0   0   0   0   0   0   0   
0   0   0   0   0   0   3   0   0   0   
---------------------------------
关键边输出如下：
---------------------------------
5    A    17   
12   A    38   
7    A    41   
18   A    52   
16   B    0.0117179
15   B    0.045715
14   B    0.0117179
11   B    0.0597624
9    B    0.0117179
8    B    0.045715
6    B    0.0597624
1    B    0.0113064
2    B    0.0271254
3    B    0.0475751
4    B    0.0475751
10   C    0    
13   C    0    
17   C    0    
---------------------------------
---------------------------------

1--4最大流值为：47
最可靠最大流分布概率为 ： 0.0355748
状态划分算法消耗的内存为：3.71484
状态划分算法运行时间(ms) ： 11.0492
---------------------------------
流分布如下: 
---------------------------------
0   12  35  0   0   0   0   0   0   0   
0   0   0   0   12  0   0   0   0   0   
0   0   0   0   35  0   0   0   0   0   
0   0   0   0   0   0   0   0   0   0   
0   0   0   22  0   0   25  0   0   0   
0   0   0   0   0   0   0   0   0   0   
0   0   0   22  0   0   0   0   0   3   
0   0   0   0   0   0   0   0   0   0   
0   0   0   0   0   0   0   0   0   0   
0   0   0   3   0   0   0   0   0   0   
---------------------------------
关键边输出如下：
---------------------------------
2    A    12   
9    A    25   
13   A    25   
10   A    28   
1    A    37   
5    A    41   
3    A    43   
17   A    44   
4    B    0.0239401
11   B    0.0251292
14   B    0.0355748
6    C    0    
7    C    0    
8    C    0    
12   C    0    
15   C    0    
16   C    0    
18   C    0    
---------------------------------
---------------------------------

1--3最大流值为：30
最可靠最大流分布概率为 ： 0.012557
状态划分算法消耗的内存为：3.71484
状态划分算法运行时间(ms) ： 7.13693
---------------------------------
流分布如下: 
---------------------------------
0   0   0   12  0   0   0   0   12  6   
0   0   0   0   0   0   0   0   0   0   
0   0   0   0   0   0   0   0   0   0   
0   0   14  0   1   0   0   0   0   0   
0   0   1   0   0   0   0   0   0   0   
0   0   0   0   0   0   0   0   0   0   
0   0   0   3   0   0   0   0   0   0   
0   0   0   0   0   0   3   0   0   0   
0   0   12  0   0   0   0   0   0   0   
0   0   3   0   0   0   0   3   0   0   
---------------------------------
关键边输出如下：
---------------------------------
1    A    18   
2    A    18   
15   A    18   
3    A    24   
13   A    27   
11   A    27   
17   A    27   
18   A    27   
7    A    29   
4    A    29   
5    A    29   
6    C    0    
8    C    0    
9    C    0    
10   C    0    
12   C    0    
14   C    0    
16   C    0    
---------------------------------
---------------------------------

2--8最大流值为：52
最可靠最大流分布概率为 ： 0.028081
状态划分算法消耗的内存为：3.71484
状态划分算法运行时间(ms) ： 12.4296
---------------------------------
流分布如下: 
---------------------------------
0   0   0   0   0   0   0   12  0   0   
0   0   36  13  0   0   0   0   0   3   
12  0   0   0   0   0   12  25  0   0   
0   0   13  0   0   0   0   0   0   0   
0   0   0   0   0   0   0   0   0   0   
0   0   0   0   0   0   0   0   0   0   
0   0   0   0   0   0   0   12  0   0   
0   0   0   0   0   0   0   0   0   0   
0   0   0   0   0   0   0   0   0   0   
0   0   0   0   0   0   0   3   0   0   
---------------------------------
关键边输出如下：
---------------------------------
8    A    27   
3    A    29   
7    A    40   
1    A    40   
15   A    40   
18   A    49   
4    A    51   
10   A    51   
2    B    0.0206563
5    B    0.028081
6    B    0.028081
9    B    0.0193889
11   C    0    
12   C    0    
13   C    0    
14   C    0    
16   C    0    
17   C    0    
---------------------------------
---------------------------------

8--1最大流值为：63
最可靠最大流分布概率为 ： 0.0652329
状态划分算法消耗的内存为：3.71484
状态划分算法运行时间(ms) ： 6.55677
---------------------------------
流分布如下: 
---------------------------------
0   0   0   0   0   0   0   0   0   0   
22  0   0   0   0   0   0   0   0   0   
38  0   0   0   0   0   0   0   0   0   
0   0   0   0   0   0   0   0   0   0   
0   0   0   0   0   0   0   0   0   0   
3   0   0   0   0   0   0   0   0   0   
0   0   0   0   0   0   0   0   0   0   
0   22  38  0   0   0   0   0   0   3   
0   0   0   0   0   0   0   0   0   0   
0   0   0   0   0   3   0   0   0   0   
---------------------------------
关键边输出如下：
---------------------------------
5    A    25   
14   A    37   
13   A    41   
2    A    41   
17   A    60   
18   A    60   
10   B    0.0652329
11   B    0.0466866
1    C    0    
3    C    0    
4    C    0    
6    C    0    
7    C    0    
8    C    0    
9    C    0    
12   C    0    
15   C    0    
16   C    0    
---------------------------------
---------------------------------

