6--5最大流值为：26
最可靠最大流分布概率为 ： 0.132277
状态划分算法消耗的内存为：3.69141
状态划分算法运行时间(ms) ： 410.848
---------------------------------
流分布如下: 
---------------------------------
0   0   0   0   13  0   0   0   0   0   0   0   
0   0   0   0   0   0   0   0   0   0   0   0   
0   0   0   0   13  0   0   0   0   0   0   0   
0   0   0   0   0   0   0   0   0   0   0   0   
0   0   0   0   0   0   0   0   0   0   0   0   
0   0   0   0   0   0   13  0   13  0   0   0   
13  0   0   0   0   0   0   0   0   0   0   0   
0   0   0   0   0   0   0   0   0   0   0   0   
0   0   0   0   0   0   0   0   0   0   0   13  
0   0   13  0   0   0   0   0   0   0   0   0   
0   0   0   0   0   0   0   0   0   0   0   0   
0   0   0   0   0   0   0   0   0   13  0   0   
---------------------------------
关键边输出如下：
---------------------------------
1    A    13   
4    A    13   
18   A    13   
22   B    0.132277
21   B    0.0358369
20   B    0.0686003
19   B    0.0724632
17   B    0.132277
16   B    0.0515039
15   B    0.116865
14   B    0.132277
13   B    0.0724632
12   B    0.132277
11   B    0.132277
10   B    0.0607948
9    B    0.0724632
8    B    0.0407588
2    B    0.0818736
3    B    0.0777344
7    B    0.0537813
5    C    0    
6    C    0    
---------------------------------
---------------------------------

7--12最大流值为：61
最可靠最大流分布概率为 ： 0.111716
状态划分算法消耗的内存为：3.70313
状态划分算法运行时间(ms) ： 16.3759
---------------------------------
流分布如下: 
---------------------------------
0   0   0   0   0   0   0   0   0   0   0   13  
0   0   0   0   0   0   0   0   0   0   0   0   
0   0   0   0   0   0   0   0   0   0   0   0   
0   0   0   0   0   0   0   0   0   0   0   0   
0   0   0   0   0   0   0   0   0   0   0   0   
0   0   0   0   0   0   0   0   0   0   0   0   
0   0   0   0   0   0   0   29  0   0   0   32  
0   0   0   0   0   0   0   0   19  0   10  0   
0   0   0   0   0   0   0   0   0   19  0   0   
13  0   0   0   0   0   0   0   0   0   0   16  
0   0   0   0   0   0   0   0   0   10  0   0   
0   0   0   0   0   0   0   0   0   0   0   0   
---------------------------------
关键边输出如下：
---------------------------------
11   A    29   
19   A    45   
9    A    47   
16   A    48   
1    A    48   
22   A    51   
15   A    53   
8    B    0.0575258
10   B    0.0621694
12   B    0.111716
13   B    0.111716
21   B    0.0575258
2    C    0    
3    C    0    
4    C    0    
5    C    0    
6    C    0    
7    C    0    
14   C    0    
17   C    0    
18   C    0    
20   C    0    
---------------------------------
---------------------------------

10--8最大流值为：32
最可靠最大流分布概率为 ： 0.107603
状态划分算法消耗的内存为：3.70313
状态划分算法运行时间(ms) ： 8.20819
---------------------------------
流分布如下: 
---------------------------------
0   0   0   0   0   0   0   0   0   0   0   0   
0   0   0   0   0   0   0   0   0   0   0   19  
0   0   0   0   0   0   0   0   0   0   0   0   
0   0   0   0   0   19  0   0   0   0   0   0   
0   0   0   0   0   0   0   0   0   0   0   0   
0   0   0   0   0   0   0   32  0   0   0   0   
0   0   0   0   0   0   0   0   0   0   0   0   
0   0   0   0   0   0   0   0   0   0   0   0   
0   0   0   0   0   0   0   0   0   0   0   0   
0   19  0   0   0   13  0   0   0   0   0   0   
0   0   0   7   0   0   0   0   0   0   0   0   
0   0   0   12  0   0   0   0   0   0   7   0   
---------------------------------
关键边输出如下：
---------------------------------
5    A    13   
17   A    13   
11   A    14   
18   A    19   
19   A    25   
22   A    25   
7    A    27   
21   A    29   
8    B    0.0729742
1    C    0    
2    C    0    
3    C    0    
4    C    0    
6    C    0    
9    C    0    
10   C    0    
12   C    0    
13   C    0    
14   C    0    
15   C    0    
16   C    0    
20   C    0    
---------------------------------
---------------------------------

12--6最大流值为：62
最可靠最大流分布概率为 ： 0.0330876
状态划分算法消耗的内存为：3.70313
状态划分算法运行时间(ms) ： 43.3299
---------------------------------
流分布如下: 
---------------------------------
0   0   0   0   0   5   0   0   0   0   0   0   
0   0   0   0   0   0   29  0   0   0   0   0   
5   0   0   0   0   0   0   0   0   0   0   0   
0   0   0   0   0   0   0   0   0   0   0   0   
0   0   0   0   0   0   0   0   0   0   0   0   
0   0   0   0   0   0   0   0   0   0   0   0   
0   0   0   0   0   0   0   29  0   0   0   0   
0   0   0   0   0   29  0   0   0   0   0   0   
0   0   0   0   0   0   0   0   0   0   0   0   
0   0   0   0   0   0   0   0   0   0   0   0   
0   0   5   0   0   16  0   0   0   0   0   0   
0   29  0   0   0   12  0   0   0   0   21  0   
---------------------------------
关键边输出如下：
---------------------------------
20   A    33   
22   A    41   
21   A    50   
19   A    54   
12   A    55   
13   A    55   
5    A    55   
6    A    57   
18   A    57   
1    A    57   
3    B    0.0194444
4    B    0.0165986
8    B    0.0224393
11   B    0.0209197
2    C    0    
7    C    0    
9    C    0    
10   C    0    
14   C    0    
15   C    0    
16   C    0    
17   C    0    
---------------------------------
---------------------------------

7--6最大流值为：27
最可靠最大流分布概率为 ： 0.0693474
状态划分算法消耗的内存为：3.70313
状态划分算法运行时间(ms) ： 20.4346
---------------------------------
流分布如下: 
---------------------------------
0   0   0   0   0   0   0   0   0   0   0   0   
0   0   0   0   0   14  0   0   0   0   0   0   
0   14  0   0   0   0   0   0   0   0   0   0   
0   0   0   0   0   0   0   13  0   0   0   0   
0   0   0   0   0   0   0   0   0   0   0   0   
0   0   0   0   0   0   0   0   0   0   0   0   
0   0   14  0   0   0   0   0   13  0   0   0   
0   0   0   0   0   13  0   0   0   0   0   0   
0   0   0   13  0   0   0   0   0   0   0   0   
0   0   0   0   0   0   0   0   0   0   0   0   
0   0   0   0   0   0   0   0   0   0   0   0   
0   0   0   0   0   0   0   0   0   0   0   0   
---------------------------------
关键边输出如下：
---------------------------------
2    A    13   
18   A    14   
14   A    19   
15   A    20   
20   A    20   
21   B    0.0353453
9    B    0.0693474
8    B    0.0664402
1    B    0.0378034
3    B    0.0378034
4    B    0.0693474
5    B    0.0664402
6    B    0.0353453
7    C    0    
10   C    0    
11   C    0    
12   C    0    
13   C    0    
16   C    0    
17   C    0    
19   C    0    
22   C    0    
---------------------------------
---------------------------------

