12--8最大流值为：38
最可靠最大流分布概率为 ： 0.0628504
状态划分算法消耗的内存为：3.69141
状态划分算法运行时间(ms) ： 8.85505
---------------------------------
流分布如下: 
---------------------------------
0   0   0   0   0   0   0   0   0   0   0   0   0   0   
0   0   0   0   0   0   0   0   0   0   0   0   0   0   
0   0   0   0   0   0   19  0   0   0   0   0   0   0   
0   0   0   0   0   0   0   19  0   0   0   0   0   0   
0   0   0   19  0   0   0   0   0   0   0   0   0   0   
0   0   0   0   0   0   0   0   0   0   0   0   0   0   
0   0   0   0   0   0   0   0   0   0   0   0   19  0   
0   0   0   0   0   0   0   0   0   0   0   0   0   0   
0   0   0   0   0   0   0   0   0   0   0   0   0   0   
0   0   0   0   0   0   0   0   0   0   0   0   0   0   
0   0   0   0   0   0   0   0   0   0   0   0   0   0   
0   0   19  0   19  0   0   0   0   0   0   0   0   0   
0   0   0   0   0   0   0   19  0   0   0   0   0   0   
0   0   0   0   0   0   0   0   0   0   0   0   0   0   
---------------------------------
关键边输出如下：
---------------------------------
6    A    19   
11   A    19   
13   A    19   
23   A    19   
19   A    28   
8    A    29   
25   B    0.0252411
3    B    0.0252411
5    B    0.0252411
14   B    0.0252411
17   B    0.0252411
20   B    0.0628504
22   B    0.0252411
1    C    0    
2    C    0    
4    C    0    
7    C    0    
9    C    0    
10   C    0    
12   C    0    
15   C    0    
16   C    0    
18   C    0    
21   C    0    
24   C    0    
26   C    0    
---------------------------------
---------------------------------

7--8最大流值为：38
最可靠最大流分布概率为 ： 0.107265
状态划分算法消耗的内存为：3.70703
状态划分算法运行时间(ms) ： 16.1837
---------------------------------
流分布如下: 
---------------------------------
0   0   0   0   0   0   0   0   0   0   0   0   0   0   
0   0   0   0   19  0   0   0   0   0   0   0   0   0   
0   0   0   0   0   0   0   0   0   0   0   0   0   0   
0   0   0   0   0   0   0   19  0   0   0   0   0   0   
0   0   0   19  0   0   0   0   0   0   0   0   0   0   
0   0   0   0   0   0   0   0   0   0   0   0   0   0   
0   0   0   0   0   0   0   0   0   0   0   0   19  19  
0   0   0   0   0   0   0   0   0   0   0   0   0   0   
0   0   0   0   0   0   0   0   0   0   0   0   0   0   
0   1   0   0   0   0   0   0   0   0   0   0   0   0   
0   0   0   0   0   0   0   0   0   0   0   0   0   0   
0   0   0   0   0   0   0   0   0   0   0   0   0   0   
0   0   0   0   0   0   0   19  0   0   0   0   0   0   
0   18  0   0   0   0   0   0   0   1   0   0   0   0   
---------------------------------
关键边输出如下：
---------------------------------
11   A    19   
13   A    19   
23   A    19   
14   A    23   
3    A    26   
8    A    29   
25   A    34   
5    B    0.063591
12   B    0.0549686
17   B    0.107265
18   B    0.0549686
26   B    0.107265
1    C    0    
2    C    0    
4    C    0    
6    C    0    
7    C    0    
9    C    0    
10   C    0    
15   C    0    
16   C    0    
19   C    0    
20   C    0    
21   C    0    
22   C    0    
24   C    0    
---------------------------------
---------------------------------

12--10最大流值为：81
最可靠最大流分布概率为 ： 0.023357
状态划分算法消耗的内存为：3.70703
状态划分算法运行时间(ms) ： 8.18797
---------------------------------
流分布如下: 
---------------------------------
0   0   0   0   0   0   0   0   0   0   0   0   0   0   
0   0   0   0   0   0   0   0   0   0   0   0   0   0   
0   0   0   0   0   0   24  0   0   0   0   0   0   0   
0   0   0   0   0   0   0   0   0   19  0   0   0   0   
0   0   0   19  0   0   0   0   0   0   0   0   0   0   
0   0   0   0   0   0   0   0   0   0   0   0   0   0   
0   0   0   0   0   0   0   0   0   0   0   0   1   23  
0   0   0   0   0   0   0   0   0   1   0   0   0   0   
0   0   0   0   0   0   0   0   0   0   0   0   0   0   
0   0   0   0   0   0   0   0   0   0   0   0   0   0   
0   0   0   0   0   0   0   0   0   0   0   0   0   0   
0   0   24  0   19  0   0   0   0   38  0   0   0   0   
0   0   0   0   0   0   0   1   0   0   0   0   0   0   
0   0   0   0   0   0   0   0   0   23  0   0   0   0   
---------------------------------
关键边输出如下：
---------------------------------
22   A    43   
6    A    57   
14   A    58   
26   A    58   
11   A    62   
10   A    62   
19   A    66   
20   A    71   
13   A    80   
23   A    80   
15   A    80   
1    C    0    
2    C    0    
3    C    0    
4    C    0    
5    C    0    
7    C    0    
8    C    0    
9    C    0    
12   C    0    
16   C    0    
17   C    0    
18   C    0    
21   C    0    
24   C    0    
25   C    0    
---------------------------------
---------------------------------

7--3最大流值为：32
最可靠最大流分布概率为 ： 0.0355738
状态划分算法消耗的内存为：3.70703
状态划分算法运行时间(ms) ： 23.5989
---------------------------------
流分布如下: 
---------------------------------
0   0   0   0   0   0   0   0   0   0   0   0   0   0   
0   0   0   0   0   0   0   0   9   0   0   0   0   0   
0   0   0   0   0   0   0   0   0   0   0   0   0   0   
0   0   0   0   0   0   0   0   0   0   0   0   0   0   
0   0   0   0   0   0   0   0   0   0   0   0   0   0   
0   0   0   0   0   0   0   0   0   0   0   0   0   0   
0   0   0   0   0   0   0   0   0   0   4   0   19  9   
0   0   0   0   0   0   0   0   0   0   0   0   0   0   
0   0   9   0   0   0   0   0   0   0   0   0   0   0   
0   0   0   0   0   0   0   0   0   0   0   0   0   0   
0   0   4   0   0   0   0   0   0   0   0   0   0   0   
0   0   19  0   0   0   0   0   0   0   0   0   0   0   
0   0   0   0   0   0   0   0   0   0   0   19  0   0   
0   9   0   0   0   0   0   0   0   0   0   0   0   0   
---------------------------------
关键边输出如下：
---------------------------------
13   A    13   
19   A    13   
24   A    13   
14   A    23   
16   A    23   
18   A    28   
26   B    0.0293028
25   B    0.0355738
17   B    0.0293028
12   B    0.0355738
2    B    0.0310144
3    B    0.0310144
4    B    0.0355738
7    B    0.0310144
9    B    0.0310144
11   B    0.0310144
1    C    0    
5    C    0    
6    C    0    
8    C    0    
10   C    0    
15   C    0    
20   C    0    
21   C    0    
22   C    0    
23   C    0    
---------------------------------
---------------------------------

12--2最大流值为：29
最可靠最大流分布概率为 ： 0.17837
状态划分算法消耗的内存为：3.70703
状态划分算法运行时间(ms) ： 9.81222
---------------------------------
流分布如下: 
---------------------------------
0   0   0   0   0   0   0   0   0   0   0   0   0   0   
0   0   0   0   0   0   0   0   0   0   0   0   0   0   
0   0   0   0   0   0   18  0   0   0   0   0   0   0   
0   0   0   0   0   0   0   0   0   0   0   0   0   0   
0   0   0   0   0   0   0   0   0   0   0   0   0   0   
0   0   0   0   0   0   0   0   0   0   0   0   0   0   
0   0   0   0   0   0   0   0   0   0   0   0   0   18  
0   0   0   0   0   0   0   0   0   0   0   0   0   0   
0   0   0   0   0   0   0   0   0   0   0   0   0   0   
0   11  0   0   0   0   0   0   0   0   0   0   0   0   
0   0   0   0   0   0   0   0   0   0   0   0   0   0   
0   0   18  0   0   0   0   0   0   11  0   0   0   0   
0   0   0   0   0   0   0   0   0   0   0   0   0   0   
0   18  0   0   0   0   0   0   0   0   0   0   0   0   
---------------------------------
关键边输出如下：
---------------------------------
6    A    11   
14   A    11   
25   A    11   
17   A    18   
19   A    24   
26   B    0.0478061
5    B    0.0478061
10   B    0.0796578
11   B    0.0796578
20   B    0.0796578
22   B    0.17837
1    C    0    
2    C    0    
3    C    0    
4    C    0    
7    C    0    
8    C    0    
9    C    0    
12   C    0    
13   C    0    
15   C    0    
16   C    0    
18   C    0    
21   C    0    
23   C    0    
24   C    0    
---------------------------------
---------------------------------

