5--6最大流值为：28
最可靠最大流分布概率为 ： 0.130293
状态划分算法消耗的内存为：3.6875
状态划分算法运行时间(ms) ： 3.27386
---------------------------------
流分布如下: 
---------------------------------
0   0   0   0   0   3   0   0   
0   0   0   0   0   0   0   0   
0   0   0   0   0   0   0   0   
3   0   0   0   0   25  0   0   
0   0   0   0   0   0   8   20  
0   0   0   0   0   0   0   0   
0   0   0   8   0   0   0   0   
0   0   0   20  0   0   0   0   
---------------------------------
关键边输出如下：
---------------------------------
9    A    8    
14   A    8    
6    A    10   
12   A    20   
8    A    20   
3    A    25   
1    A    25   
2    C    0    
4    C    0    
5    C    0    
7    C    0    
10   C    0    
11   C    0    
13   C    0    
---------------------------------
---------------------------------

3--2最大流值为：8
最可靠最大流分布概率为 ： 0.530255
状态划分算法消耗的内存为：3.70313
状态划分算法运行时间(ms) ： 10.1228
---------------------------------
流分布如下: 
---------------------------------
0   0   0   0   0   0   0   0   
0   0   0   0   0   0   0   0   
0   0   0   0   0   0   8   0   
0   0   0   0   0   0   0   0   
0   0   0   0   0   0   0   0   
0   8   0   0   0   0   0   0   
0   0   0   0   0   0   0   8   
0   0   0   0   0   8   0   0   
---------------------------------
关键边输出如下：
---------------------------------
8    A    0    
14   A    7    
12   B    0.530255
11   B    0.464306
10   B    0.464306
7    B    0.383286
6    B    0.530255
2    B    0.464306
5    B    0.383286
1    C    0    
3    C    0    
4    C    0    
9    C    0    
13   C    0    
---------------------------------
---------------------------------

8--3最大流值为：57
最可靠最大流分布概率为 ： 0.0748666
状态划分算法消耗的内存为：3.70703
状态划分算法运行时间(ms) ： 3.66113
---------------------------------
流分布如下: 
---------------------------------
0   20  0   0   0   12  0   0   
0   0   20  0   0   0   0   0   
0   0   0   0   0   0   0   0   
0   0   21  0   0   0   0   0   
0   0   0   0   0   0   0   0   
0   0   12  0   0   0   0   0   
0   0   0   0   0   0   0   0   
32  0   4   21  0   0   0   0   
---------------------------------
关键边输出如下：
---------------------------------
12   A    25   
6    A    36   
14   A    36   
4    A    37   
1    A    37   
2    A    45   
10   A    45   
13   A    53   
3    C    0    
5    C    0    
7    C    0    
8    C    0    
9    C    0    
11   C    0    
---------------------------------
---------------------------------

4--8最大流值为：30
最可靠最大流分布概率为 ： 0.501316
状态划分算法消耗的内存为：3.70703
状态划分算法运行时间(ms) ： 16.3482
---------------------------------
流分布如下: 
---------------------------------
0   0   0   0   0   0   0   0   
0   0   0   0   30  0   0   0   
0   0   0   0   0   0   0   0   
0   30  0   0   0   0   0   0   
0   0   0   0   0   0   0   30  
0   0   0   0   0   0   0   0   
0   0   0   0   0   0   0   0   
0   0   0   0   0   0   0   0   
---------------------------------
关键边输出如下：
---------------------------------
11   A    0    
5    A    29   
13   B    0.0489148
12   B    0.122916
10   B    0.122916
9    B    0.501316
8    B    0.220518
7    B    0.122916
6    B    0.0803853
1    B    0.283617
2    B    0.0832337
3    C    0    
4    C    0    
14   C    0    
---------------------------------
---------------------------------

6--2最大流值为：56
最可靠最大流分布概率为 ： 0.0792283
状态划分算法消耗的内存为：3.70703
状态划分算法运行时间(ms) ： 4.56034
---------------------------------
流分布如下: 
---------------------------------
0   0   0   0   0   0   0   0   
0   0   0   0   0   0   0   0   
0   34  0   0   0   0   0   0   
0   0   34  0   0   0   0   0   
0   22  0   0   0   0   0   0   
0   0   0   0   0   0   33  23  
0   0   0   30  22  0   0   0   
0   0   0   4   0   0   19  0   
---------------------------------
关键边输出如下：
---------------------------------
5    A    22   
6    A    22   
9    A    25   
11   A    26   
10   A    33   
8    A    34   
12   A    34   
14   A    37   
13   A    52   
1    C    0    
2    C    0    
3    C    0    
4    C    0    
7    C    0    
---------------------------------
---------------------------------

