2--8最大流值为：52
最可靠最大流分布概率为 ： 0.028081
状态划分算法消耗的内存为：20.8672
状态划分算法运行时间(ms) ： 32.5035
---------------------------------
流分布如下: 
---------------------------------
0   0   0   0   0   0   0   12  0   0   
0   0   36  13  0   0   0   0   0   3   
12  0   0   0   0   0   12  25  0   0   
0   0   13  0   0   0   0   0   0   0   
0   0   0   0   0   0   0   0   0   0   
0   0   0   0   0   0   0   0   0   0   
0   0   0   0   0   0   0   12  0   0   
0   0   0   0   0   0   0   0   0   0   
0   0   0   0   0   0   0   0   0   0   
0   0   0   0   0   0   0   3   0   0   
---------------------------------
关键边输出如下：
---------------------------------
8    A         27        0         0         
3    A         29        0         0         
1    A         40        0.0364294 0.0518934 
7    A         40        0.084732  0.146914  
15   A         40        0.084732  0.146914  
18   A         49        0         0         
4    A         51        0.0525766 0.0525766 
10   A         51        0.0525766 0.0525766 
5    B         52        0.0193889 0.0193889 
6    B         52        0.0206563 0.0294247 
2    b         52        0.028081  0.028081  
9    b         52        0.028081  0.0320752 
11   C         52        0.028081  0.0408437 
12   C         52        0.028081  0.0408437 
13   C         52        0.028081  0.0408437 
14   C         52        0.028081  0.0408437 
16   C         52        0.028081  0.0408437 
17   C         52        0.028081  0.0408437 
---------------------------------
---------------------------------

