12--8最大流值为：38
最可靠最大流分布概率为 ： 0.0628504
状态划分算法消耗的内存为：20.8398
状态划分算法运行时间(ms) ： 28.9157
---------------------------------
流分布如下: 
---------------------------------
0   0   0   0   0   0   0   0   0   0   0   0   0   0   
0   0   0   0   0   0   0   0   0   0   0   0   0   0   
0   0   0   0   0   0   19  0   0   0   0   0   0   0   
0   0   0   0   0   0   0   19  0   0   0   0   0   0   
0   0   0   19  0   0   0   0   0   0   0   0   0   0   
0   0   0   0   0   0   0   0   0   0   0   0   0   0   
0   0   0   0   0   0   0   0   0   0   0   0   19  0   
0   0   0   0   0   0   0   0   0   0   0   0   0   0   
0   0   0   0   0   0   0   0   0   0   0   0   0   0   
0   0   0   0   0   0   0   0   0   0   0   0   0   0   
0   0   0   0   0   0   0   0   0   0   0   0   0   0   
0   0   19  0   19  0   0   0   0   0   0   0   0   0   
0   0   0   0   0   0   0   19  0   0   0   0   0   0   
0   0   0   0   0   0   0   0   0   0   0   0   0   0   
---------------------------------
关键边输出如下：
---------------------------------
11   A         19        0.238786  0.238786  
6    A         19        0.263208  0.263208  
13   A         19        0.263208  0.30461   
23   A         19        0.263208  0.30461   
19   A         28        0         0         
8    A         29        0         0         
20   B         38        0         0         
3    b         38        0.0628504 0.0628504 
5    b         38        0.0628504 0.0628504 
14   b         38        0.0628504 0.0628504 
17   b         38        0.0628504 0.0628504 
22   b         38        0.0628504 0.0628504 
25   b         38        0.0628504 0.0628504 
1    C         38        0.0628504 0.0723805 
2    C         38        0.0628504 0.0723805 
4    C         38        0.0628504 0.0723805 
7    C         38        0.0628504 0.0723805 
9    C         38        0.0628504 0.0723805 
10   C         38        0.0628504 0.0723805 
12   C         38        0.0628504 0.0723805 
15   C         38        0.0628504 0.0723805 
16   C         38        0.0628504 0.0723805 
18   C         38        0.0628504 0.0723805 
21   C         38        0.0628504 0.0723805 
24   C         38        0.0628504 0.0723805 
26   C         38        0.0628504 0.0723805 
---------------------------------
---------------------------------

