5--2最大流值为：35
最可靠最大流分布概率为 ： 0.252686
状态划分算法消耗的内存为：20.832
状态划分算法运行时间(ms) ： 3.90077
---------------------------------
流分布如下: 
---------------------------------
0   8   0   0   0   0   
0   0   0   0   0   0   
0   0   0   0   0   8   
0   0   0   0   0   0   
0   0   8   0   0   27  
8   27  0   0   0   0   
---------------------------------
关键边输出如下：
---------------------------------
10   A         8         0         0         
8    A         23        0         0         
7    A         27        0.60213   0.60213   
1    A         27        0.60213   0.60213   
9    A         27        0.60213   0.60213   
5    A         27        0.60213   0.60213   
2    C         35        0.252686  0.252686  
3    C         35        0.252686  0.252686  
4    C         35        0.252686  0.252686  
6    C         35        0.252686  0.252686  
---------------------------------
---------------------------------

