5--6最大流值为：28
最可靠最大流分布概率为 ： 0.130293
状态划分算法消耗的内存为：4.97266
状态划分算法运行时间(ms) ： 8.74118
---------------------------------
流分布如下: 
---------------------------------
0   0   0   0   0   3   0   0   
0   0   0   0   0   0   0   0   
0   0   0   0   0   0   0   0   
3   0   0   0   0   25  0   0   
0   0   0   0   0   0   8   20  
0   0   0   0   0   0   0   0   
0   0   0   8   0   0   0   0   
0   0   0   20  0   0   0   0   
---------------------------------
关键边输出如下：
---------------------------------
14   A         8         0.57003   0.582076  
9    A         8         0.57003   0.737607  
6    A         10        0         0         
12   A         20        0.743809  0.743809  
8    A         20        0.743809  0.743809  
3    A         25        0.455302  0.455302  
1    A         25        0.455302  0.455302  
2    C         28        0.130293  0.130293  
4    C         28        0.130293  0.130293  
5    C         28        0.130293  0.130293  
7    C         28        0.130293  0.130293  
10   C         28        0.130293  0.130293  
11   C         28        0.130293  0.130293  
13   C         28        0.130293  0.130293  
---------------------------------
---------------------------------

