g    #    1
s    14    26 
e    1    8    10    0.737241    1
e    1    11    15    0.563757    2
e    2    5    39    0.557873    3
e    2    9    33    0.876464    4
e    3    5    7    0.853342    5
e    3    7    26    0.762761    6
e    4    1    26    0.572966    7
e    4    8    37    0.741421    8
e    4    9    14    0.52563    9
e    4    10    26    0.840273    10
e    5    4    19    0.603786    11
e    7    11    7    0.97086    12
e    7    13    19    0.699002    13
e    7    14    33    0.970096    14
e    8    10    1    0.786104    15
e    9    3    9    0.75673    16
e    10    2    11    0.864576    17
e    11    3    4    0.505478    18
e    12    3    37    0.709817    19
e    12    5    29    0.52671    20
e    12    9    11    0.584533    21
e    12    10    38    0.750842    22
e    13    8    21    0.78615    23
e    13    12    23    0.621963    24
e    14    2    18    0.857289    25
e    14    10    23    0.599709    26
g    #    2
s    14    26  
e    1    8    10    0.737241    1
e    1    11    15    0.563757    2
e    2    5    39    0.557873    3
e    2    9    33    0.876464    4
e    3    5    7    0.853342    5
e    3    7    26    0.762761    6
e    4    1    26    0.572966    7
e    4    8    37    0.741421    8
e    4    9    14    0.52563    9
e    4    10    26    0.840273    10
e    5    4    19    0.603786    11
e    7    11    7    0.97086    12
e    7    13    19    0.699002    13
e    7    14    33    0.970096    14
e    8    10    1    0.786104    15
e    9    3    9    0.75673    16
e    10    2    11    0.864576    17
e    11    3    4    0.505478    18
e    12    3    37    0.709817    19
e    12    5    29    0.52671    20
e    12    9    11    0.584533    21
e    12    10    38    0.750842    22
e    13    8    21    0.78615    23
e    13    12    23    0.621963    24
e    14    2    18    0.857289    25
e    14    10    23    0.599709    26
g    #    3
s    14    26  
e    1    8    10    0.737241    1
e    1    11    15    0.563757    2
e    2    5    39    0.557873    3
e    2    9    33    0.876464    4
e    3    5    7    0.853342    5
e    3    7    26    0.762761    6
e    4    1    26    0.572966    7
e    4    8    37    0.741421    8
e    4    9    14    0.52563    9
e    4    10    26    0.840273    10
e    5    4    19    0.603786    11
e    7    11    7    0.97086    12
e    7    13    19    0.699002    13
e    7    14    33    0.970096    14
e    8    10    1    0.786104    15
e    9    3    9    0.75673    16
e    10    2    11    0.864576    17
e    11    3    4    0.505478    18
e    12    3    37    0.709817    19
e    12    5    29    0.52671    20
e    12    9    11    0.584533    21
e    12    10    38    0.750842    22
e    13    8    21    0.78615    23
e    13    12    23    0.621963    24
e    14    2    18    0.857289    25
e    14    10    23    0.599709    26
g    #    4
s    14    26  
e    1    8    10    0.737241    1
e    1    11    15    0.563757    2
e    2    5    39    0.557873    3
e    2    9    33    0.876464    4
e    3    5    7    0.853342    5
e    3    7    26    0.762761    6
e    4    1    26    0.572966    7
e    4    8    37    0.741421    8
e    4    9    14    0.52563    9
e    4    10    26    0.840273    10
e    5    4    19    0.603786    11
e    7    11    7    0.97086    12
e    7    13    19    0.699002    13
e    7    14    33    0.970096    14
e    8    10    1    0.786104    15
e    9    3    9    0.75673    16
e    10    2    11    0.864576    17
e    11    3    4    0.505478    18
e    12    3    37    0.709817    19
e    12    5    29    0.52671    20
e    12    9    11    0.584533    21
e    12    10    38    0.750842    22
e    13    8    21    0.78615    23
e    13    12    23    0.621963    24
e    14    2    18    0.857289    25
e    14    10    23    0.599709    26
g    #    5
s    14    26   
e    1    8    10    0.737241    1
e    1    11    15    0.563757    2
e    2    5    39    0.557873    3
e    2    9    33    0.876464    4
e    3    5    7    0.853342    5
e    3    7    26    0.762761    6
e    4    1    26    0.572966    7
e    4    8    37    0.741421    8
e    4    9    14    0.52563    9
e    4    10    26    0.840273    10
e    5    4    19    0.603786    11
e    7    11    7    0.97086    12
e    7    13    19    0.699002    13
e    7    14    33    0.970096    14
e    8    10    1    0.786104    15
e    9    3    9    0.75673    16
e    10    2    11    0.864576    17
e    11    3    4    0.505478    18
e    12    3    37    0.709817    19
e    12    5    29    0.52671    20
e    12    9    11    0.584533    21
e    12    10    38    0.750842    22
e    13    8    21    0.78615    23
e    13    12    23    0.621963    24
e    14    2    18    0.857289    25
e    14    10    23    0.599709    26
g    #    0



