1--2最大流值为：7
最可靠最大流分布概率为 ： 0.34766
状态划分算法消耗的内存为：5.08203
状态划分算法运行时间(ms) ： 24.3804
---------------------------------
流分布如下: 
---------------------------------
0   0   4   3   0   0   0   
0   0   0   0   0   0   0   
0   0   0   0   1   3   0   
0   0   0   0   3   0   0   
0   0   0   0   0   0   4   
0   3   0   0   0   0   0   
0   4   0   0   0   0   0   
---------------------------------
关键边输出如下：
---------------------------------
1    T         3         0         
8    T         4         0.505176  
2    T         4         0.559962  
9    T         4         0.559962  
4    T         6         0.458166  
6    T         6         0.459314  
11   T         6         0.459314  
3    T         7         0.300085  
5    T         7         0.34766   
10   T         7         0.34766   
7    T         7         0.34766   
---------------------------------
---------------------------------

1--2最大流值为：7
最可靠最大流分布概率为 ： 0.34766
状态划分算法消耗的内存为：5.07813
状态划分算法运行时间(ms) ： 26.685
---------------------------------
流分布如下: 
---------------------------------
0   0   4   3   0   0   0   
0   0   0   0   0   0   0   
0   0   0   0   1   3   0   
0   0   0   0   3   0   0   
0   0   0   0   0   0   4   
0   3   0   0   0   0   0   
0   4   0   0   0   0   0   
---------------------------------
关键边输出如下：
---------------------------------
1    T         3         0         
8    T         4         0.505176  
2    T         4         0.559962  
9    T         4         0.559962  
4    T         6         0.458166  
6    T         6         0.459314  
11   T         6         0.459314  
3    T         7         0.300085  
5    T         7         0.34766   
10   T         7         0.34766   
7    T         7         0.34766   
---------------------------------
---------------------------------

1--2最大流值为：7
最可靠最大流分布概率为 ： 0.34766
状态划分算法消耗的内存为：5.11328
状态划分算法运行时间(ms) ： 25.148
---------------------------------
流分布如下: 
---------------------------------
0   0   4   3   0   0   0   
0   0   0   0   0   0   0   
0   0   0   0   1   3   0   
0   0   0   0   3   0   0   
0   0   0   0   0   0   4   
0   3   0   0   0   0   0   
0   4   0   0   0   0   0   
---------------------------------
关键边输出如下：
---------------------------------
1    T         3         0         
8    T         4         0.505176  
2    T         4         0.559962  
9    T         4         0.559962  
4    T         6         0.458166  
6    T         6         0.459314  
11   T         6         0.459314  
3    T         7         0.300085  
5    T         7         0.34766   
10   T         7         0.34766   
7    T         7         0.34766   
---------------------------------
---------------------------------

