g    #    2
s    10    18
e    1    2    12    0.955617    1
e    1    3    37    0.593358    2
e    2    5    36    0.674033    3
e    2    10    14    0.517567    4
e    3    5    38    0.54776    5
e    3    6    26    0.806636    6
e    3    9    14    0.670243    7
e    4    1    25    0.666493    8
e    5    4    22    0.514151    9
e    5    7    26    0.75909    10
e    5    10    25    0.543274    11
e    6    2    38    0.611687    12
e    7    4    22    0.741458    13
e    7    10    38    0.7691    14
e    8    7    12    0.925791    15
e    9    5    3    0.600111    16
e    10    4    3    0.763515    17
e    10    8    3    0.607267    18
g    #    0




