g    #    3
s    10    18
e    1    4    12    0.955617    1
e    1    9    37    0.593358    2
e    1    10    36    0.674033    3
e    4    3    14    0.517567    4
e    4    5    38    0.54776    5
e    4    10    26    0.806636    6
e    5    3    14    0.670243    7
e    5    9    25    0.666493    8
e    6    4    22    0.514151    9
e    6    5    26    0.75909    10
e    7    4    25    0.543274    11
e    7    9    38    0.611687    12
e    8    7    22    0.741458    13
e    9    2    38    0.7691    14
e    9    3    12    0.925791    15
e    10    2    3    0.600111    16
e    10    3    3    0.763515    17
e    10    8    3    0.607267    18
g    #    0




