g    #    5
s    12    22
e    1    9    13    0.686172    1
e    2    6    14    0.618957    2
e    3    1    30    0.587665    3
e    3    2    25    0.501657    4
e    3    8    31    0.564372    5
e    3    11    28    0.586361    6
e    4    1    30    0.947759    7
e    4    2    14    0.678179    8
e    4    8    29    0.796347    9
e    5    1    15    0.5493    10
e    5    12    32    0.93228    11
e    6    3    37    0.846832    12
e    6    9    33    0.987075    13
e    7    3    20    0.962042    14
e    7    9    19    0.583528    15
e    7    10    36    0.828468    16
e    7    12    19    0.807276    17
e    8    6    13    0.766027    18
e    8    10    16    0.663301    19
e    9    4    29    0.65217    20
e    11    4    12    0.642982    21
e    11    12    21    0.818163    22
g    #    0




