g    #    1
s    12    22
e    1    5    13    0.686172    1
e    1    10    14    0.618957    2
e    2    4    30    0.587665    3
e    3    5    25    0.501657    4
e    3    7    31    0.564372    5
e    3    8    28    0.586361    6
e    4    1    30    0.947759    7
e    4    9    14    0.678179    8
e    4    10    29    0.796347    9
e    6    2    15    0.5493    10
e    6    7    32    0.93228    11
e    6    9    37    0.846832    12
e    6    11    33    0.987075    13
e    7    1    20    0.962042    14
e    9    10    19    0.583528    15
e    9    11    36    0.828468    16
e    9    12    19    0.807276    17
e    10    3    13    0.766027    18
e    11    2    16    0.663301    19
e    12    1    29    0.65217    20
e    12    2    12    0.642982    21
e    12    10    21    0.818163    22
g    #    0




