g    #    2
s    12    22
e    1    12    13    0.686172    1
e    2    8    14    0.618957    2
e    3    2    30    0.587665    3
e    4    5    25    0.501657    4
e    4    9    31    0.564372    5
e    5    3    28    0.586361    6
e    5    6    30    0.947759    7
e    5    9    14    0.678179    8
e    7    8    29    0.796347    9
e    7    11    15    0.5493    10
e    7    12    32    0.93228    11
e    8    9    37    0.846832    12
e    8    11    33    0.987075    13
e    9    3    20    0.962042    14
e    9    10    19    0.583528    15
e    10    1    36    0.828468    16
e    10    4    19    0.807276    17
e    10    8    13    0.766027    18
e    10    12    16    0.663301    19
e    11    2    29    0.65217    20
e    11    5    12    0.642982    21
e    11    10    21    0.818163    22
g    #    0




