g    #    3
s    12    22
e    1    2    13    0.686172    1
e    1    9    14    0.618957    2
e    1    12    30    0.587665    3
e    2    3    25    0.501657    4
e    2    12    31    0.564372    5
e    3    9    28    0.586361    6
e    4    6    30    0.947759    7
e    4    8    14    0.678179    8
e    6    1    29    0.796347    9
e    6    5    15    0.5493    10
e    6    8    32    0.93228    11
e    6    12    37    0.846832    12
e    7    2    33    0.987075    13
e    7    5    20    0.962042    14
e    7    12    19    0.583528    15
e    8    10    36    0.828468    16
e    10    2    19    0.807276    17
e    10    6    13    0.766027    18
e    11    4    16    0.663301    19
e    12    3    29    0.65217    20
e    12    4    12    0.642982    21
e    12    11    21    0.818163    22
g    #    0




