g    #    5
s    14    26
e    1    8    10    0.628617    1
e    1    11    15    0.919056    2
e    2    5    39    0.832971    3
e    2    9    33    0.506693    4
e    3    5    7    0.592839    5
e    3    7    26    0.698695    6
e    4    1    26    0.935454    7
e    4    8    37    0.553945    8
e    4    9    14    0.604134    9
e    4    10    26    0.667128    10
e    5    4    19    0.763371    11
e    7    11    7    0.747627    12
e    7    13    19    0.888008    13
e    7    14    33    0.935395    14
e    8    10    1    0.7376    15
e    9    3    9    0.682789    16
e    10    2    11    0.998348    17
e    11    3    4    0.727329    18
e    12    3    37    0.504318    19
e    12    5    29    0.622439    20
e    12    9    11    0.591066    21
e    12    10    38    0.709798    22
e    13    8    21    0.763133    23
e    13    12    23    0.591084    24
e    14    2    18    0.763691    25
e    14    10    23    0.630108    26
g    #    0





