
 generation best average standard 
 number value fitness deviation 
 maxFlow:55 

    1, 0.047575, 0.047575, -1.#IND00 
    2, 0.047575, 0.042975, 0.004848 
    3, 0.047575, 0.042055, 0.004750 
    4, 0.047575, 0.043895, 0.004750 
    5, 0.047575, 0.043895, 0.004750 
    6, 0.047575, 0.043432, 0.005410 
    7, 0.047575, 0.045557, 0.004276 
    8, 0.047575, 0.046314, 0.003987 
    9, 0.047575, 0.038579, 0.011692 
   10, 0.047575, 0.043229, 0.009162 
   11, 0.047575, 0.043229, 0.009162 
   12, 0.047575, 0.045402, 0.006871 
   13, 0.047575, 0.045378, 0.004632 
   14, 0.047575, 0.042205, 0.007121 
   15, 0.047575, 0.040109, 0.008190 
   16, 0.047575, 0.044025, 0.007538 
   17, 0.047575, 0.045611, 0.006210 
   18, 0.047575, 0.045640, 0.006118 
   19, 0.047575, 0.047222, 0.001116 
   20, 0.047575, 0.043213, 0.004891 
   21, 0.047575, 0.045936, 0.004097 
   22, 0.047575, 0.046134, 0.003873 
   23, 0.047575, 0.047153, 0.000890 
   24, 0.047575, 0.044630, 0.007156 
   25, 0.047575, 0.044933, 0.004763 
   26, 0.047575, 0.036575, 0.010966 
   27, 0.047575, 0.038893, 0.006025 
   28, 0.047575, 0.036956, 0.011646 
   29, 0.047575, 0.033333, 0.007357 
   30, 0.047575, 0.032935, 0.010163 
   31, 0.047575, 0.037048, 0.007879 
   32, 0.047575, 0.042872, 0.005705 
   33, 0.047575, 0.044480, 0.004412 
   34, 0.047575, 0.043257, 0.004293 
   35, 0.047575, 0.042469, 0.004626 
   36, 0.047575, 0.044981, 0.004253 
   37, 0.047575, 0.043891, 0.005705 
   38, 0.047575, 0.041304, 0.006699 
   39, 0.047575, 0.038320, 0.009444 
   40, 0.047575, 0.038586, 0.008195 
   41, 0.047575, 0.038430, 0.009060 
   42, 0.047575, 0.043599, 0.008390 
   43, 0.047575, 0.045511, 0.006528 
   44, 0.047575, 0.046345, 0.003890 
   45, 0.047575, 0.046477, 0.003474 
   46, 0.047575, 0.043885, 0.005942 
   47, 0.047575, 0.047575, -1.#IND00 
   48, 0.047575, 0.047575, -1.#IND00 
   49, 0.047575, 0.045429, 0.006080 
   50, 0.047575, 0.046134, 0.003873 
   51, 0.047575, 0.044904, 0.005117 
   52, 0.047575, 0.043961, 0.007433 
   53, 0.047575, 0.044693, 0.005038 
   54, 0.047575, 0.040888, 0.008084 
   55, 0.047575, 0.040656, 0.009658 
   56, 0.047575, 0.042156, 0.011441 
   57, 0.047575, 0.045287, 0.007234 
   58, 0.047575, 0.043245, 0.007013 
   59, 0.047575, 0.042584, 0.009654 
   60, 0.047575, 0.046477, 0.003474 
   61, 0.047575, 0.044148, 0.005530 
   62, 0.047575, 0.044671, 0.006346 
   63, 0.047575, 0.044458, 0.005042 
   64, 0.047575, 0.044637, 0.004756 
   65, 0.047575, 0.046655, 0.002909 
   66, 0.047575, 0.046265, 0.003464 
   67, 0.047575, 0.044673, 0.003675 
   68, 0.047575, 0.046235, 0.001504 
   69, 0.047575, 0.045387, 0.001612 
   70, 0.047575, 0.041988, 0.010048 
   71, 0.047575, 0.041607, 0.011578 
   72, 0.047575, 0.042934, 0.008654 
   73, 0.047575, 0.040961, 0.010540 
   74, 0.047575, 0.041369, 0.011040 
   75, 0.047575, 0.045457, 0.001823 
   76, 0.047575, 0.043966, 0.004229 
   77, 0.047575, 0.043182, 0.005047 
   78, 0.047575, 0.044673, 0.003675 
   79, 0.047575, 0.046024, 0.001442 
   80, 0.047575, 0.045971, 0.001721 
   81, 0.047575, 0.046377, 0.001331 
   82, 0.047575, 0.043203, 0.006952 
   83, 0.047575, 0.042776, 0.009610 
   84, 0.047575, 0.040770, 0.008290 
   85, 0.047575, 0.046289, 0.004068 
   86, 0.047575, 0.042613, 0.006543 
   87, 0.047575, 0.046450, 0.003558 
   88, 0.047575, 0.047575, -1.#IND00 
   89, 0.047575, 0.045673, 0.006016 
   90, 0.047575, 0.046655, 0.002909 
   91, 0.047575, 0.047153, 0.000890 
   92, 0.047575, 0.046942, 0.001020 
   93, 0.047575, 0.046519, 0.001113 
   94, 0.047575, 0.044951, 0.003227 
   95, 0.047575, 0.044625, 0.003458 
   96, 0.047575, 0.039922, 0.008088 
   97, 0.047575, 0.038834, 0.007769 
   98, 0.047575, 0.042982, 0.008072 
   99, 0.047575, 0.043759, 0.009892 
  100, 0.047575, 0.041053, 0.009570  
Execute time is:9.611736 ms


 Simulation completed

 Best member: 

 var(0) = 0
 var(1) = 0
 var(2) = 1
 var(3) = 1
 var(4) = 1
 var(5) = 0
 var(6) = 1
 var(7) = 0
 var(8) = 0
 var(9) = 0
 var(10) = 0
 var(11) = 1
 var(12) = 0
 var(13) = 0
 var(14) = 0
 var(15) = 0
 var(16) = 0
 var(17) = 1

 Best fitness = 0.047575