
 generation best average standard 
 number value fitness deviation 
 maxFlow:26 

    1, 0.116865, 0.111048, 0.023257 
    2, 0.116865, 0.107668, 0.019217 
    3, 0.116865, 0.108366, 0.015118 
    4, 0.116865, 0.107210, 0.018513 
    5, 0.116865, 0.105369, 0.018436 
    6, 0.116865, 0.101580, 0.020384 
    7, 0.116865, 0.101424, 0.021521 
    8, 0.116865, 0.093633, 0.023853 
    9, 0.116865, 0.094924, 0.023809 
   10, 0.116865, 0.093242, 0.024177 
   11, 0.116865, 0.096753, 0.021191 
   12, 0.116865, 0.101047, 0.022128 
   13, 0.116865, 0.103491, 0.019704 
   14, 0.116865, 0.099240, 0.024732 
   15, 0.116865, 0.099006, 0.019627 
   16, 0.116865, 0.100279, 0.020997 
   17, 0.116865, 0.106632, 0.013025 
   18, 0.116865, 0.098039, 0.015572 
   19, 0.116865, 0.100390, 0.020966 
   20, 0.116865, 0.105799, 0.019621 
   21, 0.116865, 0.104946, 0.016407 
   22, 0.116865, 0.105445, 0.018081 
   23, 0.116865, 0.107429, 0.017465 
   24, 0.116865, 0.110977, 0.015055 
   25, 0.116865, 0.110021, 0.014492 
   26, 0.116865, 0.104387, 0.019137 
   27, 0.116865, 0.099674, 0.020278 
   28, 0.116865, 0.099529, 0.023708 
   29, 0.116865, 0.095763, 0.023655 
   30, 0.116865, 0.102822, 0.023085 
   31, 0.116865, 0.106346, 0.017461 
   32, 0.116865, 0.106259, 0.016956 
   33, 0.116865, 0.105700, 0.017482 
   34, 0.116865, 0.105090, 0.017266 
   35, 0.116865, 0.099433, 0.022959 
   36, 0.116865, 0.101464, 0.021541 
   37, 0.116865, 0.108061, 0.019007 
   38, 0.116865, 0.099979, 0.021374 
   39, 0.116865, 0.096046, 0.029534 
   40, 0.116865, 0.106382, 0.015458 
   41, 0.116865, 0.103430, 0.023537 
   42, 0.116865, 0.102814, 0.019184 
   43, 0.116865, 0.096114, 0.023051 
   44, 0.116865, 0.094725, 0.023030 
   45, 0.116865, 0.083799, 0.023723 
   46, 0.116865, 0.093174, 0.020837 
   47, 0.116865, 0.092621, 0.020181 
   48, 0.116865, 0.088181, 0.024438 
   49, 0.116865, 0.091927, 0.026260 
   50, 0.116865, 0.091283, 0.025703 
   51, 0.116865, 0.092619, 0.025259 
   52, 0.116865, 0.095283, 0.025383 
   53, 0.116865, 0.096884, 0.020481 
   54, 0.116865, 0.099603, 0.020866 
   55, 0.116865, 0.101000, 0.022351 
   56, 0.116865, 0.102227, 0.021653 
   57, 0.116865, 0.093966, 0.023321 
   58, 0.116865, 0.090264, 0.025774 
   59, 0.116865, 0.095288, 0.027293 
   60, 0.116865, 0.095168, 0.027092 
   61, 0.116865, 0.096541, 0.025020 
   62, 0.116865, 0.096986, 0.021309 
   63, 0.116865, 0.099146, 0.025866 
   64, 0.116865, 0.097689, 0.024301 
   65, 0.116865, 0.092944, 0.025139 
   66, 0.116865, 0.101653, 0.019256 
   67, 0.116865, 0.100566, 0.020336 
   68, 0.116865, 0.094380, 0.021663 
   69, 0.116865, 0.095248, 0.024225 
   70, 0.116865, 0.095555, 0.024771 
   71, 0.116865, 0.095770, 0.025306 
   72, 0.116865, 0.092772, 0.024245 
   73, 0.116865, 0.096339, 0.023826 
   74, 0.116865, 0.096723, 0.023932 
   75, 0.116865, 0.104274, 0.024269 
   76, 0.116865, 0.107044, 0.017397 
   77, 0.116865, 0.105947, 0.018872 
   78, 0.116865, 0.103651, 0.019558 
   79, 0.116865, 0.108209, 0.013484 
   80, 0.116865, 0.104202, 0.015327 
   81, 0.116865, 0.099836, 0.023939 
   82, 0.116865, 0.101617, 0.021102 
   83, 0.116865, 0.095709, 0.020876 
   84, 0.116865, 0.094774, 0.023985 
   85, 0.116865, 0.092555, 0.025235 
   86, 0.116865, 0.097710, 0.021665 
   87, 0.116865, 0.100128, 0.023104 
   88, 0.116865, 0.098581, 0.025574 
   89, 0.116865, 0.093795, 0.025797 
   90, 0.116865, 0.096662, 0.029094 
   91, 0.116865, 0.094295, 0.020356 
   92, 0.116865, 0.104110, 0.018113 
   93, 0.116865, 0.104757, 0.019267 
   94, 0.116865, 0.103896, 0.018518 
   95, 0.116865, 0.101473, 0.018690 
   96, 0.116865, 0.097756, 0.020113 
   97, 0.116865, 0.093667, 0.021086 
   98, 0.116865, 0.091949, 0.021604 
   99, 0.116865, 0.094903, 0.022474 
  100, 0.116865, 0.096709, 0.023861  
Execute time is:47.373487 ms


 Simulation completed

 Best member: 

 var(0) = 1
 var(1) = 0
 var(2) = 0
 var(3) = 1
 var(4) = 0
 var(5) = 0
 var(6) = 0
 var(7) = 0
 var(8) = 0
 var(9) = 0
 var(10) = 1
 var(11) = 1
 var(12) = 0
 var(13) = 1
 var(14) = 1
 var(15) = 0
 var(16) = 0
 var(17) = 1
 var(18) = 0
 var(19) = 0
 var(20) = 0
 var(21) = 0

 Best fitness = 0.116865