
 generation best average standard 
 number value fitness deviation 
 maxFlow:38 

    1, 0.062850, 0.062850, -1.#IND00 
    2, 0.062850, 0.057120, 0.010451 
    3, 0.062850, 0.052907, 0.013279 
    4, 0.062850, 0.050371, 0.012625 
    5, 0.062850, 0.052598, 0.012759 
    6, 0.062850, 0.050710, 0.012567 
    7, 0.062850, 0.049241, 0.011484 
    8, 0.062850, 0.049797, 0.014453 
    9, 0.062850, 0.047574, 0.014506 
   10, 0.062850, 0.046781, 0.014022 
   11, 0.062850, 0.045445, 0.014578 
   12, 0.062850, 0.047009, 0.014661 
   13, 0.062850, 0.051718, 0.012435 
   14, 0.062850, 0.050464, 0.012573 
   15, 0.062850, 0.049539, 0.013192 
   16, 0.062850, 0.050021, 0.010657 
   17, 0.062850, 0.045364, 0.013051 
   18, 0.062850, 0.045228, 0.012855 
   19, 0.062850, 0.049523, 0.013688 
   20, 0.062850, 0.047906, 0.012525 
   21, 0.062850, 0.047443, 0.013731 
   22, 0.062850, 0.044237, 0.010272 
   23, 0.062850, 0.042387, 0.014151 
   24, 0.062850, 0.046676, 0.013119 
   25, 0.062850, 0.047491, 0.015054 
   26, 0.062850, 0.045565, 0.013403 
   27, 0.062850, 0.045596, 0.014921 
   28, 0.062850, 0.051503, 0.012593 
   29, 0.062850, 0.049063, 0.012841 
   30, 0.062850, 0.048187, 0.012497 
   31, 0.062850, 0.050949, 0.012511 
   32, 0.062850, 0.054558, 0.012069 
   33, 0.062850, 0.054277, 0.012248 
   34, 0.062850, 0.057482, 0.011188 
   35, 0.062850, 0.055982, 0.009095 
   36, 0.062850, 0.054177, 0.013271 
   37, 0.062850, 0.051712, 0.013923 
   38, 0.062850, 0.053950, 0.012505 
   39, 0.062850, 0.054696, 0.012204 
   40, 0.062850, 0.054127, 0.011082 
   41, 0.062850, 0.055903, 0.009732 
   42, 0.062850, 0.054029, 0.011406 
   43, 0.062850, 0.053785, 0.010243 
   44, 0.062850, 0.050075, 0.011404 
   45, 0.062850, 0.049241, 0.012667 
   46, 0.062850, 0.049253, 0.013384 
   47, 0.062850, 0.051228, 0.013184 
   48, 0.062850, 0.052983, 0.011725 
   49, 0.062850, 0.055975, 0.009107 
   50, 0.062850, 0.054592, 0.011803 
   51, 0.062850, 0.056544, 0.009584 
   52, 0.062850, 0.055105, 0.011412 
   53, 0.062850, 0.055123, 0.012314 
   54, 0.062850, 0.052299, 0.012413 
   55, 0.062850, 0.052513, 0.012868 
   56, 0.062850, 0.050446, 0.014431 
   57, 0.062850, 0.050453, 0.015961 
   58, 0.062850, 0.054443, 0.013020 
   59, 0.062850, 0.055968, 0.010265 
   60, 0.062850, 0.056071, 0.009561 
   61, 0.062850, 0.055189, 0.011328 
   62, 0.062850, 0.050502, 0.013700 
   63, 0.062850, 0.054988, 0.011799 
   64, 0.062850, 0.054965, 0.011014 
   65, 0.062850, 0.056348, 0.010012 
   66, 0.062850, 0.059801, 0.006935 
   67, 0.062850, 0.051769, 0.012924 
   68, 0.062850, 0.048527, 0.011738 
   69, 0.062850, 0.049544, 0.014548 
   70, 0.062850, 0.050174, 0.015313 
   71, 0.062850, 0.048897, 0.014005 
   72, 0.062850, 0.050050, 0.013628 
   73, 0.062850, 0.050605, 0.014611 
   74, 0.062850, 0.053132, 0.012653 
   75, 0.062850, 0.051244, 0.013947 
   76, 0.062850, 0.054235, 0.012314 
   77, 0.062850, 0.054453, 0.011282 
   78, 0.062850, 0.053494, 0.011684 
   79, 0.062850, 0.050685, 0.011846 
   80, 0.062850, 0.051512, 0.010791 
   81, 0.062850, 0.052854, 0.010125 
   82, 0.062850, 0.052392, 0.013054 
   83, 0.062850, 0.051756, 0.011889 
   84, 0.062850, 0.052531, 0.014866 
   85, 0.062850, 0.051650, 0.014027 
   86, 0.062850, 0.049954, 0.014954 
   87, 0.062850, 0.050186, 0.012635 
   88, 0.062850, 0.050457, 0.010716 
   89, 0.062850, 0.049373, 0.013221 
   90, 0.062850, 0.049626, 0.014098 
   91, 0.062850, 0.049960, 0.011109 
   92, 0.062850, 0.050418, 0.012858 
   93, 0.062850, 0.051976, 0.011809 
   94, 0.062850, 0.053082, 0.011189 
   95, 0.062850, 0.048117, 0.013233 
   96, 0.062850, 0.050193, 0.011976 
   97, 0.062850, 0.050196, 0.013202 
   98, 0.062850, 0.056130, 0.011359 
   99, 0.062850, 0.054080, 0.013180 
  100, 0.062850, 0.051833, 0.014087  
Execute time is:43.538210 ms


 Simulation completed

 Best member: 

 var(0) = 0
 var(1) = 0
 var(2) = 0
 var(3) = 0
 var(4) = 0
 var(5) = 1
 var(6) = 0
 var(7) = 1
 var(8) = 0
 var(9) = 0
 var(10) = 1
 var(11) = 0
 var(12) = 1
 var(13) = 0
 var(14) = 0
 var(15) = 0
 var(16) = 0
 var(17) = 0
 var(18) = 1
 var(19) = 1
 var(20) = 0
 var(21) = 0
 var(22) = 1
 var(23) = 0
 var(24) = 0
 var(25) = 0

 Best fitness = 0.062850