
 generation best average standard 
 number value fitness deviation 
 maxFlow:72 

    1, 0.354885, 0.354885, 0.000000 
    2, 0.354885, 0.354885, 0.000000 
    3, 0.354885, 0.354885, 0.000000 
    4, 0.354885, 0.354885, 0.000000 
    5, 0.354885, 0.354885, 0.000000 
    6, 0.354885, 0.354885, 0.000000 
    7, 0.354885, 0.354885, 0.000000 
    8, 0.354885, 0.354885, 0.000000 
    9, 0.354885, 0.354885, 0.000000 
   10, 0.354885, 0.354885, 0.000000 
   11, 0.354885, 0.331207, 0.049916 
   12, 0.354885, 0.354885, 0.000000 
   13, 0.354885, 0.354885, 0.000000 
   14, 0.354885, 0.354885, 0.000000 
   15, 0.354885, 0.343251, 0.036790 
   16, 0.354885, 0.327580, 0.048584 
   17, 0.354885, 0.319983, 0.056197 
   18, 0.354885, 0.343251, 0.036790 
   19, 0.354885, 0.354885, 0.000000 
   20, 0.354885, 0.354885, 0.000000 
   21, 0.354885, 0.354885, 0.000000 
   22, 0.354885, 0.354885, 0.000000 
   23, 0.354885, 0.354885, 0.000000 
   24, 0.354885, 0.354885, 0.000000 
   25, 0.354885, 0.354885, 0.000000 
   26, 0.354885, 0.354885, 0.000000 
   27, 0.354885, 0.354885, 0.000000 
   28, 0.354885, 0.331207, 0.049916 
   29, 0.354885, 0.343046, 0.037437 
   30, 0.354885, 0.319573, 0.056859 
   31, 0.354885, 0.343046, 0.037437 
   32, 0.354885, 0.343251, 0.036790 
   33, 0.354885, 0.342615, 0.038800 
   34, 0.354885, 0.342615, 0.038800 
   35, 0.354885, 0.354885, 0.000000 
   36, 0.354885, 0.354885, 0.000000 
   37, 0.354885, 0.350848, 0.012766 
   38, 0.354885, 0.354885, 0.000000 
   39, 0.354885, 0.354885, 0.000000 
   40, 0.354885, 0.354885, 0.000000 
   41, 0.354885, 0.354885, 0.000000 
   42, 0.354885, 0.350848, 0.012766 
   43, 0.354885, 0.339214, 0.037578 
   44, 0.354885, 0.346811, 0.017021 
   45, 0.354885, 0.346811, 0.017021 
   46, 0.354885, 0.350848, 0.012766 
   47, 0.354885, 0.354885, 0.000000 
   48, 0.354885, 0.354885, 0.000000 
   49, 0.354885, 0.350848, 0.012766 
   50, 0.354885, 0.354885, 0.000000 
   51, 0.354885, 0.331617, 0.049053 
   52, 0.354885, 0.354885, 0.000000 
   53, 0.354885, 0.354885, 0.000000 
   54, 0.354885, 0.350848, 0.012766 
   55, 0.354885, 0.350848, 0.012766 
   56, 0.354885, 0.354885, 0.000000 
   57, 0.354885, 0.354885, 0.000000 
   58, 0.354885, 0.354885, 0.000000 
   59, 0.354885, 0.354885, 0.000000 
   60, 0.354885, 0.319369, 0.057186 
   61, 0.354885, 0.319369, 0.057186 
   62, 0.354885, 0.331207, 0.049916 
   63, 0.354885, 0.354885, 0.000000 
   64, 0.354885, 0.354885, 0.000000 
   65, 0.354885, 0.354885, 0.000000 
   66, 0.354885, 0.354885, 0.000000 
   67, 0.354885, 0.354885, 0.000000 
   68, 0.354885, 0.354885, 0.000000 
   69, 0.354885, 0.354885, 0.000000 
   70, 0.354885, 0.354885, 0.000000 
   71, 0.354885, 0.339214, 0.037578 
   72, 0.354885, 0.335177, 0.037874 
   73, 0.354885, 0.350848, 0.012766 
   74, 0.354885, 0.350848, 0.012766 
   75, 0.354885, 0.354885, 0.000000 
   76, 0.354885, 0.354885, 0.000000 
   77, 0.354885, 0.354885, 0.000000 
   78, 0.354885, 0.354885, 0.000000 
   79, 0.354885, 0.354885, 0.000000 
   80, 0.354885, 0.354885, 0.000000 
   81, 0.354885, 0.350848, 0.012766 
   82, 0.354885, 0.342774, 0.019500 
   83, 0.354885, 0.342774, 0.019500 
   84, 0.354885, 0.350848, 0.012766 
   85, 0.354885, 0.354885, 0.000000 
   86, 0.354885, 0.354885, 0.000000 
   87, 0.354885, 0.354885, 0.000000 
   88, 0.354885, 0.354885, 0.000000 
   89, 0.354885, 0.342615, 0.038800 
   90, 0.354885, 0.305806, 0.063361 
   91, 0.354885, 0.318076, 0.059269 
   92, 0.354885, 0.342615, 0.038800 
   93, 0.354885, 0.354885, 0.000000 
   94, 0.354885, 0.354885, 0.000000 
   95, 0.354885, 0.354885, 0.000000 
   96, 0.354885, 0.354885, 0.000000 
   97, 0.354885, 0.354885, 0.000000 
   98, 0.354885, 0.354885, 0.000000 
   99, 0.354885, 0.354885, 0.000000 
  100, 0.354885, 0.354885, 0.000000  
Execute time is:8.559193 ms


 Simulation completed

 Best member: 

 var(0) = 0
 var(1) = 0
 var(2) = 1
 var(3) = 0
 var(4) = 1
 var(5) = 1
 var(6) = 1
 var(7) = 0
 var(8) = 1
 var(9) = 1

 Best fitness = 0.354885