
 generation best average standard 
 number value fitness deviation 
 maxFlow:28 

    1, 0.130293, 0.130293, -1.#IND00 
    2, 0.130293, 0.130293, -1.#IND00 
    3, 0.130293, 0.130293, -1.#IND00 
    4, 0.130293, 0.130293, -1.#IND00 
    5, 0.130293, 0.130293, -1.#IND00 
    6, 0.130293, 0.130293, -1.#IND00 
    7, 0.130293, 0.127838, 0.007761 
    8, 0.130293, 0.130293, -1.#IND00 
    9, 0.130293, 0.125615, 0.009876 
   10, 0.130293, 0.125384, 0.010348 
   11, 0.130293, 0.127838, 0.007761 
   12, 0.130293, 0.127838, 0.007761 
   13, 0.130293, 0.121153, 0.011960 
   14, 0.130293, 0.120476, 0.012674 
   15, 0.130293, 0.120476, 0.012674 
   16, 0.130293, 0.122930, 0.011855 
   17, 0.130293, 0.125384, 0.010348 
   18, 0.130293, 0.130293, -1.#IND00 
   19, 0.130293, 0.127838, 0.007761 
   20, 0.130293, 0.130293, -1.#IND00 
   21, 0.130293, 0.130293, -1.#IND00 
   22, 0.130293, 0.126323, 0.006392 
   23, 0.130293, 0.117531, 0.013932 
   24, 0.130293, 0.114652, 0.017485 
   25, 0.130293, 0.113327, 0.027318 
   26, 0.130293, 0.117659, 0.023512 
   27, 0.130293, 0.122414, 0.018475 
   28, 0.130293, 0.117408, 0.017839 
   29, 0.130293, 0.110855, 0.020027 
   30, 0.130293, 0.114338, 0.015581 
   31, 0.130293, 0.119160, 0.011383 
   32, 0.130293, 0.119160, 0.011383 
   33, 0.130293, 0.120483, 0.011870 
   34, 0.130293, 0.116240, 0.011941 
   35, 0.130293, 0.117359, 0.012344 
   36, 0.130293, 0.112755, 0.013074 
   37, 0.130293, 0.112284, 0.014327 
   38, 0.130293, 0.114422, 0.013889 
   39, 0.130293, 0.111414, 0.014179 
   40, 0.130293, 0.109416, 0.014693 
   41, 0.130293, 0.112383, 0.009776 
   42, 0.130293, 0.109849, 0.007622 
   43, 0.130293, 0.109470, 0.016127 
   44, 0.130293, 0.111209, 0.017160 
   45, 0.130293, 0.118420, 0.014341 
   46, 0.130293, 0.122193, 0.011456 
   47, 0.130293, 0.123596, 0.009547 
   48, 0.130293, 0.128969, 0.004185 
   49, 0.130293, 0.125192, 0.008771 
   50, 0.130293, 0.125639, 0.008351 
   51, 0.130293, 0.129193, 0.003477 
   52, 0.130293, 0.130293, -1.#IND00 
   53, 0.130293, 0.119232, 0.018402 
   54, 0.130293, 0.124053, 0.013154 
   55, 0.130293, 0.130293, -1.#IND00 
   56, 0.130293, 0.124053, 0.013154 
   57, 0.130293, 0.114147, 0.023378 
   58, 0.130293, 0.118734, 0.014242 
   59, 0.130293, 0.125894, 0.005679 
   60, 0.130293, 0.130293, -1.#IND00 
   61, 0.130293, 0.130293, -1.#IND00 
   62, 0.130293, 0.128969, 0.004185 
   63, 0.130293, 0.128069, 0.007031 
   64, 0.130293, 0.128069, 0.007031 
   65, 0.130293, 0.125870, 0.007750 
   66, 0.130293, 0.128093, 0.004637 
   67, 0.130293, 0.128093, 0.004637 
   68, 0.130293, 0.130293, -1.#IND00 
   69, 0.130293, 0.130293, -1.#IND00 
   70, 0.130293, 0.128969, 0.004185 
   71, 0.130293, 0.130293, -1.#IND00 
   72, 0.130293, 0.123622, 0.010740 
   73, 0.130293, 0.125846, 0.009375 
   74, 0.130293, 0.127646, 0.005580 
   75, 0.130293, 0.127646, 0.005580 
   76, 0.130293, 0.126515, 0.008398 
   77, 0.130293, 0.124323, 0.008227 
   78, 0.130293, 0.122099, 0.009361 
   79, 0.130293, 0.118329, 0.009143 
   80, 0.130293, 0.118978, 0.012828 
   81, 0.130293, 0.120301, 0.013282 
   82, 0.130293, 0.124748, 0.011972 
   83, 0.130293, 0.124526, 0.010493 
   84, 0.130293, 0.115735, 0.015108 
   85, 0.130293, 0.114025, 0.019100 
   86, 0.130293, 0.115075, 0.017491 
   87, 0.130293, 0.124999, 0.006834 
   88, 0.130293, 0.125648, 0.010864 
   89, 0.130293, 0.126323, 0.006392 
   90, 0.130293, 0.127646, 0.005580 
   91, 0.130293, 0.128969, 0.004185 
   92, 0.130293, 0.128969, 0.004185 
   93, 0.130293, 0.124053, 0.013154 
   94, 0.130293, 0.124719, 0.011855 
   95, 0.130293, 0.125384, 0.010348 
   96, 0.130293, 0.129193, 0.003477 
   97, 0.130293, 0.125384, 0.010348 
   98, 0.130293, 0.127838, 0.007761 
   99, 0.130293, 0.130293, -1.#IND00 
  100, 0.130293, 0.127838, 0.007761  
Execute time is:7.721566 ms


 Simulation completed

 Best member: 

 var(0) = 1
 var(1) = 0
 var(2) = 1
 var(3) = 0
 var(4) = 0
 var(5) = 1
 var(6) = 0
 var(7) = 1
 var(8) = 1
 var(9) = 0
 var(10) = 0
 var(11) = 1
 var(12) = 0
 var(13) = 1

 Best fitness = 0.130293