g    #    1
s    8    14   
e    1    6    5    0.553606    1
e    2    8    8    0.59131    2
e    4    1    19    0.730754    3
e    4    2    31    0.875586    4
e    4    5    40    0.996357    5
e    4    6    2    0.519064    6
e    5    3    33    0.910264    7
e    5    7    18    0.722101    8
e    5    8    22    0.771427    9
e    6    7    9    0.608675    10
e    7    3    4    0.538286    11
e    7    4    13    0.65207    12
e    7    8    27    0.831411    13
e    8    4    6    0.56914    14
g    #    2
s    8    14   
e    1    3    5    0.553606    1
e    1    8    8    0.59131    2
e    2    7    19    0.730754    3
e    2    8    31    0.875586    4
e    3    4    40    0.996357    5
e    3    7    2    0.519064    6
e    4    7    33    0.910264    7
e    6    2    18    0.722101    8
e    6    4    22    0.771427    9
e    7    1    9    0.608675    10
e    7    6    4    0.538286    11
e    7    8    13    0.65207    12
e    8    5    27    0.831411    13
e    8    6    6    0.56914    14
g    #    3
s    8    14   
e    1    2    5    0.553606    1
e    1    6    8    0.59131    2
e    1    7    19    0.730754    3
e    2    3    31    0.875586    4
e    3    5    40    0.996357    5
e    4    3    2    0.519064    6
e    4    5    33    0.910264    7
e    5    1    18    0.722101    8
e    6    2    22    0.771427    9
e    6    3    9    0.608675    10
e    7    5    4    0.538286    11
e    8    1    13    0.65207    12
e    8    3    27    0.831411    13
e    8    4    6    0.56914    14
g    #    4
s    8    14   
e    1    5    5    0.553606    1
e    1    7    8    0.59131    2
e    2    1    19    0.730754    3
e    2    3    31    0.875586    4
e    2    5    40    0.996357    5
e    3    1    2    0.519064    6
e    3    6    33    0.910264    7
e    4    1    18    0.722101    8
e    4    2    22    0.771427    9
e    4    3    9    0.608675    10
e    5    8    4    0.538286    11
e    6    2    13    0.65207    12
e    7    5    27    0.831411    13
e    8    6    6    0.56914    14
g    #    5
s    8    14   
e    1    6    5    0.553606    1
e    1    7    8    0.59131    2
e    2    6    19    0.730754    3
e    2    7    31    0.875586    4
e    3    2    40    0.996357    5
e    4    3    2    0.519064    6
e    4    6    33    0.910264    7
e    5    2    18    0.722101    8
e    6    7    22    0.771427    9
e    6    8    9    0.608675    10
e    7    4    4    0.538286    11
e    7    5    13    0.65207    12
e    8    4    27    0.831411    13
e    8    7    6    0.56914    14
g    #    0
