6--5最大流值为：26
最可靠最大流分布概率为 ： 0.132277
状态划分算法消耗的内存为：4.67188
状态划分算法运行时间(ms) ： 454.934
---------------------------------
流分布如下: 
---------------------------------
0   0   0   0   13  0   0   0   0   0   0   0   
0   0   0   0   0   0   0   0   0   0   0   0   
0   0   0   0   13  0   0   0   0   0   0   0   
0   0   0   0   0   0   0   0   0   0   0   0   
0   0   0   0   0   0   0   0   0   0   0   0   
0   0   0   0   0   0   13  0   13  0   0   0   
13  0   0   0   0   0   0   0   0   0   0   0   
0   0   0   0   0   0   0   0   0   0   0   0   
0   0   0   0   0   0   0   0   0   0   0   13  
0   0   13  0   0   0   0   0   0   0   0   0   
0   0   0   0   0   0   0   0   0   0   0   0   
0   0   0   0   0   0   0   0   0   13  0   0   
---------------------------------
关键边输出如下：
---------------------------------
---------------------------------
---------------------------------

7--12最大流值为：61
最可靠最大流分布概率为 ： 0.111716
状态划分算法消耗的内存为：4.67188
状态划分算法运行时间(ms) ： 16.2922
---------------------------------
流分布如下: 
---------------------------------
0   0   0   0   0   0   0   0   0   0   0   13  
0   0   0   0   0   0   0   0   0   0   0   0   
0   0   0   0   0   0   0   0   0   0   0   0   
0   0   0   0   0   0   0   0   0   0   0   0   
0   0   0   0   0   0   0   0   0   0   0   0   
0   0   0   0   0   0   0   0   0   0   0   0   
0   0   0   0   0   0   0   29  0   0   0   32  
0   0   0   0   0   0   0   0   19  0   10  0   
0   0   0   0   0   0   0   0   0   19  0   0   
13  0   0   0   0   0   0   0   0   0   0   16  
0   0   0   0   0   0   0   0   0   10  0   0   
0   0   0   0   0   0   0   0   0   0   0   0   
---------------------------------
关键边输出如下：
---------------------------------
---------------------------------
---------------------------------

10--8最大流值为：32
最可靠最大流分布概率为 ： 0.107603
状态划分算法消耗的内存为：4.67188
状态划分算法运行时间(ms) ： 8.11487
---------------------------------
流分布如下: 
---------------------------------
0   0   0   0   0   0   0   0   0   0   0   0   
0   0   0   0   0   0   0   0   0   0   0   19  
0   0   0   0   0   0   0   0   0   0   0   0   
0   0   0   0   0   19  0   0   0   0   0   0   
0   0   0   0   0   0   0   0   0   0   0   0   
0   0   0   0   0   0   0   32  0   0   0   0   
0   0   0   0   0   0   0   0   0   0   0   0   
0   0   0   0   0   0   0   0   0   0   0   0   
0   0   0   0   0   0   0   0   0   0   0   0   
0   19  0   0   0   13  0   0   0   0   0   0   
0   0   0   7   0   0   0   0   0   0   0   0   
0   0   0   12  0   0   0   0   0   0   7   0   
---------------------------------
关键边输出如下：
---------------------------------
---------------------------------
---------------------------------

12--6最大流值为：62
最可靠最大流分布概率为 ： 0.0330876
状态划分算法消耗的内存为：4.67188
状态划分算法运行时间(ms) ： 44.2871
---------------------------------
流分布如下: 
---------------------------------
0   0   0   0   0   5   0   0   0   0   0   0   
0   0   0   0   0   0   29  0   0   0   0   0   
5   0   0   0   0   0   0   0   0   0   0   0   
0   0   0   0   0   0   0   0   0   0   0   0   
0   0   0   0   0   0   0   0   0   0   0   0   
0   0   0   0   0   0   0   0   0   0   0   0   
0   0   0   0   0   0   0   29  0   0   0   0   
0   0   0   0   0   29  0   0   0   0   0   0   
0   0   0   0   0   0   0   0   0   0   0   0   
0   0   0   0   0   0   0   0   0   0   0   0   
0   0   5   0   0   16  0   0   0   0   0   0   
0   29  0   0   0   12  0   0   0   0   21  0   
---------------------------------
关键边输出如下：
---------------------------------
---------------------------------
---------------------------------

7--6最大流值为：27
最可靠最大流分布概率为 ： 0.0693474
状态划分算法消耗的内存为：4.67188
状态划分算法运行时间(ms) ： 20.4073
---------------------------------
流分布如下: 
---------------------------------
0   0   0   0   0   0   0   0   0   0   0   0   
0   0   0   0   0   14  0   0   0   0   0   0   
0   14  0   0   0   0   0   0   0   0   0   0   
0   0   0   0   0   0   0   13  0   0   0   0   
0   0   0   0   0   0   0   0   0   0   0   0   
0   0   0   0   0   0   0   0   0   0   0   0   
0   0   14  0   0   0   0   0   13  0   0   0   
0   0   0   0   0   13  0   0   0   0   0   0   
0   0   0   13  0   0   0   0   0   0   0   0   
0   0   0   0   0   0   0   0   0   0   0   0   
0   0   0   0   0   0   0   0   0   0   0   0   
0   0   0   0   0   0   0   0   0   0   0   0   
---------------------------------
关键边输出如下：
---------------------------------
---------------------------------
---------------------------------

