6--1最大流值为：72
最可靠最大流分布概率为 ： 0.354885
状态划分算法消耗的内存为：3.23828
状态划分算法运行时间(ms) ： 8.37801
---------------------------------
流分布如下: 
---------------------------------
0   0   0   0   0   0   
0   0   0   0   0   0   
0   0   0   0   0   0   
16  0   0   0   0   0   
23  0   0   2   0   0   
33  0   0   14  25  0   
---------------------------------
关键边输出如下：
---------------------------------
3    A         56        0.523928  0.523928  
5    A         49        0.430701  0.430701  
6    A         70        0.405458  0.405458  
7    A         39        0.379195  0.379195  
9    A         58        0.434583  0.434583  
10   A         47        0.724269  0.724269  
1    C         72        0.354885  0.354885  
2    C         72        0.354885  0.354885  
4    C         72        0.354885  0.354885  
8    C         72        0.354885  0.354885  
---------------------------------
---------------------------------

3--1最大流值为：80
最可靠最大流分布概率为 ： 0.27254
状态划分算法消耗的内存为：3.63672
状态划分算法运行时间(ms) ： 14.5707
---------------------------------
流分布如下: 
---------------------------------
0   0   0   0   0   0   
0   0   0   0   0   0   
20  0   0   0   37  23  
0   0   0   0   0   0   
33  0   0   0   0   4   
27  0   0   0   0   0   
---------------------------------
关键边输出如下：
---------------------------------
3    A         60        0.287588  0.325037  
4    A         43        0.530526  0.530526  
5    A         59        0.330765  0.373836  
7    A         47        0.291209  0.365203  
10   A         53        0.59617   0.59617   
2    B         80        0.27254   0.27254   
8    B         80        0.27254   0.27254   
9    B         80        0.193519  0.193519  
1    C         80        0.27254   0.30803   
6    C         80        0.27254   0.30803   
---------------------------------
---------------------------------

5--2最大流值为：35
最可靠最大流分布概率为 ： 0.252686
状态划分算法消耗的内存为：3.63672
状态划分算法运行时间(ms) ： 4.97863
---------------------------------
流分布如下: 
---------------------------------
0   8   0   0   0   0   
0   0   0   0   0   0   
0   0   0   0   0   8   
0   0   0   0   0   0   
0   0   8   0   0   27  
8   27  0   0   0   0   
---------------------------------
关键边输出如下：
---------------------------------
1    A         27        0.60213   0.60213   
5    A         27        0.60213   0.60213   
7    A         27        0.60213   0.60213   
8    A         23        0.523928  0.523928  
9    A         27        0.60213   0.60213   
10   A         8         0.482291  0.530027  
2    C         35        0.252686  0.252686  
3    C         35        0.252686  0.252686  
4    C         35        0.252686  0.252686  
6    C         35        0.252686  0.252686  
---------------------------------
---------------------------------

1--5最大流值为：45
最可靠最大流分布概率为 ： 0.127364
状态划分算法消耗的内存为：3.63672
状态划分算法运行时间(ms) ： 11.6159
---------------------------------
流分布如下: 
---------------------------------
0   7   18  0   20  0   
0   0   7   0   0   0   
0   0   0   23  0   2   
0   0   0   0   23  0   
0   0   0   0   0   0   
0   0   0   0   2   0   
---------------------------------
关键边输出如下：
---------------------------------
1    A         38        0.478132  0.478132  
2    A         28        0.327356  0.327356  
3    A         25        0.134396  0.134396  
4    A         38        0.478132  0.478132  
5    A         22        0.368712  0.455991  
6    A         43        0.214177  0.214177  
7    A         22        0.368712  0.455991  
10   A         43        0.214177  0.214177  
8    C         45        0.127364  0.127364  
9    C         45        0.127364  0.127364  
---------------------------------
---------------------------------

5--1最大流值为：76
最可靠最大流分布概率为 ： 0.115151
状态划分算法消耗的内存为：3.63672
状态划分算法运行时间(ms) ： 5.91194
---------------------------------
流分布如下: 
---------------------------------
0   0   0   0   0   0   
22  0   0   0   0   0   
0   0   0   0   0   0   
32  0   0   0   0   0   
22  22  0   32  0   0   
0   0   0   0   0   0   
---------------------------------
关键边输出如下：
---------------------------------
1    A         54        0.164846  0.164846  
7    A         44        0.359729  0.359729  
8    A         54        0.223604  0.223604  
9    A         54        0.164846  0.164846  
10   A         44        0.359729  0.359729  
2    C         76        0.115151  0.115151  
3    C         76        0.115151  0.115151  
4    C         76        0.115151  0.115151  
5    C         76        0.115151  0.115151  
6    C         76        0.115151  0.115151  
---------------------------------
---------------------------------

