g    #    1
s    12    22  
e    1    5    13    0.849268    1
e    1    10    14    0.829234    2
e    2    4    30    0.829895    3
e    3    5    25    0.805708    4
e    3    7    31    0.747448    5
e    3    8    28    0.842944    6
e    4    1    30    0.55417    7
e    4    9    14    0.615026    8
e    4    10    29    0.712751    9
e    6    2    15    0.900984    10
e    6    7    32    0.828818    11
e    6    9    37    0.693176    12
e    6    11    33    0.656849    13
e    7    1    20    0.89825    14
e    9    10    19    0.971022    15
e    9    11    36    0.821782    16
e    9    12    19    0.851002    17
e    10    3    13    0.711575    18
e    11    2    16    0.888135    19
e    12    1    29    0.806587    20
e    12    2    12    0.980746    21
e    12    10    21    0.775293    22
g    #    2
s    12    22   
e    1    12    13    0.849268    1
e    2    8    14    0.829234    2
e    3    2    30    0.829895    3
e    4    5    25    0.805708    4
e    4    9    31    0.747448    5
e    5    3    28    0.842944    6
e    5    6    30    0.55417    7
e    5    9    14    0.615026    8
e    7    8    29    0.712751    9
e    7    11    15    0.900984    10
e    7    12    32    0.828818    11
e    8    9    37    0.693176    12
e    8    11    33    0.656849    13
e    9    3    20    0.89825    14
e    9    10    19    0.971022    15
e    10    1    36    0.821782    16
e    10    4    19    0.851002    17
e    10    8    13    0.711575    18
e    10    12    16    0.888135    19
e    11    2    29    0.806587    20
e    11    5    12    0.980746    21
e    11    10    21    0.775293    22
g    #    3
s    12    22  
e    1    2    13    0.849268    1
e    1    9    14    0.829234    2
e    1    12    30    0.829895    3
e    2    3    25    0.805708    4
e    2    12    31    0.747448    5
e    3    9    28    0.842944    6
e    4    6    30    0.55417    7
e    4    8    14    0.615026    8
e    6    1    29    0.712751    9
e    6    5    15    0.900984    10
e    6    8    32    0.828818    11
e    6    12    37    0.693176    12
e    7    2    33    0.656849    13
e    7    5    20    0.89825    14
e    7    12    19    0.971022    15
e    8    10    36    0.821782    16
e    10    2    19    0.851002    17
e    10    6    13    0.711575    18
e    11    4    16    0.888135    19
e    12    3    29    0.806587    20
e    12    4    12    0.980746    21
e    12    11    21    0.775293    22
g    #    4
s    12    22 
e    1    6    13    0.849268    1
e    1    10    14    0.829234    2
e    2    3    30    0.829895    3
e    2    5    25    0.805708    4
e    2    7    31    0.747448    5
e    3    1    28    0.842944    6
e    4    11    30    0.55417    7
e    5    6    14    0.615026    8
e    5    11    29    0.712751    9
e    6    2    15    0.900984    10
e    7    5    32    0.828818    11
e    7    8    37    0.693176    12
e    8    6    33    0.656849    13
e    9    1    20    0.89825    14
e    9    10    19    0.971022    15
e    9    11    36    0.821782    16
e    10    3    19    0.851002    17
e    11    3    13    0.711575    18
e    11    6    16    0.888135    19
e    12    2    29    0.806587    20
e    12    6    12    0.980746    21
e    12    11    21    0.775293    22
g    #    5
s    12    22  
e    1    9    13    0.849268    1
e    2    6    14    0.829234    2
e    3    1    30    0.829895    3
e    3    2    25    0.805708    4
e    3    8    31    0.747448    5
e    3    11    28    0.842944    6
e    4    1    30    0.55417    7
e    4    2    14    0.615026    8
e    4    8    29    0.712751    9
e    5    1    15    0.900984    10
e    5    12    32    0.828818    11
e    6    3    37    0.693176    12
e    6    9    33    0.656849    13
e    7    3    20    0.89825    14
e    7    9    19    0.971022    15
e    7    10    36    0.821782    16
e    7    12    19    0.851002    17
e    8    6    13    0.711575    18
e    8    10    16    0.888135    19
e    9    4    29    0.806587    20
e    11    4    12    0.980746    21
e    11    12    21    0.775293    22
g    #    0
