1--2最大流值为：7
最可靠最大流分布概率为 ： 0.34766
状态划分算法消耗的内存为：5.90625
状态划分算法运行时间(ms) ： 30.6329
---------------------------------
流分布如下: 
---------------------------------
0   0   4   3   0   0   0   
0   0   0   0   0   0   0   
0   0   0   0   1   3   0   
0   0   0   0   3   0   0   
0   0   0   0   0   0   4   
0   3   0   0   0   0   0   
0   4   0   0   0   0   0   
---------------------------------
关键边输出如下：
---------------------------------
1    A         3         0         0         
8    A         4         0.505176  0.505176  
9    A         4         0.559962  0.66944   
2    A         4         0.559962  0.700603  
4    A         6         0.458166  0.572024  
11   A         6         0.459314  0.526363  
6    A         6         0.459314  0.550947  
3    B         7         0         0         
7    b         7         0.34766   0.34766   
10   b         7         0.34766   0.362664  
5    C         7         0.34766   0.362664  
---------------------------------
---------------------------------

1--2最大流值为：7
最可靠最大流分布概率为 ： 0.34766
状态划分算法消耗的内存为：5.89063
状态划分算法运行时间(ms) ： 31.5523
---------------------------------
流分布如下: 
---------------------------------
0   0   4   3   0   0   0   
0   0   0   0   0   0   0   
0   0   0   0   1   3   0   
0   0   0   0   3   0   0   
0   0   0   0   0   0   4   
0   3   0   0   0   0   0   
0   4   0   0   0   0   0   
---------------------------------
关键边输出如下：
---------------------------------
1    A         3         0         0         
8    A         4         0.505176  0.505176  
9    A         4         0.559962  0.66944   
2    A         4         0.559962  0.700603  
4    A         6         0.458166  0.572024  
11   A         6         0.459314  0.526363  
6    A         6         0.459314  0.550947  
3    B         7         0         0         
7    b         7         0.34766   0.34766   
10   b         7         0.34766   0.362664  
5    C         7         0.34766   0.362664  
---------------------------------
---------------------------------

1--2最大流值为：7
最可靠最大流分布概率为 ： 0.34766
状态划分算法消耗的内存为：20.8242
状态划分算法运行时间(ms) ： 29.1418
---------------------------------
流分布如下: 
---------------------------------
0   0   4   3   0   0   0   
0   0   0   0   0   0   0   
0   0   0   0   1   3   0   
0   0   0   0   3   0   0   
0   0   0   0   0   0   4   
0   3   0   0   0   0   0   
0   4   0   0   0   0   0   
---------------------------------
关键边输出如下：
---------------------------------
1    A         3         0         0         
8    A         4         0.505176  0.505176  
9    A         4         0.559962  0.66944   
2    A         4         0.559962  0.700603  
4    A         6         0.458166  0.572024  
11   A         6         0.459314  0.526363  
6    A         6         0.459314  0.550947  
3    B         7         0         0         
7    b         7         0.34766   0.34766   
10   b         7         0.34766   0.362664  
5    C         7         0.34766   0.362664  
---------------------------------
---------------------------------

1--2最大流值为：7
最可靠最大流分布概率为 ： 0.34766
状态划分算法消耗的内存为：5.02734
状态划分算法运行时间(ms) ： 29.7702
---------------------------------
流分布如下: 
---------------------------------
0   0   4   3   0   0   0   
0   0   0   0   0   0   0   
0   0   0   0   1   3   0   
0   0   0   0   3   0   0   
0   0   0   0   0   0   4   
0   3   0   0   0   0   0   
0   4   0   0   0   0   0   
---------------------------------
关键边输出如下：
---------------------------------
1    A         3         0         0         
8    A         4         0.505176  0.505176  
9    A         4         0.559962  0.66944   
2    A         4         0.559962  0.700603  
4    A         6         0.458166  0.572024  
11   A         6         0.459314  0.526363  
6    A         6         0.459314  0.550947  
3    B         7         0         0         
7    b         7         0.34766   0.34766   
10   b         7         0.34766   0.362664  
5    C         7         0.34766   0.362664  
---------------------------------
---------------------------------

1--2最大流值为：7
最可靠最大流分布概率为 ： 0.34766
状态划分算法消耗的内存为：20.8008
状态划分算法运行时间(ms) ： 37.7266
---------------------------------
流分布如下: 
---------------------------------
0   0   4   3   0   0   0   
0   0   0   0   0   0   0   
0   0   0   0   1   3   0   
0   0   0   0   3   0   0   
0   0   0   0   0   0   4   
0   3   0   0   0   0   0   
0   4   0   0   0   0   0   
---------------------------------
关键边输出如下：
---------------------------------
1    A         3         0         0         
8    A         4         0.505176  0.505176  
9    A         4         0.559962  0.66944   
2    A         4         0.559962  0.700603  
4    A         6         0.458166  0.572024  
11   A         6         0.459314  0.526363  
6    A         6         0.459314  0.550947  
3    B         7         0         0         
7    b         7         0.34766   0.34766   
10   b         7         0.34766   0.362664  
5    C         7         0.34766   0.362664  
---------------------------------
---------------------------------

1--2最大流值为：7
最可靠最大流分布概率为 ： 0.34766
状态划分算法消耗的内存为：20.8359
状态划分算法运行时间(ms) ： 26.5127
---------------------------------
流分布如下: 
---------------------------------
0   0   4   3   0   0   0   
0   0   0   0   0   0   0   
0   0   0   0   1   3   0   
0   0   0   0   3   0   0   
0   0   0   0   0   0   4   
0   3   0   0   0   0   0   
0   4   0   0   0   0   0   
---------------------------------
关键边输出如下：
---------------------------------
1    A         3         0         0         
8    A         4         0.505176  0.505176  
9    A         4         0.559962  0.66944   
2    A         4         0.559962  0.700603  
4    A         6         0.458166  0.572024  
11   A         6         0.459314  0.526363  
6    A         6         0.459314  0.550947  
3    B         7         0         0         
7    b         7         0.34766   0.34766   
10   b         7         0.34766   0.362664  
5    C         7         0.34766   0.362664  
---------------------------------
---------------------------------

1--2最大流值为：7
最可靠最大流分布概率为 ： 0.34766
状态划分算法消耗的内存为：20.8281
状态划分算法运行时间(ms) ： 28.2181
---------------------------------
流分布如下: 
---------------------------------
0   0   4   3   0   0   0   
0   0   0   0   0   0   0   
0   0   0   0   1   3   0   
0   0   0   0   3   0   0   
0   0   0   0   0   0   4   
0   3   0   0   0   0   0   
0   4   0   0   0   0   0   
---------------------------------
关键边输出如下：
---------------------------------
1    A         3         0         0         
8    A         4         0.505176  0.505176  
9    A         4         0.559962  0.66944   
2    A         4         0.559962  0.700603  
4    A         6         0.458166  0.572024  
11   A         6         0.459314  0.526363  
6    A         6         0.459314  0.550947  
3    B         7         0         0         
7    b         7         0.34766   0.34766   
10   b         7         0.34766   0.362664  
5    C         7         0.34766   0.362664  
---------------------------------
---------------------------------

1--2最大流值为：7
最可靠最大流分布概率为 ： 0.34766
状态划分算法消耗的内存为：20.8242
状态划分算法运行时间(ms) ： 28.7029
---------------------------------
流分布如下: 
---------------------------------
0   0   4   3   0   0   0   
0   0   0   0   0   0   0   
0   0   0   0   1   3   0   
0   0   0   0   3   0   0   
0   0   0   0   0   0   4   
0   3   0   0   0   0   0   
0   4   0   0   0   0   0   
---------------------------------
关键边输出如下：
---------------------------------
1    A         3         0         0         
8    A         4         0.505176  0.505176  
9    A         4         0.559962  0.66944   
2    A         4         0.559962  0.700603  
4    A         6         0.458166  0.572024  
11   A         6         0.459314  0.526363  
6    A         6         0.459314  0.550947  
3    B         7         0         0         
7    b         7         0.34766   0.34766   
10   b         7         0.34766   0.362664  
5    C         7         0.34766   0.362664  
---------------------------------
---------------------------------

1--2最大流值为：7
最可靠最大流分布概率为 ： 0.34766
状态划分算法消耗的内存为：20.793
状态划分算法运行时间(ms) ： 18.9973
---------------------------------
流分布如下: 
---------------------------------
0   0   4   3   0   0   0   
0   0   0   0   0   0   0   
0   0   0   0   1   3   0   
0   0   0   0   3   0   0   
0   0   0   0   0   0   4   
0   3   0   0   0   0   0   
0   4   0   0   0   0   0   
---------------------------------
关键边输出如下：
---------------------------------
1    A         3         0         0         
8    A         4         0.505176  0.505176  
9    A         4         0.559962  0.66944   
2    A         4         0.559962  0.700603  
4    A         6         0.458166  0.572024  
11   A         6         0.459314  0.526363  
6    A         6         0.459314  0.550947  
3    B         7         0         0         
7    b         7         0.34766   0.34766   
10   b         7         0.34766   0.362664  
5    C         7         0.34766   0.362664  
---------------------------------
---------------------------------

1--2最大流值为：7
最可靠最大流分布概率为 ： 0.34766
状态划分算法消耗的内存为：4.96875
状态划分算法运行时间(ms) ： 18.8461
---------------------------------
流分布如下: 
---------------------------------
0   0   4   3   0   0   0   
0   0   0   0   0   0   0   
0   0   0   0   1   3   0   
0   0   0   0   3   0   0   
0   0   0   0   0   0   4   
0   3   0   0   0   0   0   
0   4   0   0   0   0   0   
---------------------------------
关键边输出如下：
---------------------------------
1    A         3         0         0         
8    A         4         0.505176  0.505176  
9    A         4         0.559962  0.66944   
2    A         4         0.559962  0.700603  
4    A         6         0.458166  0.572024  
11   A         6         0.459314  0.526363  
6    A         6         0.459314  0.550947  
3    B         7         0         0         
7    b         7         0.34766   0.34766   
10   b         7         0.34766   0.362664  
5    C         7         0.34766   0.362664  
---------------------------------
---------------------------------

1--2最大流值为：7
最可靠最大流分布概率为 ： 0.34766
状态划分算法消耗的内存为：4.98438
状态划分算法运行时间(ms) ： 18.5907
---------------------------------
流分布如下: 
---------------------------------
0   0   4   3   0   0   0   
0   0   0   0   0   0   0   
0   0   0   0   1   3   0   
0   0   0   0   3   0   0   
0   0   0   0   0   0   4   
0   3   0   0   0   0   0   
0   4   0   0   0   0   0   
---------------------------------
关键边输出如下：
---------------------------------
1    A         3         0         0         
8    A         4         0.505176  0.505176  
9    A         4         0.559962  0.66944   
2    A         4         0.559962  0.700603  
4    A         6         0.458166  0.572024  
11   A         6         0.459314  0.526363  
6    A         6         0.459314  0.550947  
3    B         7         0         0         
7    b         7         0.34766   0.34766   
10   b         7         0.34766   0.362664  
5    C         7         0.34766   0.362664  
---------------------------------
---------------------------------

1--2最大流值为：7
最可靠最大流分布概率为 ： 0.34766
状态划分算法消耗的内存为：4.97656
状态划分算法运行时间(ms) ： 18.8301
---------------------------------
流分布如下: 
---------------------------------
0   0   4   3   0   0   0   
0   0   0   0   0   0   0   
0   0   0   0   1   3   0   
0   0   0   0   3   0   0   
0   0   0   0   0   0   4   
0   3   0   0   0   0   0   
0   4   0   0   0   0   0   
---------------------------------
关键边输出如下：
---------------------------------
1    A         3         0         0         
8    A         4         0.505176  0.505176  
9    A         4         0.559962  0.66944   
2    A         4         0.559962  0.700603  
4    A         6         0.458166  0.572024  
11   A         6         0.459314  0.526363  
6    A         6         0.459314  0.550947  
3    B         7         0         0         
7    b         7         0.34766   0.34766   
10   b         7         0.34766   0.362664  
5    C         7         0.34766   0.362664  
---------------------------------
---------------------------------

1--2最大流值为：7
最可靠最大流分布概率为 ： 0.34766
状态划分算法消耗的内存为：20.793
状态划分算法运行时间(ms) ： 18.9071
---------------------------------
流分布如下: 
---------------------------------
0   0   4   3   0   0   0   
0   0   0   0   0   0   0   
0   0   0   0   1   3   0   
0   0   0   0   3   0   0   
0   0   0   0   0   0   4   
0   3   0   0   0   0   0   
0   4   0   0   0   0   0   
---------------------------------
关键边输出如下：
---------------------------------
1    A         3         0         0         
8    A         4         0.505176  0.505176  
9    A         4         0.559962  0.66944   
2    A         4         0.559962  0.700603  
4    A         6         0.458166  0.572024  
11   A         6         0.459314  0.526363  
6    A         6         0.459314  0.550947  
3    B         7         0         0         
7    b         7         0.34766   0.34766   
10   b         7         0.34766   0.362664  
5    C         7         0.34766   0.362664  
---------------------------------
---------------------------------

1--2最大流值为：7
最可靠最大流分布概率为 ： 0.34766
状态划分算法消耗的内存为：20.7969
状态划分算法运行时间(ms) ： 18.9771
---------------------------------
流分布如下: 
---------------------------------
0   0   4   3   0   0   0   
0   0   0   0   0   0   0   
0   0   0   0   1   3   0   
0   0   0   0   3   0   0   
0   0   0   0   0   0   4   
0   3   0   0   0   0   0   
0   4   0   0   0   0   0   
---------------------------------
关键边输出如下：
---------------------------------
1    A         3         0         0         
8    A         4         0.505176  0.505176  
9    A         4         0.559962  0.66944   
2    A         4         0.559962  0.700603  
4    A         6         0.458166  0.572024  
11   A         6         0.459314  0.526363  
6    A         6         0.459314  0.550947  
3    B         7         0         0         
7    b         7         0.34766   0.34766   
10   b         7         0.34766   0.362664  
5    C         7         0.34766   0.362664  
---------------------------------
---------------------------------

1--2最大流值为：7
最可靠最大流分布概率为 ： 0.34766
状态划分算法消耗的内存为：20.7813
状态划分算法运行时间(ms) ： 18.7139
---------------------------------
流分布如下: 
---------------------------------
0   0   4   3   0   0   0   
0   0   0   0   0   0   0   
0   0   0   0   1   3   0   
0   0   0   0   3   0   0   
0   0   0   0   0   0   4   
0   3   0   0   0   0   0   
0   4   0   0   0   0   0   
---------------------------------
关键边输出如下：
---------------------------------
1    A         3         0         0         
8    A         4         0.505176  0.505176  
9    A         4         0.559962  0.66944   
2    A         4         0.559962  0.700603  
4    A         6         0.458166  0.572024  
11   A         6         0.459314  0.526363  
6    A         6         0.459314  0.550947  
3    B         7         0         0         
7    b         7         0.34766   0.34766   
10   b         7         0.34766   0.362664  
5    C         7         0.34766   0.362664  
---------------------------------
---------------------------------

1--2最大流值为：7
最可靠最大流分布概率为 ： 0.34766
状态划分算法消耗的内存为：4.96875
状态划分算法运行时间(ms) ： 19.0345
---------------------------------
流分布如下: 
---------------------------------
0   0   4   3   0   0   0   
0   0   0   0   0   0   0   
0   0   0   0   1   3   0   
0   0   0   0   3   0   0   
0   0   0   0   0   0   4   
0   3   0   0   0   0   0   
0   4   0   0   0   0   0   
---------------------------------
关键边输出如下：
---------------------------------
1    A         3         0         0         
8    A         4         0.505176  0.505176  
9    A         4         0.559962  0.66944   
2    A         4         0.559962  0.700603  
4    A         6         0.458166  0.572024  
11   A         6         0.459314  0.526363  
6    A         6         0.459314  0.550947  
3    B         7         0         0         
7    b         7         0.34766   0.34766   
10   b         7         0.34766   0.362664  
5    C         7         0.34766   0.362664  
---------------------------------
---------------------------------

1--2最大流值为：7
最可靠最大流分布概率为 ： 0.34766
状态划分算法消耗的内存为：20.793
状态划分算法运行时间(ms) ： 19.3517
---------------------------------
流分布如下: 
---------------------------------
0   0   4   3   0   0   0   
0   0   0   0   0   0   0   
0   0   0   0   1   3   0   
0   0   0   0   3   0   0   
0   0   0   0   0   0   4   
0   3   0   0   0   0   0   
0   4   0   0   0   0   0   
---------------------------------
关键边输出如下：
---------------------------------
1    A         3         0         0         
8    A         4         0.505176  0.505176  
9    A         4         0.559962  0.66944   
2    A         4         0.559962  0.700603  
4    A         6         0.458166  0.572024  
11   A         6         0.459314  0.526363  
6    A         6         0.459314  0.550947  
3    B         7         0         0         
7    b         7         0.34766   0.34766   
10   b         7         0.34766   0.362664  
5    C         7         0.34766   0.362664  
---------------------------------
---------------------------------

1--2最大流值为：7
最可靠最大流分布概率为 ： 0.34766
状态划分算法消耗的内存为：20.793
状态划分算法运行时间(ms) ： 19.0592
---------------------------------
流分布如下: 
---------------------------------
0   0   4   3   0   0   0   
0   0   0   0   0   0   0   
0   0   0   0   1   3   0   
0   0   0   0   3   0   0   
0   0   0   0   0   0   4   
0   3   0   0   0   0   0   
0   4   0   0   0   0   0   
---------------------------------
关键边输出如下：
---------------------------------
1    A         3         0         0         
8    A         4         0.505176  0.505176  
9    A         4         0.559962  0.66944   
2    A         4         0.559962  0.700603  
4    A         6         0.458166  0.572024  
11   A         6         0.459314  0.526363  
6    A         6         0.459314  0.550947  
3    B         7         0         0         
7    b         7         0.34766   0.34766   
10   b         7         0.34766   0.362664  
5    C         7         0.34766   0.362664  
---------------------------------
---------------------------------

1--2最大流值为：7
最可靠最大流分布概率为 ： 0.34766
状态划分算法消耗的内存为：20.7969
状态划分算法运行时间(ms) ： 18.8035
---------------------------------
流分布如下: 
---------------------------------
0   0   4   3   0   0   0   
0   0   0   0   0   0   0   
0   0   0   0   1   3   0   
0   0   0   0   3   0   0   
0   0   0   0   0   0   4   
0   3   0   0   0   0   0   
0   4   0   0   0   0   0   
---------------------------------
关键边输出如下：
---------------------------------
1    A         3         0         0         
8    A         4         0.505176  0.505176  
9    A         4         0.559962  0.66944   
2    A         4         0.559962  0.700603  
4    A         6         0.458166  0.572024  
11   A         6         0.459314  0.526363  
6    A         6         0.459314  0.550947  
3    B         7         0         0         
7    b         7         0.34766   0.34766   
10   b         7         0.34766   0.362664  
5    C         7         0.34766   0.362664  
---------------------------------
---------------------------------

1--2最大流值为：7
最可靠最大流分布概率为 ： 0.34766
状态划分算法消耗的内存为：20.7656
状态划分算法运行时间(ms) ： 19.2925
---------------------------------
流分布如下: 
---------------------------------
0   0   4   3   0   0   0   
0   0   0   0   0   0   0   
0   0   0   0   1   3   0   
0   0   0   0   3   0   0   
0   0   0   0   0   0   4   
0   3   0   0   0   0   0   
0   4   0   0   0   0   0   
---------------------------------
关键边输出如下：
---------------------------------
1    A         3         0         0         
8    A         4         0.505176  0.505176  
9    A         4         0.559962  0.66944   
2    A         4         0.559962  0.700603  
4    A         6         0.458166  0.572024  
11   A         6         0.459314  0.526363  
6    A         6         0.459314  0.550947  
3    B         7         0         0         
7    b         7         0.34766   0.34766   
10   b         7         0.34766   0.362664  
5    C         7         0.34766   0.362664  
---------------------------------
---------------------------------

