
 generation best average standard 
 number value fitness deviation 
 maxFlow:163 

    1, 0.005048, 0.005048, -1.#IND00 
    2, 0.005048, 0.004156, 0.000898 
    3, 0.007622, 0.003819, 0.001712 
    4, 0.007622, 0.003989, 0.001589 
    5, 0.008870, 0.003981, 0.002243 
    6, 0.010068, 0.004770, 0.002386 
    7, 0.010068, 0.005151, 0.002345 
    8, 0.010068, 0.004571, 0.002257 
    9, 0.010068, 0.005458, 0.002816 
   10, 0.010196, 0.004901, 0.002779 
   11, 0.010352, 0.004745, 0.002672 
   12, 0.012145, 0.004758, 0.002647 
   13, 0.012145, 0.005438, 0.002695 
   14, 0.012145, 0.005210, 0.002907 
   15, 0.012145, 0.007000, 0.003820 
   16, 0.012637, 0.007449, 0.003374 
   17, 0.012637, 0.006502, 0.003004 
   18, 0.012637, 0.006409, 0.002949 
   19, 0.012637, 0.005887, 0.002696 
   20, 0.012637, 0.006365, 0.002793 
   21, 0.012637, 0.007192, 0.002248 
   22, 0.012637, 0.006285, 0.002928 
   23, 0.015179, 0.006092, 0.003501 
   24, 0.015179, 0.006405, 0.003979 
   25, 0.015179, 0.006451, 0.003397 
   26, 0.015179, 0.008830, 0.004268 
   27, 0.015179, 0.007589, 0.003424 
   28, 0.015179, 0.007493, 0.003420 
   29, 0.015873, 0.007112, 0.003554 
   30, 0.015873, 0.007913, 0.003596 
   31, 0.015873, 0.009039, 0.004871 
   32, 0.015873, 0.009094, 0.004401 
   33, 0.021079, 0.009215, 0.004543 
   34, 0.021079, 0.009894, 0.005206 
   35, 0.021079, 0.009817, 0.006224 
   36, 0.021079, 0.009521, 0.005126 
   37, 0.021079, 0.013288, 0.006298 
   38, 0.021079, 0.014267, 0.005480 
   39, 0.021079, 0.011419, 0.004823 
   40, 0.021079, 0.011603, 0.005999 
   41, 0.021079, 0.013051, 0.005334 
   42, 0.021079, 0.012610, 0.005703 
   43, 0.022066, 0.012192, 0.004774 
   44, 0.022066, 0.011155, 0.004553 
   45, 0.022066, 0.010114, 0.003997 
   46, 0.022066, 0.011975, 0.005868 
   47, 0.022066, 0.011183, 0.004482 
   48, 0.022066, 0.009884, 0.004348 
   49, 0.022066, 0.009298, 0.005526 
   50, 0.023928, 0.011783, 0.007387 
   51, 0.023928, 0.013973, 0.006751 
   52, 0.023928, 0.014670, 0.006000 
   53, 0.023928, 0.014784, 0.005250 
   54, 0.023928, 0.013348, 0.005037 
   55, 0.023928, 0.012497, 0.005399 
   56, 0.023928, 0.012436, 0.006787 
   57, 0.023928, 0.011334, 0.006467 
   58, 0.023928, 0.013454, 0.007130 
   59, 0.023928, 0.012996, 0.006325 
   60, 0.023928, 0.012737, 0.004838 
   61, 0.023928, 0.012242, 0.004957 
   62, 0.023928, 0.011573, 0.005894 
   63, 0.023928, 0.010320, 0.005036 
   64, 0.023928, 0.012700, 0.004518 
   65, 0.023928, 0.010634, 0.004414 
   66, 0.023928, 0.012356, 0.005488 
   67, 0.023928, 0.011655, 0.006124 
   68, 0.023928, 0.013070, 0.005756 
   69, 0.023928, 0.012697, 0.006510 
   70, 0.023928, 0.012728, 0.006460 
   71, 0.023928, 0.013973, 0.005667 
   72, 0.023928, 0.013779, 0.005680 
   73, 0.023928, 0.012309, 0.005390 
   74, 0.023928, 0.013582, 0.006001 
   75, 0.023928, 0.012832, 0.005491 
   76, 0.023928, 0.014232, 0.006421 
   77, 0.023928, 0.014770, 0.005929 
   78, 0.023928, 0.013765, 0.005642 
   79, 0.023928, 0.014282, 0.005468 
   80, 0.023928, 0.014124, 0.005721 
   81, 0.023928, 0.013274, 0.005397 
   82, 0.023928, 0.012795, 0.005447 
   83, 0.023928, 0.013033, 0.005641 
   84, 0.023928, 0.010905, 0.005385 
   85, 0.023928, 0.014181, 0.007223 
   86, 0.023928, 0.014283, 0.006278 
   87, 0.023928, 0.013772, 0.004913 
   88, 0.023928, 0.012544, 0.005073 
   89, 0.023928, 0.011017, 0.004859 
   90, 0.023928, 0.011643, 0.006309 
   91, 0.023928, 0.010833, 0.005927 
   92, 0.023928, 0.013395, 0.005453 
   93, 0.023928, 0.013736, 0.006302 
   94, 0.023928, 0.013845, 0.006568 
   95, 0.023928, 0.015683, 0.006728 
   96, 0.023928, 0.015532, 0.006948 
   97, 0.023928, 0.015331, 0.006527 
   98, 0.023928, 0.014291, 0.004847 
   99, 0.023928, 0.013622, 0.005155 
  100, 0.023928, 0.012738, 0.006293 
  101, 0.023928, 0.010446, 0.006514 
  102, 0.023928, 0.009725, 0.005099 
  103, 0.023928, 0.014204, 0.006885 
  104, 0.023928, 0.015872, 0.005594 
  105, 0.023928, 0.013873, 0.005120 
  106, 0.023928, 0.012742, 0.006047 
  107, 0.023928, 0.012637, 0.005144 
  108, 0.023928, 0.012914, 0.006008 
  109, 0.023928, 0.012705, 0.005735 
  110, 0.023928, 0.013860, 0.005833 
  111, 0.023928, 0.012783, 0.005203 
  112, 0.023928, 0.014578, 0.004873 
  113, 0.023928, 0.013896, 0.006003 
  114, 0.023928, 0.012241, 0.004841 
  115, 0.023928, 0.011339, 0.006739 
  116, 0.023928, 0.014894, 0.006337 
  117, 0.023928, 0.014548, 0.006167 
  118, 0.023928, 0.013866, 0.005950 
  119, 0.023928, 0.012958, 0.006591 
  120, 0.023928, 0.011345, 0.005247 
  121, 0.023928, 0.012010, 0.006367 
  122, 0.023928, 0.013280, 0.006601 
  123, 0.023928, 0.012822, 0.005884 
  124, 0.023928, 0.011825, 0.006108 
  125, 0.024602, 0.012624, 0.006353 
  126, 0.024602, 0.014623, 0.005406 
  127, 0.024602, 0.013441, 0.005189 
  128, 0.024602, 0.015427, 0.005855 
  129, 0.024602, 0.012983, 0.006660 
  130, 0.024602, 0.013185, 0.005656 
  131, 0.024602, 0.013487, 0.005668 
  132, 0.024602, 0.015508, 0.005932 
  133, 0.024602, 0.014204, 0.005819 
  134, 0.024602, 0.011511, 0.004390 
  135, 0.024602, 0.010972, 0.006495 
  136, 0.024602, 0.012237, 0.006540 
  137, 0.024602, 0.012811, 0.007214 
  138, 0.024602, 0.014866, 0.006410 
  139, 0.024602, 0.014363, 0.005349 
  140, 0.024602, 0.012738, 0.004678 
  141, 0.024602, 0.013792, 0.005675 
  142, 0.024602, 0.012146, 0.005315 
  143, 0.024602, 0.013536, 0.006291 
  144, 0.024602, 0.012430, 0.005779 
  145, 0.024602, 0.011609, 0.006173 
  146, 0.024602, 0.014517, 0.007831 
  147, 0.024602, 0.013188, 0.006243 
  148, 0.024602, 0.012088, 0.006679 
  149, 0.024602, 0.013265, 0.006977 
  150, 0.024602, 0.013306, 0.006655 
  151, 0.024602, 0.011224, 0.005669 
  152, 0.024602, 0.012076, 0.006645 
  153, 0.024602, 0.012648, 0.005871 
  154, 0.024602, 0.014159, 0.006644 
  155, 0.024602, 0.017254, 0.007034 
  156, 0.024602, 0.013914, 0.005893 
  157, 0.024602, 0.015479, 0.006296 
  158, 0.024602, 0.013650, 0.005015 
  159, 0.024602, 0.013112, 0.006341 
  160, 0.024602, 0.013582, 0.006582 
  161, 0.024602, 0.011550, 0.006039 
  162, 0.024602, 0.013002, 0.007337 
  163, 0.024602, 0.012937, 0.005570 
  164, 0.024602, 0.014340, 0.006646 
  165, 0.024602, 0.012186, 0.006198 
  166, 0.024602, 0.013644, 0.006419 
  167, 0.024602, 0.013310, 0.006589 
  168, 0.024602, 0.012612, 0.006066 
  169, 0.024602, 0.012896, 0.007798 
  170, 0.024602, 0.014396, 0.005785 
  171, 0.024602, 0.013561, 0.007305 
  172, 0.024602, 0.012605, 0.006937 
  173, 0.024602, 0.013589, 0.008077 
  174, 0.024602, 0.014619, 0.008003 
  175, 0.024602, 0.015217, 0.007347 
  176, 0.024602, 0.013752, 0.006100 
  177, 0.024602, 0.013488, 0.005803 
  178, 0.024602, 0.013000, 0.005466 
  179, 0.024602, 0.011001, 0.005780 
  180, 0.024602, 0.009178, 0.004057 
  181, 0.024602, 0.010685, 0.007327 
  182, 0.024602, 0.011169, 0.006055 
  183, 0.024602, 0.013199, 0.006074 
  184, 0.024602, 0.014354, 0.006296 
  185, 0.024602, 0.014236, 0.005702 
  186, 0.024602, 0.011031, 0.004752 
  187, 0.024602, 0.010988, 0.006355 
  188, 0.024602, 0.011619, 0.007102 
  189, 0.024602, 0.012265, 0.005765 
  190, 0.024602, 0.010933, 0.006167 
  191, 0.024602, 0.013485, 0.005442 
  192, 0.024602, 0.013696, 0.005546 
  193, 0.024602, 0.015111, 0.005523 
  194, 0.024602, 0.013015, 0.005028 
  195, 0.024602, 0.013370, 0.006294 
  196, 0.024602, 0.012722, 0.005199 
  197, 0.024602, 0.013596, 0.006761 
  198, 0.024602, 0.013873, 0.006564 
  199, 0.024602, 0.014228, 0.006907 
  200, 0.024602, 0.014050, 0.006891 
  201, 0.024602, 0.014252, 0.005729 
  202, 0.024602, 0.013502, 0.005235 
  203, 0.024602, 0.015358, 0.005630 
  204, 0.024602, 0.014268, 0.005781 
  205, 0.024602, 0.012809, 0.005609 
  206, 0.024602, 0.014861, 0.005698 
  207, 0.024602, 0.013117, 0.004621 
  208, 0.024602, 0.011868, 0.005027 
  209, 0.024602, 0.013243, 0.007013 
  210, 0.024602, 0.013319, 0.007209 
  211, 0.024602, 0.012241, 0.005070 
  212, 0.024602, 0.012011, 0.005067 
  213, 0.024602, 0.013984, 0.006301 
  214, 0.024602, 0.014837, 0.004799 
  215, 0.024602, 0.014684, 0.005806 
  216, 0.024602, 0.013705, 0.005568 
  217, 0.024602, 0.014693, 0.006296 
  218, 0.024602, 0.015960, 0.006827 
  219, 0.024602, 0.015271, 0.006102 
  220, 0.024602, 0.015372, 0.007102 
  221, 0.024602, 0.014747, 0.005894 
  222, 0.024602, 0.014671, 0.005440 
  223, 0.024602, 0.013228, 0.005048 
  224, 0.024602, 0.013346, 0.004710 
  225, 0.024602, 0.013282, 0.006163 
  226, 0.024602, 0.013169, 0.006378 
  227, 0.024602, 0.014050, 0.007247 
  228, 0.024602, 0.013318, 0.006441 
  229, 0.024602, 0.013665, 0.006002 
  230, 0.024602, 0.012918, 0.005668 
  231, 0.024602, 0.013999, 0.005183 
  232, 0.024602, 0.011390, 0.005361 
  233, 0.024602, 0.013235, 0.006257 
  234, 0.024602, 0.013162, 0.005366 
  235, 0.024602, 0.012605, 0.006136 
  236, 0.024602, 0.012715, 0.005800 
  237, 0.024602, 0.013194, 0.005815 
  238, 0.024602, 0.014641, 0.006714 
  239, 0.024602, 0.015477, 0.006876 
  240, 0.024602, 0.013503, 0.006385 
  241, 0.024602, 0.014323, 0.006060 
  242, 0.024602, 0.013335, 0.006867 
  243, 0.024602, 0.012459, 0.005834 
  244, 0.024602, 0.015398, 0.006247 
  245, 0.024602, 0.012672, 0.006304 
  246, 0.024602, 0.012457, 0.006294 
  247, 0.024602, 0.012866, 0.005617 
  248, 0.024602, 0.015697, 0.006294 
  249, 0.024602, 0.015297, 0.006108 
  250, 0.024602, 0.015412, 0.006360 
  251, 0.024602, 0.016731, 0.004971 
  252, 0.024602, 0.016604, 0.005707 
  253, 0.024602, 0.014359, 0.004871 
  254, 0.024602, 0.012079, 0.004333 
  255, 0.024602, 0.012670, 0.004566 
  256, 0.024602, 0.012978, 0.006561 
  257, 0.024602, 0.014559, 0.005894 
  258, 0.024602, 0.014930, 0.004199 
  259, 0.024602, 0.013530, 0.005745 
  260, 0.024602, 0.013447, 0.006029 
  261, 0.024602, 0.014476, 0.006982 
  262, 0.024602, 0.012581, 0.006452 
  263, 0.024602, 0.009401, 0.004434 
  264, 0.024602, 0.010325, 0.005704 
  265, 0.024602, 0.012244, 0.006690 
  266, 0.024602, 0.012652, 0.005486 
  267, 0.024602, 0.011529, 0.006537 
  268, 0.024602, 0.012589, 0.005398 
  269, 0.024602, 0.011608, 0.004790 
  270, 0.024602, 0.010391, 0.005625 
  271, 0.024602, 0.011576, 0.007184 
  272, 0.024602, 0.013268, 0.007357 
  273, 0.024602, 0.013403, 0.006407 
  274, 0.024602, 0.014293, 0.005862 
  275, 0.024602, 0.013765, 0.004922 
  276, 0.024602, 0.013953, 0.004498 
  277, 0.024602, 0.012427, 0.005260 
  278, 0.024602, 0.011809, 0.006732 
  279, 0.024602, 0.014035, 0.006873 
  280, 0.024602, 0.015164, 0.006856 
  281, 0.024602, 0.015471, 0.006375 
  282, 0.024602, 0.013728, 0.006095 
  283, 0.024602, 0.014359, 0.005684 
  284, 0.024602, 0.012607, 0.005870 
  285, 0.024602, 0.013073, 0.005872 
  286, 0.024602, 0.014018, 0.006997 
  287, 0.024602, 0.015003, 0.006325 
  288, 0.024602, 0.013783, 0.007499 
  289, 0.024602, 0.015475, 0.005718 
  290, 0.024602, 0.013721, 0.004881 
  291, 0.024602, 0.012637, 0.005326 
  292, 0.024602, 0.013083, 0.006517 
  293, 0.024602, 0.012462, 0.005598 
  294, 0.024602, 0.015063, 0.006432 
  295, 0.024602, 0.014296, 0.004864 
  296, 0.024602, 0.013851, 0.005147 
  297, 0.024602, 0.012896, 0.005195 
  298, 0.024602, 0.013511, 0.005557 
  299, 0.024602, 0.012311, 0.005606 
  300, 0.024602, 0.011112, 0.004056 
  301, 0.024602, 0.013304, 0.006560 
  302, 0.024602, 0.014423, 0.006464 
  303, 0.024602, 0.013850, 0.005239 
  304, 0.024602, 0.014175, 0.005808 
  305, 0.024602, 0.012757, 0.006122 
  306, 0.024602, 0.014366, 0.006082 
  307, 0.024602, 0.012326, 0.006287 
  308, 0.024602, 0.013634, 0.006945 
  309, 0.024602, 0.013987, 0.005763 
  310, 0.024602, 0.014958, 0.006172 
  311, 0.024602, 0.014283, 0.007469 
  312, 0.024602, 0.014664, 0.005196 
  313, 0.024602, 0.013774, 0.006053 
  314, 0.024602, 0.013346, 0.006276 
  315, 0.024602, 0.011843, 0.005465 
  316, 0.024602, 0.012194, 0.006663 
  317, 0.024602, 0.011590, 0.005836 
  318, 0.024602, 0.013038, 0.007031 
  319, 0.024602, 0.011983, 0.006606 
  320, 0.024602, 0.011136, 0.006275 
  321, 0.024602, 0.012986, 0.006438 
  322, 0.024602, 0.013829, 0.006131 
  323, 0.024602, 0.011059, 0.005899 
  324, 0.024602, 0.012684, 0.005862 
  325, 0.024602, 0.012440, 0.005752 
  326, 0.024602, 0.011779, 0.006162 
  327, 0.024602, 0.011029, 0.005520 
  328, 0.024602, 0.012404, 0.007116 
  329, 0.024602, 0.015929, 0.006301 
  330, 0.024602, 0.015331, 0.006061 
  331, 0.024602, 0.015844, 0.006818 
  332, 0.024602, 0.014304, 0.005428 
  333, 0.024602, 0.014697, 0.006035 
  334, 0.024602, 0.013906, 0.005620 
  335, 0.024602, 0.012098, 0.005737 
  336, 0.024602, 0.012027, 0.005335 
  337, 0.024602, 0.014979, 0.005316 
  338, 0.024602, 0.012825, 0.005693 
  339, 0.024602, 0.014782, 0.006540 
  340, 0.024602, 0.013815, 0.006328 
  341, 0.024602, 0.013625, 0.006340 
  342, 0.024602, 0.015907, 0.005761 
  343, 0.024602, 0.014149, 0.005218 
  344, 0.024602, 0.013422, 0.006061 
  345, 0.024602, 0.014578, 0.006870 
  346, 0.024602, 0.012311, 0.005434 
  347, 0.024602, 0.011997, 0.005796 
  348, 0.024602, 0.011462, 0.005503 
  349, 0.024602, 0.010463, 0.004800 
  350, 0.024602, 0.011408, 0.006084 
  351, 0.024602, 0.012801, 0.004808 
  352, 0.024602, 0.014329, 0.006318 
  353, 0.024602, 0.013883, 0.005674 
  354, 0.024602, 0.012309, 0.005489 
  355, 0.024602, 0.012056, 0.006025 
  356, 0.024602, 0.012583, 0.007644 
  357, 0.024602, 0.016734, 0.007289 
  358, 0.024602, 0.016997, 0.006987 
  359, 0.024602, 0.016477, 0.006669 
  360, 0.024602, 0.015026, 0.006194 
  361, 0.024602, 0.015060, 0.006913 
  362, 0.024602, 0.013042, 0.005777 
  363, 0.024602, 0.015482, 0.007089 
  364, 0.024602, 0.012710, 0.005193 
  365, 0.024602, 0.011660, 0.004774 
  366, 0.024602, 0.012872, 0.007100 
  367, 0.024602, 0.012685, 0.006447 
  368, 0.024602, 0.011335, 0.005018 
  369, 0.024602, 0.011690, 0.006195 
  370, 0.024602, 0.011001, 0.005693 
  371, 0.024602, 0.012534, 0.006299 
  372, 0.024602, 0.011927, 0.005735 
  373, 0.024602, 0.012793, 0.007165 
  374, 0.024602, 0.013339, 0.006317 
  375, 0.024602, 0.012362, 0.005970 
  376, 0.024602, 0.014828, 0.008227 
  377, 0.024602, 0.016093, 0.006208 
  378, 0.024602, 0.014411, 0.005426 
  379, 0.024602, 0.014003, 0.005319 
  380, 0.024602, 0.012948, 0.005519 
  381, 0.024602, 0.013402, 0.006806 
  382, 0.024602, 0.012332, 0.004833 
  383, 0.024602, 0.013892, 0.005605 
  384, 0.024602, 0.012099, 0.005727 
  385, 0.024602, 0.011265, 0.006299 
  386, 0.024602, 0.010851, 0.005801 
  387, 0.024602, 0.011485, 0.005698 
  388, 0.024602, 0.011666, 0.005609 
  389, 0.024602, 0.010079, 0.005710 
  390, 0.024602, 0.011282, 0.006899 
  391, 0.024602, 0.012972, 0.007188 
  392, 0.024602, 0.012949, 0.006288 
  393, 0.024602, 0.013251, 0.005389 
  394, 0.024602, 0.013556, 0.006490 
  395, 0.024602, 0.014571, 0.006010 
  396, 0.024602, 0.015742, 0.006419 
  397, 0.024602, 0.012096, 0.005688 
  398, 0.024602, 0.012178, 0.005826 
  399, 0.024602, 0.014231, 0.005837 
  400, 0.024602, 0.014159, 0.006083 
  401, 0.024602, 0.014854, 0.006286 
  402, 0.024602, 0.012088, 0.005625 
  403, 0.024602, 0.011508, 0.007072 
  404, 0.024602, 0.010873, 0.006015 
  405, 0.024602, 0.012105, 0.006461 
  406, 0.024602, 0.012988, 0.006342 
  407, 0.024602, 0.013042, 0.006969 
  408, 0.024602, 0.014785, 0.006054 
  409, 0.024602, 0.015495, 0.006686 
  410, 0.024602, 0.012923, 0.006309 
  411, 0.024602, 0.013099, 0.006525 
  412, 0.024602, 0.014299, 0.007275 
  413, 0.024602, 0.014834, 0.006207 
  414, 0.024602, 0.012954, 0.005773 
  415, 0.024602, 0.013969, 0.005148 
  416, 0.024602, 0.014608, 0.005179 
  417, 0.024602, 0.013264, 0.006558 
  418, 0.024602, 0.013602, 0.005947 
  419, 0.024602, 0.013041, 0.006513 
  420, 0.024602, 0.013109, 0.006357 
  421, 0.024602, 0.012583, 0.006311 
  422, 0.024602, 0.013437, 0.007057 
  423, 0.024602, 0.010953, 0.006148 
  424, 0.024602, 0.010192, 0.005657 
  425, 0.024602, 0.010611, 0.005455 
  426, 0.024602, 0.012003, 0.006205 
  427, 0.024602, 0.011093, 0.004677 
  428, 0.024602, 0.010999, 0.005301 
  429, 0.024602, 0.013203, 0.007381 
  430, 0.024602, 0.011962, 0.006721 
  431, 0.024602, 0.012695, 0.007458 
  432, 0.024602, 0.014637, 0.006140 
  433, 0.024602, 0.011808, 0.005705 
  434, 0.024602, 0.012752, 0.006952 
  435, 0.024602, 0.014605, 0.006094 
  436, 0.024602, 0.012434, 0.005621 
  437, 0.024602, 0.011855, 0.005203 
  438, 0.024602, 0.011831, 0.005715 
  439, 0.024602, 0.012179, 0.006263 
  440, 0.024602, 0.011657, 0.006327 
  441, 0.024602, 0.013147, 0.006249 
  442, 0.024602, 0.013430, 0.006945 
  443, 0.024602, 0.014213, 0.006466 
  444, 0.024602, 0.012817, 0.005315 
  445, 0.024602, 0.013370, 0.005671 
  446, 0.024602, 0.011305, 0.005467 
  447, 0.024602, 0.011040, 0.006026 
  448, 0.024602, 0.012637, 0.006345 
  449, 0.024602, 0.013529, 0.006427 
  450, 0.024602, 0.014184, 0.005937 
  451, 0.024602, 0.013619, 0.005546 
  452, 0.024602, 0.013053, 0.006677 
  453, 0.024602, 0.014971, 0.006667 
  454, 0.024602, 0.014697, 0.006074 
  455, 0.024602, 0.013232, 0.005881 
  456, 0.024602, 0.011753, 0.005122 
  457, 0.024602, 0.012779, 0.006438 
  458, 0.024602, 0.011640, 0.006304 
  459, 0.024602, 0.011482, 0.005716 
  460, 0.024602, 0.010430, 0.005118 
  461, 0.024602, 0.012480, 0.006621 
  462, 0.024602, 0.011273, 0.006260 
  463, 0.024602, 0.015223, 0.007090 
  464, 0.024602, 0.018170, 0.006442 
  465, 0.024602, 0.016909, 0.005922 
  466, 0.024602, 0.014798, 0.006396 
  467, 0.024602, 0.014414, 0.007438 
  468, 0.024602, 0.014135, 0.006726 
  469, 0.024602, 0.015620, 0.006091 
  470, 0.024602, 0.013843, 0.005926 
  471, 0.024602, 0.012277, 0.005942 
  472, 0.024602, 0.012502, 0.006736 
  473, 0.024602, 0.012190, 0.006641 
  474, 0.024602, 0.014497, 0.006636 
  475, 0.024602, 0.014927, 0.005733 
  476, 0.024602, 0.013150, 0.005883 
  477, 0.024602, 0.012276, 0.006441 
  478, 0.024602, 0.008538, 0.005020 
  479, 0.024602, 0.011461, 0.007119 
  480, 0.024602, 0.011562, 0.005891 
  481, 0.024602, 0.012432, 0.005876 
  482, 0.024602, 0.012421, 0.005391 
  483, 0.024602, 0.012425, 0.006403 
  484, 0.024602, 0.013778, 0.006503 
  485, 0.024602, 0.013687, 0.007010 
  486, 0.024602, 0.012661, 0.006137 
  487, 0.024602, 0.012145, 0.006986 
  488, 0.024602, 0.009688, 0.005376 
  489, 0.024602, 0.010654, 0.006038 
  490, 0.024602, 0.010790, 0.006538 
  491, 0.024602, 0.013440, 0.004728 
  492, 0.024602, 0.011626, 0.005013 
  493, 0.024602, 0.012700, 0.005948 
  494, 0.024602, 0.013960, 0.006603 
  495, 0.024602, 0.012753, 0.005478 
  496, 0.024602, 0.012293, 0.005558 
  497, 0.024602, 0.012421, 0.005031 
  498, 0.024602, 0.011821, 0.005283 
  499, 0.024602, 0.013380, 0.006181 
  500, 0.024602, 0.011582, 0.006454 
  501, 0.024602, 0.012054, 0.004631 
  502, 0.024602, 0.013217, 0.006280 
  503, 0.024602, 0.011755, 0.006519 
  504, 0.024602, 0.012425, 0.006065 
  505, 0.024602, 0.011324, 0.005959 
  506, 0.024602, 0.010285, 0.006003 
  507, 0.024602, 0.012489, 0.007110 
  508, 0.024602, 0.011744, 0.005006 
  509, 0.024602, 0.011779, 0.006332 
  510, 0.024602, 0.013207, 0.006537 
  511, 0.024602, 0.015161, 0.004976 
  512, 0.024602, 0.012848, 0.005966 
  513, 0.024602, 0.013581, 0.005695 
  514, 0.024602, 0.012560, 0.005600 
  515, 0.024602, 0.011026, 0.004645 
  516, 0.024602, 0.010543, 0.004752 
  517, 0.024602, 0.012204, 0.007716 
  518, 0.024602, 0.014575, 0.008319 
  519, 0.024602, 0.015689, 0.006983 
  520, 0.024602, 0.014322, 0.005831 
  521, 0.024602, 0.013648, 0.005999 
  522, 0.024602, 0.013455, 0.005345 
  523, 0.024602, 0.014278, 0.006826 
  524, 0.024602, 0.015803, 0.005892 
  525, 0.024602, 0.015497, 0.004850 
  526, 0.024602, 0.015429, 0.005765 
  527, 0.024602, 0.012826, 0.005096 
  528, 0.024602, 0.012189, 0.004562 
  529, 0.024602, 0.012528, 0.005630 
  530, 0.024602, 0.014817, 0.004306 
  531, 0.024602, 0.014931, 0.006644 
  532, 0.024602, 0.014817, 0.006125 
  533, 0.024602, 0.013054, 0.005956 
  534, 0.024602, 0.014214, 0.006081 
  535, 0.024602, 0.013641, 0.005292 
  536, 0.024602, 0.013227, 0.006198 
  537, 0.024602, 0.012701, 0.006746 
  538, 0.024602, 0.012429, 0.007222 
  539, 0.024602, 0.012579, 0.006604 
  540, 0.024602, 0.013955, 0.006147 
  541, 0.024602, 0.013883, 0.004477 
  542, 0.024602, 0.014764, 0.006180 
  543, 0.024602, 0.014779, 0.006211 
  544, 0.024602, 0.014836, 0.005530 
  545, 0.024602, 0.014513, 0.006372 
  546, 0.024602, 0.013653, 0.004373 
  547, 0.024602, 0.012152, 0.005271 
  548, 0.024602, 0.013672, 0.007368 
  549, 0.024602, 0.012644, 0.006555 
  550, 0.024602, 0.012624, 0.007735 
  551, 0.024602, 0.012496, 0.005933 
  552, 0.024602, 0.013534, 0.007018 
  553, 0.024602, 0.014445, 0.006205 
  554, 0.024602, 0.014410, 0.005609 
  555, 0.024602, 0.015916, 0.005857 
  556, 0.024602, 0.014422, 0.005500 
  557, 0.024602, 0.014768, 0.004581 
  558, 0.024602, 0.013992, 0.005866 
  559, 0.024602, 0.015321, 0.006375 
  560, 0.024602, 0.015232, 0.007499 
  561, 0.024602, 0.013353, 0.006351 
  562, 0.024602, 0.012196, 0.005382 
  563, 0.024602, 0.011429, 0.005269 
  564, 0.024602, 0.013380, 0.006267 
  565, 0.024602, 0.012409, 0.005242 
  566, 0.024602, 0.013966, 0.006737 
  567, 0.024602, 0.014922, 0.006202 
  568, 0.024602, 0.012689, 0.005323 
  569, 0.024602, 0.013091, 0.007126 
  570, 0.024602, 0.013016, 0.006258 
  571, 0.024602, 0.012593, 0.006386 
  572, 0.024602, 0.011844, 0.006125 
  573, 0.024602, 0.011971, 0.007421 
  574, 0.024602, 0.012682, 0.006867 
  575, 0.024602, 0.013208, 0.006448 
  576, 0.024602, 0.014404, 0.006794 
  577, 0.024602, 0.013778, 0.006126 
  578, 0.024602, 0.015474, 0.007014 
  579, 0.024602, 0.015439, 0.006088 
  580, 0.024602, 0.014391, 0.006608 
  581, 0.024602, 0.014672, 0.005917 
  582, 0.024602, 0.013649, 0.005623 
  583, 0.024602, 0.013697, 0.006944 
  584, 0.024602, 0.013595, 0.006806 
  585, 0.024602, 0.015530, 0.006420 
  586, 0.024602, 0.014845, 0.007276 
  587, 0.024602, 0.016137, 0.006936 
  588, 0.024602, 0.016607, 0.006273 
  589, 0.024602, 0.014344, 0.005812 
  590, 0.024602, 0.013818, 0.006524 
  591, 0.024602, 0.013953, 0.006873 
  592, 0.024602, 0.014753, 0.006237 
  593, 0.024602, 0.015985, 0.004964 
  594, 0.024602, 0.015016, 0.005660 
  595, 0.024602, 0.011921, 0.004684 
  596, 0.024602, 0.011746, 0.005640 
  597, 0.024602, 0.010762, 0.006842 
  598, 0.024602, 0.011185, 0.005485 
  599, 0.024602, 0.011683, 0.006285 
  600, 0.024602, 0.011519, 0.004900 
  601, 0.024602, 0.010774, 0.004475 
  602, 0.024602, 0.013763, 0.006603 
  603, 0.024602, 0.014804, 0.007173 
  604, 0.024602, 0.014694, 0.005997 
  605, 0.024602, 0.015629, 0.006827 
  606, 0.024602, 0.017106, 0.005617 
  607, 0.024602, 0.016068, 0.004501 
  608, 0.024602, 0.015061, 0.005492 
  609, 0.024602, 0.014674, 0.005426 
  610, 0.024602, 0.013061, 0.004932 
  611, 0.024602, 0.012463, 0.006166 
  612, 0.024602, 0.012912, 0.006069 
  613, 0.024602, 0.012968, 0.004978 
  614, 0.024602, 0.014722, 0.006764 
  615, 0.024602, 0.014411, 0.005271 
  616, 0.024602, 0.011505, 0.005628 
  617, 0.024602, 0.012413, 0.006299 
  618, 0.024602, 0.013552, 0.005212 
  619, 0.024602, 0.013824, 0.006073 
  620, 0.024602, 0.013339, 0.006756 
  621, 0.024602, 0.012148, 0.006052 
  622, 0.024602, 0.012052, 0.005648 
  623, 0.024602, 0.013560, 0.007766 
  624, 0.024602, 0.017054, 0.006079 
  625, 0.024602, 0.015016, 0.005719 
  626, 0.024602, 0.014617, 0.006361 
  627, 0.024602, 0.012081, 0.004845 
  628, 0.024602, 0.013982, 0.006175 
  629, 0.024602, 0.011783, 0.006435 
  630, 0.024602, 0.014516, 0.006310 
  631, 0.024602, 0.014194, 0.006788 
  632, 0.024602, 0.014829, 0.005947 
  633, 0.024602, 0.012034, 0.005734 
  634, 0.024602, 0.012630, 0.006297 
  635, 0.024602, 0.014850, 0.007684 
  636, 0.024602, 0.018799, 0.006426 
  637, 0.024602, 0.015622, 0.005749 
  638, 0.024602, 0.012880, 0.005706 
  639, 0.024602, 0.013793, 0.006436 
  640, 0.024602, 0.012749, 0.005550 
  641, 0.024602, 0.013896, 0.005774 
  642, 0.024602, 0.014662, 0.005808 
  643, 0.024602, 0.013710, 0.005541 
  644, 0.024602, 0.013587, 0.005823 
  645, 0.024602, 0.012268, 0.005245 
  646, 0.024602, 0.013239, 0.006057 
  647, 0.024602, 0.013411, 0.005337 
  648, 0.024602, 0.013527, 0.006398 
  649, 0.024602, 0.013928, 0.005821 
  650, 0.024602, 0.015739, 0.005965 
  651, 0.024602, 0.013880, 0.005742 
  652, 0.024602, 0.014422, 0.005580 
  653, 0.024602, 0.016788, 0.006168 
  654, 0.024602, 0.016190, 0.006178 
  655, 0.024602, 0.015083, 0.006206 
  656, 0.024602, 0.016853, 0.006135 
  657, 0.024602, 0.015583, 0.005559 
  658, 0.024602, 0.015494, 0.005832 
  659, 0.024602, 0.014650, 0.005385 
  660, 0.024602, 0.013587, 0.006292 
  661, 0.024602, 0.014780, 0.006857 
  662, 0.024602, 0.014911, 0.006819 
  663, 0.024602, 0.016759, 0.007073 
  664, 0.024602, 0.018979, 0.005406 
  665, 0.024602, 0.015273, 0.005463 
  666, 0.024602, 0.016491, 0.005840 
  667, 0.024602, 0.013655, 0.004570 
  668, 0.024602, 0.013764, 0.005881 
  669, 0.024602, 0.013345, 0.006307 
  670, 0.024602, 0.014214, 0.006100 
  671, 0.024602, 0.014476, 0.005328 
  672, 0.024602, 0.012894, 0.006329 
  673, 0.024602, 0.011144, 0.005324 
  674, 0.024602, 0.011525, 0.005456 
  675, 0.024602, 0.010253, 0.005585 
  676, 0.024602, 0.011027, 0.006282 
  677, 0.024602, 0.011427, 0.006935 
  678, 0.024602, 0.012166, 0.007002 
  679, 0.024602, 0.013600, 0.006507 
  680, 0.024602, 0.012815, 0.006194 
  681, 0.024602, 0.012722, 0.005507 
  682, 0.024602, 0.014822, 0.006313 
  683, 0.024602, 0.013498, 0.005699 
  684, 0.024602, 0.016192, 0.006562 
  685, 0.024602, 0.013000, 0.006209 
  686, 0.024602, 0.013450, 0.007207 
  687, 0.024602, 0.011357, 0.005273 
  688, 0.024602, 0.012765, 0.007584 
  689, 0.024602, 0.012178, 0.007180 
  690, 0.024602, 0.010068, 0.006188 
  691, 0.024602, 0.013407, 0.008175 
  692, 0.024602, 0.014728, 0.005856 
  693, 0.024602, 0.013149, 0.006685 
  694, 0.024602, 0.016234, 0.006588 
  695, 0.024602, 0.015636, 0.005938 
  696, 0.024602, 0.012748, 0.005548 
  697, 0.024602, 0.013389, 0.006872 
  698, 0.024602, 0.013874, 0.005806 
  699, 0.024602, 0.014042, 0.005387 
  700, 0.024602, 0.012455, 0.004710 
  701, 0.024602, 0.012003, 0.004510 
  702, 0.024602, 0.013512, 0.005476 
  703, 0.024602, 0.014234, 0.005615 
  704, 0.024602, 0.013987, 0.006261 
  705, 0.024602, 0.015475, 0.006891 
  706, 0.024602, 0.014453, 0.006174 
  707, 0.024602, 0.012227, 0.005267 
  708, 0.024602, 0.012550, 0.006651 
  709, 0.024602, 0.012536, 0.006704 
  710, 0.024602, 0.014525, 0.005694 
  711, 0.024602, 0.014243, 0.005774 
  712, 0.024602, 0.012424, 0.006157 
  713, 0.024602, 0.014578, 0.007231 
  714, 0.024602, 0.013529, 0.006983 
  715, 0.024602, 0.013029, 0.006437 
  716, 0.024602, 0.013401, 0.007470 
  717, 0.024602, 0.014455, 0.008074 
  718, 0.024602, 0.012879, 0.006358 
  719, 0.024602, 0.013951, 0.007607 
  720, 0.024602, 0.013846, 0.006047 
  721, 0.024602, 0.013089, 0.006198 
  722, 0.024602, 0.014479, 0.006231 
  723, 0.024602, 0.014448, 0.005553 
  724, 0.024602, 0.015373, 0.006386 
  725, 0.024602, 0.016217, 0.006391 
  726, 0.024602, 0.013805, 0.005478 
  727, 0.024602, 0.012663, 0.006001 
  728, 0.024602, 0.011170, 0.005771 
  729, 0.024602, 0.012693, 0.006851 
  730, 0.024602, 0.012323, 0.006111 
  731, 0.024602, 0.011006, 0.005914 
  732, 0.024602, 0.011585, 0.007156 
  733, 0.024602, 0.012463, 0.006877 
  734, 0.024602, 0.012150, 0.005893 
  735, 0.024602, 0.012400, 0.007505 
  736, 0.024602, 0.014006, 0.007413 
  737, 0.024602, 0.013360, 0.006404 
  738, 0.024602, 0.014263, 0.006809 
  739, 0.024602, 0.016036, 0.007156 
  740, 0.024602, 0.011909, 0.005826 
  741, 0.024602, 0.012534, 0.005974 
  742, 0.024602, 0.012250, 0.005847 
  743, 0.024602, 0.011856, 0.006741 
  744, 0.024602, 0.012090, 0.005141 
  745, 0.024602, 0.011797, 0.005559 
  746, 0.024602, 0.013413, 0.007033 
  747, 0.024602, 0.015496, 0.006532 
  748, 0.024602, 0.014387, 0.006478 
  749, 0.024602, 0.011979, 0.004483 
  750, 0.024602, 0.013176, 0.006711 
  751, 0.024602, 0.015296, 0.006225 
  752, 0.024602, 0.013353, 0.006282 
  753, 0.024602, 0.013513, 0.006397 
  754, 0.024602, 0.010752, 0.005789 
  755, 0.024602, 0.011620, 0.006444 
  756, 0.024602, 0.014044, 0.006389 
  757, 0.024602, 0.014671, 0.006723 
  758, 0.024602, 0.014176, 0.006631 
  759, 0.024602, 0.015562, 0.006187 
  760, 0.024602, 0.015653, 0.006318 
  761, 0.024602, 0.015932, 0.006346 
  762, 0.024602, 0.015280, 0.005135 
  763, 0.024602, 0.013458, 0.005298 
  764, 0.024602, 0.014946, 0.005681 
  765, 0.024602, 0.012467, 0.006058 
  766, 0.024602, 0.012218, 0.005692 
  767, 0.024602, 0.013519, 0.006483 
  768, 0.024602, 0.011021, 0.004921 
  769, 0.024602, 0.012803, 0.005470 
  770, 0.024602, 0.011971, 0.006077 
  771, 0.024602, 0.013648, 0.006320 
  772, 0.024602, 0.012621, 0.005377 
  773, 0.024602, 0.013083, 0.005872 
  774, 0.024602, 0.011830, 0.006366 
  775, 0.024602, 0.011505, 0.005063 
  776, 0.024602, 0.011700, 0.006050 
  777, 0.024602, 0.012440, 0.006866 
  778, 0.024602, 0.013884, 0.007011 
  779, 0.024602, 0.013717, 0.007336 
  780, 0.024602, 0.014635, 0.007052 
  781, 0.024602, 0.016041, 0.006964 
  782, 0.024602, 0.017854, 0.005602 
  783, 0.024602, 0.015711, 0.005311 
  784, 0.024602, 0.014899, 0.005723 
  785, 0.024602, 0.015339, 0.005813 
  786, 0.024602, 0.013997, 0.006256 
  787, 0.024602, 0.014365, 0.004727 
  788, 0.024602, 0.014226, 0.005497 
  789, 0.024602, 0.012988, 0.005855 
  790, 0.024602, 0.011874, 0.005606 
  791, 0.024602, 0.011866, 0.006531 
  792, 0.024602, 0.014183, 0.007506 
  793, 0.024602, 0.014631, 0.006745 
  794, 0.024602, 0.013411, 0.006160 
  795, 0.024602, 0.012987, 0.006233 
  796, 0.024602, 0.011755, 0.006201 
  797, 0.024602, 0.011626, 0.005629 
  798, 0.024602, 0.012808, 0.006308 
  799, 0.024602, 0.015476, 0.006603 
  800, 0.024602, 0.013694, 0.005843 
  801, 0.024602, 0.014309, 0.007108 
  802, 0.024602, 0.014685, 0.006486 
  803, 0.024602, 0.013416, 0.005440 
  804, 0.024602, 0.012742, 0.005539 
  805, 0.024602, 0.013117, 0.005874 
  806, 0.024602, 0.014440, 0.006966 
  807, 0.024602, 0.012971, 0.006732 
  808, 0.024602, 0.012080, 0.005932 
  809, 0.024602, 0.014043, 0.006765 
  810, 0.024602, 0.013981, 0.006331 
  811, 0.024602, 0.013500, 0.005561 
  812, 0.024602, 0.014374, 0.006329 
  813, 0.024602, 0.013525, 0.006740 
  814, 0.024602, 0.014704, 0.006656 
  815, 0.024602, 0.013457, 0.005831 
  816, 0.024602, 0.015607, 0.006291 
  817, 0.024602, 0.012625, 0.004998 
  818, 0.024602, 0.013334, 0.005256 
  819, 0.024602, 0.013685, 0.006406 
  820, 0.024602, 0.011993, 0.006746 
  821, 0.024602, 0.012718, 0.006119 
  822, 0.024602, 0.014466, 0.006916 
  823, 0.024602, 0.013607, 0.006844 
  824, 0.024602, 0.015061, 0.006192 
  825, 0.024602, 0.013880, 0.005126 
  826, 0.024602, 0.011950, 0.005848 
  827, 0.024602, 0.013556, 0.007290 
  828, 0.024602, 0.012229, 0.005554 
  829, 0.024602, 0.013825, 0.005899 
  830, 0.024602, 0.011698, 0.005329 
  831, 0.024602, 0.014074, 0.005521 
  832, 0.024602, 0.012213, 0.005381 
  833, 0.024602, 0.013949, 0.007549 
  834, 0.024602, 0.014147, 0.006179 
  835, 0.024602, 0.013603, 0.006787 
  836, 0.024602, 0.012343, 0.006382 
  837, 0.024602, 0.013064, 0.004779 
  838, 0.024602, 0.013706, 0.005956 
  839, 0.024602, 0.013922, 0.006331 
  840, 0.024602, 0.013631, 0.005698 
  841, 0.024602, 0.013767, 0.004510 
  842, 0.024602, 0.013012, 0.006417 
  843, 0.024602, 0.013580, 0.005808 
  844, 0.024602, 0.012814, 0.005853 
  845, 0.024602, 0.013220, 0.006229 
  846, 0.024602, 0.011578, 0.005252 
  847, 0.024602, 0.010801, 0.005521 
  848, 0.024602, 0.011031, 0.007310 
  849, 0.024602, 0.012336, 0.007072 
  850, 0.024602, 0.013203, 0.006292 
  851, 0.024602, 0.012808, 0.005969 
  852, 0.024602, 0.014648, 0.006170 
  853, 0.024602, 0.013840, 0.005784 
  854, 0.024602, 0.012914, 0.005460 
  855, 0.024602, 0.011120, 0.004953 
  856, 0.024602, 0.010955, 0.004376 
  857, 0.024602, 0.012425, 0.007208 
  858, 0.024602, 0.010460, 0.005446 
  859, 0.024602, 0.010983, 0.005168 
  860, 0.024602, 0.012089, 0.006074 
  861, 0.024602, 0.012495, 0.005670 
  862, 0.024602, 0.013156, 0.005723 
  863, 0.024602, 0.013809, 0.006893 
  864, 0.024602, 0.015995, 0.006550 
  865, 0.024602, 0.014021, 0.005101 
  866, 0.024602, 0.011718, 0.005487 
  867, 0.024602, 0.012782, 0.006441 
  868, 0.024602, 0.013188, 0.006781 
  869, 0.024602, 0.016607, 0.006678 
  870, 0.024602, 0.013778, 0.005945 
  871, 0.024602, 0.012858, 0.005287 
  872, 0.024602, 0.012509, 0.005821 
  873, 0.024602, 0.014325, 0.006323 
  874, 0.024602, 0.013493, 0.005857 
  875, 0.024602, 0.012425, 0.004670 
  876, 0.024602, 0.013898, 0.006925 
  877, 0.024602, 0.013479, 0.006033 
  878, 0.024602, 0.016031, 0.006351 
  879, 0.024602, 0.015497, 0.006013 
  880, 0.024602, 0.015295, 0.006156 
  881, 0.024602, 0.013798, 0.005901 
  882, 0.024602, 0.013284, 0.004819 
  883, 0.024602, 0.013177, 0.006293 
  884, 0.024602, 0.011720, 0.006506 
  885, 0.024602, 0.013753, 0.006951 
  886, 0.024602, 0.013605, 0.006182 
  887, 0.024602, 0.012947, 0.007119 
  888, 0.024602, 0.012441, 0.006837 
  889, 0.024602, 0.015355, 0.007554 
  890, 0.024602, 0.015507, 0.006661 
  891, 0.024602, 0.015130, 0.006998 
  892, 0.024602, 0.014536, 0.006182 
  893, 0.024602, 0.013205, 0.006814 
  894, 0.024602, 0.013308, 0.006463 
  895, 0.024602, 0.011871, 0.005507 
  896, 0.024602, 0.012021, 0.007728 
  897, 0.024602, 0.015116, 0.007560 
  898, 0.024602, 0.016793, 0.005188 
  899, 0.024602, 0.017854, 0.006062 
  900, 0.024602, 0.018209, 0.005247 
  901, 0.024602, 0.015884, 0.006066 
  902, 0.024602, 0.015553, 0.005710 
  903, 0.024602, 0.015709, 0.005810 
  904, 0.024602, 0.014822, 0.005399 
  905, 0.024602, 0.013560, 0.005069 
  906, 0.024602, 0.011511, 0.005253 
  907, 0.024602, 0.012272, 0.005687 
  908, 0.024602, 0.013571, 0.006371 
  909, 0.024602, 0.012825, 0.006099 
  910, 0.024602, 0.014244, 0.005830 
  911, 0.024602, 0.013805, 0.006073 
  912, 0.024602, 0.013765, 0.006340 
  913, 0.024602, 0.014420, 0.006908 
  914, 0.024602, 0.015796, 0.006061 
  915, 0.024602, 0.014682, 0.006278 
  916, 0.024602, 0.013198, 0.005870 
  917, 0.024602, 0.012199, 0.006202 
  918, 0.024602, 0.012951, 0.005922 
  919, 0.024602, 0.012823, 0.005596 
  920, 0.024602, 0.013403, 0.007160 
  921, 0.024602, 0.014057, 0.007347 
  922, 0.024602, 0.014846, 0.006006 
  923, 0.024602, 0.017262, 0.006462 
  924, 0.024602, 0.011504, 0.004604 
  925, 0.024602, 0.013416, 0.006465 
  926, 0.024602, 0.012981, 0.006446 
  927, 0.024602, 0.013823, 0.006868 
  928, 0.024602, 0.013386, 0.005983 
  929, 0.024602, 0.013356, 0.005498 
  930, 0.024602, 0.014801, 0.006378 
  931, 0.024602, 0.014858, 0.006035 
  932, 0.024602, 0.013208, 0.006065 
  933, 0.024602, 0.013045, 0.006432 
  934, 0.024602, 0.011589, 0.005550 
  935, 0.024602, 0.012272, 0.006099 
  936, 0.024602, 0.010647, 0.005624 
  937, 0.024602, 0.015205, 0.007575 
  938, 0.024602, 0.015082, 0.005392 
  939, 0.024602, 0.015393, 0.005526 
  940, 0.024602, 0.015913, 0.004719 
  941, 0.024602, 0.015008, 0.005492 
  942, 0.024602, 0.012604, 0.004209 
  943, 0.024602, 0.012247, 0.006295 
  944, 0.024602, 0.009981, 0.005127 
  945, 0.024602, 0.012710, 0.006911 
  946, 0.024602, 0.012663, 0.006416 
  947, 0.024602, 0.012342, 0.005404 
  948, 0.024602, 0.011790, 0.006413 
  949, 0.024602, 0.012780, 0.006455 
  950, 0.024602, 0.011056, 0.004551 
  951, 0.024602, 0.012395, 0.005819 
  952, 0.024602, 0.012059, 0.005944 
  953, 0.024602, 0.011555, 0.006100 
  954, 0.024602, 0.011769, 0.005067 
  955, 0.024602, 0.012321, 0.006045 
  956, 0.024602, 0.015412, 0.005598 
  957, 0.024602, 0.013730, 0.005761 
  958, 0.024602, 0.014276, 0.005852 
  959, 0.024602, 0.012822, 0.006314 
  960, 0.024602, 0.012528, 0.006006 
  961, 0.024602, 0.013137, 0.007103 
  962, 0.024602, 0.013654, 0.005891 
  963, 0.024602, 0.014561, 0.005983 
  964, 0.024602, 0.015102, 0.005061 
  965, 0.024602, 0.014406, 0.005813 
  966, 0.024602, 0.012109, 0.006064 
  967, 0.024602, 0.012509, 0.005612 
  968, 0.024602, 0.012173, 0.005255 
  969, 0.024602, 0.012040, 0.006637 
  970, 0.024602, 0.011291, 0.005556 
  971, 0.024602, 0.012965, 0.004274 
  972, 0.024602, 0.012582, 0.004704 
  973, 0.024602, 0.013485, 0.006088 
  974, 0.024602, 0.012903, 0.005803 
  975, 0.024602, 0.014094, 0.005569 
  976, 0.024602, 0.014606, 0.005529 
  977, 0.024602, 0.012658, 0.006542 
  978, 0.024602, 0.014338, 0.007485 
  979, 0.024602, 0.012345, 0.005523 
  980, 0.024602, 0.011890, 0.005454 
  981, 0.024602, 0.011205, 0.003921 
  982, 0.024602, 0.011180, 0.005855 
  983, 0.024602, 0.010129, 0.005260 
  984, 0.024602, 0.012863, 0.006208 
  985, 0.024602, 0.014149, 0.006742 
  986, 0.024602, 0.013386, 0.007012 
  987, 0.024602, 0.013983, 0.007475 
  988, 0.024602, 0.014167, 0.006319 
  989, 0.024602, 0.010958, 0.005262 
  990, 0.024602, 0.011495, 0.005130 
  991, 0.024602, 0.011323, 0.005308 
  992, 0.024602, 0.012113, 0.006950 
  993, 0.024602, 0.012538, 0.005877 
  994, 0.024602, 0.012437, 0.006334 
  995, 0.024602, 0.013680, 0.006968 
  996, 0.024602, 0.011833, 0.004342 
  997, 0.024602, 0.011667, 0.005406 
  998, 0.024602, 0.011450, 0.005862 
  999, 0.024602, 0.012965, 0.007230 
 1000, 0.024602, 0.013924, 0.006723  
Execute time is:953.739123 ms


 Simulation completed

 Best member: 

 var(0) = 0
 var(1) = 0
 var(2) = 0
 var(3) = 0
 var(4) = 1
 var(5) = 0
 var(6) = 0
 var(7) = 0
 var(8) = 0
 var(9) = 1
 var(10) = 0
 var(11) = 0
 var(12) = 1
 var(13) = 0
 var(14) = 0
 var(15) = 1
 var(16) = 0
 var(17) = 0
 var(18) = 0
 var(19) = 1
 var(20) = 0
 var(21) = 0
 var(22) = 1
 var(23) = 1
 var(24) = 1
 var(25) = 0
 var(26) = 0
 var(27) = 0
 var(28) = 0
 var(29) = 0
 var(30) = 0
 var(31) = 0
 var(32) = 0
 var(33) = 0
 var(34) = 1
 var(35) = 0
 var(36) = 0
 var(37) = 0
 var(38) = 0
 var(39) = 0
 var(40) = 0
 var(41) = 0
 var(42) = 0
 var(43) = 0
 var(44) = 0
 var(45) = 0
 var(46) = 0
 var(47) = 0
 var(48) = 0
 var(49) = 0
 var(50) = 0
 var(51) = 0
 var(52) = 0
 var(53) = 0
 var(54) = 0
 var(55) = 0
 var(56) = 0
 var(57) = 0
 var(58) = 0
 var(59) = 0
 var(60) = 0
 var(61) = 0
 var(62) = 0
 var(63) = 0
 var(64) = 1
 var(65) = 0
 var(66) = 0
 var(67) = 0
 var(68) = 0
 var(69) = 1
 var(70) = 0
 var(71) = 0
 var(72) = 0
 var(73) = 0
 var(74) = 0
 var(75) = 0
 var(76) = 0
 var(77) = 0
 var(78) = 0
 var(79) = 0
 var(80) = 0
 var(81) = 0

 Best fitness = 0.024602