
 generation best average standard 
 number value fitness deviation 
 maxFlow:82 

    1, 0.044213, 0.044213, 0.000000 
    2, 0.044213, 0.039215, 0.006843 
    3, 0.045881, 0.032679, 0.009525 
    4, 0.045881, 0.028802, 0.010343 
    5, 0.045881, 0.025039, 0.010210 
    6, 0.047131, 0.025777, 0.012159 
    7, 0.047131, 0.024760, 0.010864 
    8, 0.047131, 0.027017, 0.008237 
    9, 0.047131, 0.026774, 0.009869 
   10, 0.047131, 0.029631, 0.010726 
   11, 0.047131, 0.027866, 0.011918 
   12, 0.047131, 0.026190, 0.010361 
   13, 0.047131, 0.027604, 0.011160 
   14, 0.047131, 0.025450, 0.009273 
   15, 0.047131, 0.027980, 0.012119 
   16, 0.047131, 0.028439, 0.010707 
   17, 0.047131, 0.030935, 0.010871 
   18, 0.047131, 0.031596, 0.010164 
   19, 0.047131, 0.033257, 0.011760 
   20, 0.047131, 0.031043, 0.011186 
   21, 0.047594, 0.029310, 0.011039 
   22, 0.047594, 0.028679, 0.010293 
   23, 0.047594, 0.031174, 0.010940 
   24, 0.047594, 0.034161, 0.011834 
   25, 0.047594, 0.029040, 0.010580 
   26, 0.047594, 0.029921, 0.009642 
   27, 0.047594, 0.030053, 0.012015 
   28, 0.047594, 0.028287, 0.010137 
   29, 0.047594, 0.032013, 0.007240 
   30, 0.047594, 0.030808, 0.009168 
   31, 0.047594, 0.027660, 0.009578 
   32, 0.047594, 0.028223, 0.011640 
   33, 0.047594, 0.028471, 0.011830 
   34, 0.047594, 0.024079, 0.009648 
   35, 0.047594, 0.025965, 0.012338 
   36, 0.047594, 0.028365, 0.012057 
   37, 0.047594, 0.028298, 0.012767 
   38, 0.047594, 0.028149, 0.010281 
   39, 0.047594, 0.027190, 0.011173 
   40, 0.047594, 0.026869, 0.010961 
   41, 0.047594, 0.027672, 0.009981 
   42, 0.047594, 0.028223, 0.011441 
   43, 0.047594, 0.027046, 0.012507 
   44, 0.047594, 0.028757, 0.012805 
   45, 0.047594, 0.031556, 0.012553 
   46, 0.047594, 0.029313, 0.010912 
   47, 0.047594, 0.024611, 0.009787 
   48, 0.047594, 0.026668, 0.011239 
   49, 0.047978, 0.026928, 0.011248 
   50, 0.047978, 0.029234, 0.012803 
   51, 0.047978, 0.033163, 0.011286 
   52, 0.047978, 0.030966, 0.009779 
   53, 0.047978, 0.033173, 0.009805 
   54, 0.047978, 0.033125, 0.010839 
   55, 0.047978, 0.032788, 0.009641 
   56, 0.047978, 0.026769, 0.011568 
   57, 0.047978, 0.029838, 0.011849 
   58, 0.047978, 0.026300, 0.011623 
   59, 0.047978, 0.025103, 0.010480 
   60, 0.047978, 0.025812, 0.013205 
   61, 0.047978, 0.025558, 0.010908 
   62, 0.047978, 0.025002, 0.009866 
   63, 0.047978, 0.026201, 0.009682 
   64, 0.047978, 0.029427, 0.009591 
   65, 0.047978, 0.030790, 0.011919 
   66, 0.047978, 0.027008, 0.012408 
   67, 0.047978, 0.026764, 0.010929 
   68, 0.047978, 0.030677, 0.011074 
   69, 0.047978, 0.032447, 0.011244 
   70, 0.047978, 0.033481, 0.010636 
   71, 0.047978, 0.033468, 0.010777 
   72, 0.047978, 0.034672, 0.011249 
   73, 0.047978, 0.030939, 0.010441 
   74, 0.047978, 0.032036, 0.010420 
   75, 0.047978, 0.030327, 0.010285 
   76, 0.047978, 0.028876, 0.009290 
   77, 0.047978, 0.028262, 0.013024 
   78, 0.047978, 0.028576, 0.012814 
   79, 0.047978, 0.029492, 0.012352 
   80, 0.047978, 0.030223, 0.012145 
   81, 0.047978, 0.028553, 0.011682 
   82, 0.047978, 0.028537, 0.010059 
   83, 0.047978, 0.028588, 0.011596 
   84, 0.047978, 0.029056, 0.011055 
   85, 0.047978, 0.032267, 0.010933 
   86, 0.047978, 0.027429, 0.010633 
   87, 0.047978, 0.028338, 0.010653 
   88, 0.047978, 0.024830, 0.008804 
   89, 0.047978, 0.023882, 0.010814 
   90, 0.047978, 0.020606, 0.010318 
   91, 0.047978, 0.025424, 0.013685 
   92, 0.047978, 0.032268, 0.012633 
   93, 0.047978, 0.032981, 0.013715 
   94, 0.047978, 0.033105, 0.013033 
   95, 0.047978, 0.032619, 0.012593 
   96, 0.047978, 0.033071, 0.011613 
   97, 0.047978, 0.033421, 0.011522 
   98, 0.047978, 0.032399, 0.011525 
   99, 0.047978, 0.032989, 0.010836 
  100, 0.047978, 0.030796, 0.012744 
  101, 0.047978, 0.031452, 0.012569 
  102, 0.047978, 0.028703, 0.010163 
  103, 0.047978, 0.027417, 0.011814 
  104, 0.047978, 0.026360, 0.011963 
  105, 0.047978, 0.027081, 0.012337 
  106, 0.047978, 0.030653, 0.010563 
  107, 0.047978, 0.030978, 0.008878 
  108, 0.047978, 0.031209, 0.011750 
  109, 0.047978, 0.029742, 0.010711 
  110, 0.047978, 0.033507, 0.011333 
  111, 0.047978, 0.033610, 0.011885 
  112, 0.047978, 0.033664, 0.012386 
  113, 0.047978, 0.037214, 0.011522 
  114, 0.047978, 0.035919, 0.012101 
  115, 0.047978, 0.037402, 0.009347 
  116, 0.047978, 0.038624, 0.011819 
  117, 0.047978, 0.034822, 0.012389 
  118, 0.047978, 0.034662, 0.012850 
  119, 0.047978, 0.026379, 0.011832 
  120, 0.047978, 0.030018, 0.014053 
  121, 0.047978, 0.028882, 0.011255 
  122, 0.047978, 0.031933, 0.011942 
  123, 0.047978, 0.028467, 0.010588 
  124, 0.047978, 0.030875, 0.011538 
  125, 0.047978, 0.026544, 0.011339 
  126, 0.047978, 0.023433, 0.012206 
  127, 0.047978, 0.024718, 0.011875 
  128, 0.047978, 0.027215, 0.012239 
  129, 0.047978, 0.029977, 0.012563 
  130, 0.047978, 0.026828, 0.011426 
  131, 0.047978, 0.027173, 0.010364 
  132, 0.047978, 0.027548, 0.011626 
  133, 0.047978, 0.030280, 0.014377 
  134, 0.047978, 0.027639, 0.008954 
  135, 0.047978, 0.027972, 0.011591 
  136, 0.047978, 0.029796, 0.010280 
  137, 0.047978, 0.029436, 0.011139 
  138, 0.047978, 0.028327, 0.011551 
  139, 0.047978, 0.025911, 0.011764 
  140, 0.047978, 0.022476, 0.010357 
  141, 0.047978, 0.021845, 0.010033 
  142, 0.047978, 0.026087, 0.011222 
  143, 0.047978, 0.028490, 0.012187 
  144, 0.047978, 0.030077, 0.010066 
  145, 0.047978, 0.029668, 0.010289 
  146, 0.047978, 0.029123, 0.011131 
  147, 0.047978, 0.025698, 0.011506 
  148, 0.047978, 0.028641, 0.011884 
  149, 0.047978, 0.029059, 0.013023 
  150, 0.047978, 0.034265, 0.013150 
  151, 0.047978, 0.031912, 0.014153 
  152, 0.047978, 0.033489, 0.013805 
  153, 0.047978, 0.031856, 0.009048 
  154, 0.047978, 0.033441, 0.012119 
  155, 0.047978, 0.030400, 0.009832 
  156, 0.047978, 0.027913, 0.011199 
  157, 0.047978, 0.030548, 0.010915 
  158, 0.047978, 0.032548, 0.011998 
  159, 0.047978, 0.034733, 0.010435 
  160, 0.047978, 0.033352, 0.011463 
  161, 0.047978, 0.038638, 0.009513 
  162, 0.047978, 0.034313, 0.010689 
  163, 0.047978, 0.031103, 0.009427 
  164, 0.047978, 0.031767, 0.010655 
  165, 0.047978, 0.029042, 0.010543 
  166, 0.047978, 0.029322, 0.008929 
  167, 0.047978, 0.028642, 0.009239 
  168, 0.047978, 0.029240, 0.010955 
  169, 0.047978, 0.032436, 0.013084 
  170, 0.047978, 0.030955, 0.013849 
  171, 0.047978, 0.030326, 0.010326 
  172, 0.047978, 0.029279, 0.010358 
  173, 0.047978, 0.029237, 0.008693 
  174, 0.047978, 0.028263, 0.012303 
  175, 0.047978, 0.031849, 0.012253 
  176, 0.047978, 0.031632, 0.012046 
  177, 0.047978, 0.029206, 0.010784 
  178, 0.047978, 0.034937, 0.011397 
  179, 0.047978, 0.033055, 0.013508 
  180, 0.047978, 0.035056, 0.012785 
  181, 0.047978, 0.032033, 0.013749 
  182, 0.047978, 0.033831, 0.013445 
  183, 0.047978, 0.034092, 0.011455 
  184, 0.047978, 0.033524, 0.010075 
  185, 0.047978, 0.034097, 0.011179 
  186, 0.047978, 0.030214, 0.010549 
  187, 0.047978, 0.031114, 0.012509 
  188, 0.047978, 0.036739, 0.009719 
  189, 0.047978, 0.036635, 0.009125 
  190, 0.047978, 0.036010, 0.007913 
  191, 0.047978, 0.032131, 0.010087 
  192, 0.047978, 0.029656, 0.011662 
  193, 0.047978, 0.026168, 0.008192 
  194, 0.047978, 0.028538, 0.010850 
  195, 0.047978, 0.030749, 0.010180 
  196, 0.047978, 0.029381, 0.011761 
  197, 0.047978, 0.028858, 0.012894 
  198, 0.047978, 0.030533, 0.012640 
  199, 0.047978, 0.033434, 0.012119 
  200, 0.047978, 0.029947, 0.013468 
  201, 0.047978, 0.030408, 0.012861 
  202, 0.047978, 0.029088, 0.012951 
  203, 0.047978, 0.036852, 0.011615 
  204, 0.047978, 0.035102, 0.009893 
  205, 0.047978, 0.030127, 0.009156 
  206, 0.047978, 0.027430, 0.010181 
  207, 0.047978, 0.028536, 0.011011 
  208, 0.047978, 0.027254, 0.010060 
  209, 0.047978, 0.028589, 0.010917 
  210, 0.047978, 0.027869, 0.010689 
  211, 0.047978, 0.030371, 0.010876 
  212, 0.047978, 0.027070, 0.012298 
  213, 0.047978, 0.029594, 0.013202 
  214, 0.047978, 0.031655, 0.010549 
  215, 0.047978, 0.032491, 0.009862 
  216, 0.047978, 0.030292, 0.011304 
  217, 0.047978, 0.027704, 0.011987 
  218, 0.047978, 0.028656, 0.014671 
  219, 0.047978, 0.032906, 0.012092 
  220, 0.047978, 0.037106, 0.010355 
  221, 0.047978, 0.032692, 0.008812 
  222, 0.047978, 0.032469, 0.012512 
  223, 0.047978, 0.029772, 0.013468 
  224, 0.047978, 0.029484, 0.011727 
  225, 0.047978, 0.026957, 0.011952 
  226, 0.047978, 0.028242, 0.011660 
  227, 0.047978, 0.028282, 0.010860 
  228, 0.047978, 0.030431, 0.013060 
  229, 0.047978, 0.032681, 0.010987 
  230, 0.047978, 0.028704, 0.011117 
  231, 0.047978, 0.030316, 0.014059 
  232, 0.047978, 0.032295, 0.012787 
  233, 0.047978, 0.035966, 0.012521 
  234, 0.047978, 0.029590, 0.011843 
  235, 0.047978, 0.030869, 0.012291 
  236, 0.047978, 0.028577, 0.010741 
  237, 0.047978, 0.029178, 0.012392 
  238, 0.047978, 0.030137, 0.012498 
  239, 0.047978, 0.031043, 0.011617 
  240, 0.047978, 0.030787, 0.011091 
  241, 0.047978, 0.030551, 0.010637 
  242, 0.047978, 0.028247, 0.009041 
  243, 0.047978, 0.028131, 0.010655 
  244, 0.047978, 0.029787, 0.011628 
  245, 0.047978, 0.030947, 0.012077 
  246, 0.047978, 0.026362, 0.011069 
  247, 0.047978, 0.030691, 0.011361 
  248, 0.047978, 0.031164, 0.009474 
  249, 0.047978, 0.027628, 0.010898 
  250, 0.047978, 0.026545, 0.008465 
  251, 0.047978, 0.026369, 0.011295 
  252, 0.047978, 0.026691, 0.011212 
  253, 0.047978, 0.025692, 0.010368 
  254, 0.047978, 0.025151, 0.011808 
  255, 0.047978, 0.025850, 0.011278 
  256, 0.047978, 0.029167, 0.014450 
  257, 0.047978, 0.029093, 0.012374 
  258, 0.047978, 0.032132, 0.011115 
  259, 0.047978, 0.033155, 0.010782 
  260, 0.047978, 0.031928, 0.011759 
  261, 0.047978, 0.028546, 0.010923 
  262, 0.047978, 0.029114, 0.011855 
  263, 0.047978, 0.031274, 0.010568 
  264, 0.047978, 0.026962, 0.010193 
  265, 0.047978, 0.029431, 0.011029 
  266, 0.047978, 0.026119, 0.012336 
  267, 0.047978, 0.028884, 0.011797 
  268, 0.047978, 0.029245, 0.009146 
  269, 0.047978, 0.026630, 0.010880 
  270, 0.047978, 0.028530, 0.011284 
  271, 0.047978, 0.030691, 0.012753 
  272, 0.047978, 0.030615, 0.011222 
  273, 0.047978, 0.030116, 0.009513 
  274, 0.047978, 0.030646, 0.011634 
  275, 0.047978, 0.028201, 0.009755 
  276, 0.047978, 0.029360, 0.011115 
  277, 0.047978, 0.027658, 0.009764 
  278, 0.047978, 0.026026, 0.010523 
  279, 0.047978, 0.019957, 0.007354 
  280, 0.047978, 0.026275, 0.011835 
  281, 0.047978, 0.028410, 0.010811 
  282, 0.047978, 0.029012, 0.011117 
  283, 0.047978, 0.027175, 0.009507 
  284, 0.047978, 0.028292, 0.011733 
  285, 0.047978, 0.026201, 0.011305 
  286, 0.047978, 0.029700, 0.012025 
  287, 0.047978, 0.026424, 0.009555 
  288, 0.047978, 0.026246, 0.009440 
  289, 0.047978, 0.028652, 0.009923 
  290, 0.047978, 0.028062, 0.011140 
  291, 0.047978, 0.024626, 0.011147 
  292, 0.047978, 0.026909, 0.012030 
  293, 0.047978, 0.027288, 0.011301 
  294, 0.047978, 0.025820, 0.008985 
  295, 0.047978, 0.023764, 0.009907 
  296, 0.047978, 0.026049, 0.011185 
  297, 0.047978, 0.027598, 0.012256 
  298, 0.047978, 0.027998, 0.011072 
  299, 0.047978, 0.025991, 0.010511 
  300, 0.047978, 0.031144, 0.012486 
  301, 0.047978, 0.035038, 0.011761 
  302, 0.047978, 0.030643, 0.011624 
  303, 0.047978, 0.032703, 0.012692 
  304, 0.047978, 0.029966, 0.011909 
  305, 0.047978, 0.030748, 0.012183 
  306, 0.047978, 0.031913, 0.011669 
  307, 0.047978, 0.031059, 0.010479 
  308, 0.047978, 0.033400, 0.012649 
  309, 0.047978, 0.029723, 0.011523 
  310, 0.047978, 0.030621, 0.010667 
  311, 0.047978, 0.028466, 0.009975 
  312, 0.047978, 0.029444, 0.011524 
  313, 0.047978, 0.024565, 0.010230 
  314, 0.047978, 0.026979, 0.013442 
  315, 0.047978, 0.026396, 0.011626 
  316, 0.047978, 0.028972, 0.012494 
  317, 0.047978, 0.032711, 0.011665 
  318, 0.047978, 0.030557, 0.013074 
  319, 0.047978, 0.030060, 0.010698 
  320, 0.047978, 0.026075, 0.009307 
  321, 0.047978, 0.027551, 0.011567 
  322, 0.047978, 0.028213, 0.012710 
  323, 0.047978, 0.028857, 0.011761 
  324, 0.047978, 0.029248, 0.011940 
  325, 0.047978, 0.034884, 0.011098 
  326, 0.047978, 0.033485, 0.011631 
  327, 0.047978, 0.030125, 0.008810 
  328, 0.047978, 0.030548, 0.011678 
  329, 0.047978, 0.032751, 0.013616 
  330, 0.047978, 0.033188, 0.012701 
  331, 0.047978, 0.035931, 0.011861 
  332, 0.047978, 0.034669, 0.011207 
  333, 0.047978, 0.035247, 0.010459 
  334, 0.047978, 0.036472, 0.008975 
  335, 0.047978, 0.037072, 0.009833 
  336, 0.047978, 0.033725, 0.010475 
  337, 0.047978, 0.028659, 0.010448 
  338, 0.047978, 0.029994, 0.009017 
  339, 0.047978, 0.029263, 0.011699 
  340, 0.047978, 0.032142, 0.010152 
  341, 0.047978, 0.031150, 0.010611 
  342, 0.047978, 0.031504, 0.012405 
  343, 0.047978, 0.031928, 0.009512 
  344, 0.047978, 0.031381, 0.010608 
  345, 0.047978, 0.030909, 0.009869 
  346, 0.047978, 0.028969, 0.011047 
  347, 0.047978, 0.024038, 0.011419 
  348, 0.047978, 0.022935, 0.010145 
  349, 0.047978, 0.026211, 0.011981 
  350, 0.047978, 0.029045, 0.012876 
  351, 0.047978, 0.032858, 0.012104 
  352, 0.047978, 0.028294, 0.011407 
  353, 0.047978, 0.028770, 0.013160 
  354, 0.047978, 0.031826, 0.011741 
  355, 0.047978, 0.032165, 0.010516 
  356, 0.047978, 0.029197, 0.010113 
  357, 0.047978, 0.032472, 0.010665 
  358, 0.047978, 0.028358, 0.010441 
  359, 0.047978, 0.026869, 0.011116 
  360, 0.047978, 0.032893, 0.011268 
  361, 0.047978, 0.032743, 0.009256 
  362, 0.047978, 0.032330, 0.010753 
  363, 0.047978, 0.031534, 0.011405 
  364, 0.047978, 0.029935, 0.010948 
  365, 0.047978, 0.030135, 0.011310 
  366, 0.047978, 0.030481, 0.011177 
  367, 0.047978, 0.033838, 0.009619 
  368, 0.047978, 0.031340, 0.010665 
  369, 0.047978, 0.023820, 0.009777 
  370, 0.047978, 0.028906, 0.014007 
  371, 0.047978, 0.029250, 0.014285 
  372, 0.047978, 0.028961, 0.011682 
  373, 0.047978, 0.028718, 0.009484 
  374, 0.047978, 0.026458, 0.012096 
  375, 0.047978, 0.027932, 0.013103 
  376, 0.047978, 0.025825, 0.012296 
  377, 0.047978, 0.030659, 0.011858 
  378, 0.047978, 0.034497, 0.010121 
  379, 0.047978, 0.031385, 0.009094 
  380, 0.047978, 0.026066, 0.010367 
  381, 0.047978, 0.029618, 0.011920 
  382, 0.047978, 0.030339, 0.010018 
  383, 0.047978, 0.034136, 0.011652 
  384, 0.047978, 0.032895, 0.009982 
  385, 0.047978, 0.032192, 0.012610 
  386, 0.047978, 0.032188, 0.012392 
  387, 0.047978, 0.032283, 0.012782 
  388, 0.047978, 0.030448, 0.011251 
  389, 0.047978, 0.031341, 0.012551 
  390, 0.047978, 0.030950, 0.012758 
  391, 0.047978, 0.032263, 0.013905 
  392, 0.047978, 0.035835, 0.010620 
  393, 0.047978, 0.036262, 0.011721 
  394, 0.047978, 0.034048, 0.011451 
  395, 0.047978, 0.032802, 0.011499 
  396, 0.047978, 0.033115, 0.010694 
  397, 0.047978, 0.031136, 0.009681 
  398, 0.047978, 0.031668, 0.009774 
  399, 0.047978, 0.031497, 0.011868 
  400, 0.047978, 0.029366, 0.012357 
  401, 0.047978, 0.026317, 0.012564 
  402, 0.047978, 0.026203, 0.011474 
  403, 0.047978, 0.029135, 0.011832 
  404, 0.047978, 0.030420, 0.011641 
  405, 0.047978, 0.029585, 0.012236 
  406, 0.047978, 0.031058, 0.011480 
  407, 0.047978, 0.029451, 0.011854 
  408, 0.047978, 0.028045, 0.012134 
  409, 0.047978, 0.033731, 0.013271 
  410, 0.047978, 0.031697, 0.012988 
  411, 0.047978, 0.035984, 0.010813 
  412, 0.047978, 0.030357, 0.009757 
  413, 0.047978, 0.029952, 0.012317 
  414, 0.047978, 0.029463, 0.012326 
  415, 0.047978, 0.028833, 0.012134 
  416, 0.047978, 0.028362, 0.009637 
  417, 0.047978, 0.028481, 0.012411 
  418, 0.047978, 0.029186, 0.011062 
  419, 0.047978, 0.030371, 0.010495 
  420, 0.047978, 0.033081, 0.010566 
  421, 0.047978, 0.028872, 0.009708 
  422, 0.047978, 0.027993, 0.010406 
  423, 0.047978, 0.026821, 0.009212 
  424, 0.047978, 0.025503, 0.009913 
  425, 0.047978, 0.026010, 0.011136 
  426, 0.047978, 0.027075, 0.012880 
  427, 0.047978, 0.025609, 0.013619 
  428, 0.047978, 0.030438, 0.011944 
  429, 0.047978, 0.030887, 0.011106 
  430, 0.047978, 0.029233, 0.009667 
  431, 0.047978, 0.029045, 0.011255 
  432, 0.047978, 0.030180, 0.009364 
  433, 0.047978, 0.032332, 0.010789 
  434, 0.047978, 0.030182, 0.010682 
  435, 0.047978, 0.027973, 0.010246 
  436, 0.047978, 0.026376, 0.010619 
  437, 0.047978, 0.028367, 0.012569 
  438, 0.047978, 0.031009, 0.011482 
  439, 0.047978, 0.032907, 0.011768 
  440, 0.047978, 0.032510, 0.009157 
  441, 0.047978, 0.023775, 0.009501 
  442, 0.047978, 0.026991, 0.009378 
  443, 0.047978, 0.028239, 0.010200 
  444, 0.047978, 0.033303, 0.010422 
  445, 0.047978, 0.030064, 0.009276 
  446, 0.047978, 0.024312, 0.007615 
  447, 0.047978, 0.027197, 0.010011 
  448, 0.047978, 0.026912, 0.013174 
  449, 0.047978, 0.026447, 0.011539 
  450, 0.047978, 0.027265, 0.010356 
  451, 0.047978, 0.026708, 0.012326 
  452, 0.047978, 0.027654, 0.010865 
  453, 0.047978, 0.025583, 0.011694 
  454, 0.047978, 0.026661, 0.010856 
  455, 0.047978, 0.029897, 0.014339 
  456, 0.047978, 0.034295, 0.011272 
  457, 0.047978, 0.034684, 0.011385 
  458, 0.047978, 0.029897, 0.011794 
  459, 0.047978, 0.029603, 0.011933 
  460, 0.047978, 0.028509, 0.011469 
  461, 0.047978, 0.025389, 0.009728 
  462, 0.047978, 0.027931, 0.013213 
  463, 0.047978, 0.032122, 0.011896 
  464, 0.047978, 0.028614, 0.011611 
  465, 0.047978, 0.029611, 0.012130 
  466, 0.047978, 0.031238, 0.013088 
  467, 0.047978, 0.028928, 0.011734 
  468, 0.047978, 0.029291, 0.012987 
  469, 0.047978, 0.029072, 0.011972 
  470, 0.047978, 0.026895, 0.011156 
  471, 0.047978, 0.028336, 0.012132 
  472, 0.047978, 0.028535, 0.010704 
  473, 0.047978, 0.029195, 0.011323 
  474, 0.047978, 0.030364, 0.012275 
  475, 0.047978, 0.036521, 0.011129 
  476, 0.047978, 0.033561, 0.012406 
  477, 0.047978, 0.032675, 0.011779 
  478, 0.047978, 0.030988, 0.011712 
  479, 0.047978, 0.030327, 0.010497 
  480, 0.047978, 0.028969, 0.010699 
  481, 0.047978, 0.032365, 0.011113 
  482, 0.047978, 0.029228, 0.011720 
  483, 0.047978, 0.031708, 0.011267 
  484, 0.047978, 0.032779, 0.011359 
  485, 0.047978, 0.029161, 0.010047 
  486, 0.047978, 0.030004, 0.010781 
  487, 0.047978, 0.029158, 0.010615 
  488, 0.047978, 0.027897, 0.013782 
  489, 0.047978, 0.024180, 0.012104 
  490, 0.047978, 0.026125, 0.013285 
  491, 0.047978, 0.030734, 0.013883 
  492, 0.047978, 0.031862, 0.012401 
  493, 0.047978, 0.031888, 0.011087 
  494, 0.047978, 0.031563, 0.011202 
  495, 0.047978, 0.032252, 0.009917 
  496, 0.047978, 0.032357, 0.012574 
  497, 0.047978, 0.028193, 0.012258 
  498, 0.047978, 0.027287, 0.011548 
  499, 0.047978, 0.029143, 0.012957 
  500, 0.047978, 0.029820, 0.011947 
  501, 0.047978, 0.034158, 0.013166 
  502, 0.047978, 0.031999, 0.011280 
  503, 0.047978, 0.028641, 0.010811 
  504, 0.047978, 0.028106, 0.008922 
  505, 0.047978, 0.028879, 0.011881 
  506, 0.047978, 0.029839, 0.010411 
  507, 0.047978, 0.030235, 0.010482 
  508, 0.047978, 0.028243, 0.010655 
  509, 0.047978, 0.027880, 0.010733 
  510, 0.047978, 0.027172, 0.010602 
  511, 0.047978, 0.030650, 0.009706 
  512, 0.047978, 0.032269, 0.010870 
  513, 0.047978, 0.032004, 0.011881 
  514, 0.047978, 0.031483, 0.009326 
  515, 0.047978, 0.026774, 0.009920 
  516, 0.047978, 0.032277, 0.009416 
  517, 0.047978, 0.028219, 0.009088 
  518, 0.047978, 0.026564, 0.010782 
  519, 0.047978, 0.027876, 0.009802 
  520, 0.047978, 0.029820, 0.009829 
  521, 0.047978, 0.028983, 0.010485 
  522, 0.047978, 0.028909, 0.012075 
  523, 0.047978, 0.029016, 0.011300 
  524, 0.047978, 0.029687, 0.010848 
  525, 0.047978, 0.030892, 0.011928 
  526, 0.047978, 0.028934, 0.011808 
  527, 0.047978, 0.031976, 0.011701 
  528, 0.047978, 0.032916, 0.011280 
  529, 0.047978, 0.029768, 0.011680 
  530, 0.047978, 0.031046, 0.009647 
  531, 0.047978, 0.029977, 0.009139 
  532, 0.047978, 0.030853, 0.010123 
  533, 0.047978, 0.034527, 0.012375 
  534, 0.047978, 0.034029, 0.011715 
  535, 0.047978, 0.033144, 0.010096 
  536, 0.047978, 0.031810, 0.009282 
  537, 0.047978, 0.030819, 0.012523 
  538, 0.047978, 0.030716, 0.013084 
  539, 0.047978, 0.031480, 0.011184 
  540, 0.047978, 0.034553, 0.012977 
  541, 0.047978, 0.032339, 0.010808 
  542, 0.047978, 0.030963, 0.009300 
  543, 0.047978, 0.030887, 0.010859 
  544, 0.047978, 0.028566, 0.011819 
  545, 0.047978, 0.026528, 0.012392 
  546, 0.047978, 0.029197, 0.010162 
  547, 0.047978, 0.029421, 0.011875 
  548, 0.047978, 0.028885, 0.009847 
  549, 0.047978, 0.024952, 0.009026 
  550, 0.047978, 0.026360, 0.010698 
  551, 0.047978, 0.026876, 0.013550 
  552, 0.047978, 0.032909, 0.012901 
  553, 0.047978, 0.033318, 0.011266 
  554, 0.047978, 0.032167, 0.010349 
  555, 0.047978, 0.030422, 0.011691 
  556, 0.047978, 0.027955, 0.011038 
  557, 0.047978, 0.030302, 0.011422 
  558, 0.047978, 0.027812, 0.010234 
  559, 0.047978, 0.027684, 0.012112 
  560, 0.047978, 0.028933, 0.011902 
  561, 0.047978, 0.025743, 0.010889 
  562, 0.047978, 0.026329, 0.010992 
  563, 0.047978, 0.031202, 0.012305 
  564, 0.047978, 0.036233, 0.011981 
  565, 0.047978, 0.032229, 0.012141 
  566, 0.047978, 0.032136, 0.010012 
  567, 0.047978, 0.032531, 0.011450 
  568, 0.047978, 0.030029, 0.011285 
  569, 0.047978, 0.031749, 0.010720 
  570, 0.047978, 0.029811, 0.010192 
  571, 0.047978, 0.029498, 0.010634 
  572, 0.047978, 0.027270, 0.010971 
  573, 0.047978, 0.027530, 0.009173 
  574, 0.047978, 0.029918, 0.010040 
  575, 0.047978, 0.026883, 0.011013 
  576, 0.047978, 0.027931, 0.012514 
  577, 0.047978, 0.024827, 0.011460 
  578, 0.047978, 0.027514, 0.010485 
  579, 0.047978, 0.028293, 0.009013 
  580, 0.047978, 0.029736, 0.011708 
  581, 0.047978, 0.030592, 0.010250 
  582, 0.047978, 0.029722, 0.009141 
  583, 0.047978, 0.028462, 0.012757 
  584, 0.047978, 0.032832, 0.009313 
  585, 0.047978, 0.034356, 0.010037 
  586, 0.047978, 0.032593, 0.012234 
  587, 0.047978, 0.029701, 0.012936 
  588, 0.047978, 0.034231, 0.012695 
  589, 0.047978, 0.030335, 0.012766 
  590, 0.047978, 0.033084, 0.012734 
  591, 0.047978, 0.030776, 0.010632 
  592, 0.047978, 0.031066, 0.011995 
  593, 0.047978, 0.029111, 0.010367 
  594, 0.047978, 0.030800, 0.010953 
  595, 0.047978, 0.032388, 0.010550 
  596, 0.047978, 0.032149, 0.009968 
  597, 0.047978, 0.030318, 0.009830 
  598, 0.047978, 0.030935, 0.010718 
  599, 0.047978, 0.028155, 0.010855 
  600, 0.047978, 0.029518, 0.008538 
  601, 0.047978, 0.027100, 0.012251 
  602, 0.047978, 0.028654, 0.010990 
  603, 0.047978, 0.029621, 0.013267 
  604, 0.047978, 0.031575, 0.010821 
  605, 0.047978, 0.029934, 0.011230 
  606, 0.047978, 0.030589, 0.010286 
  607, 0.047978, 0.028231, 0.009707 
  608, 0.047978, 0.024837, 0.012080 
  609, 0.047978, 0.026730, 0.011868 
  610, 0.047978, 0.031203, 0.014129 
  611, 0.047978, 0.030382, 0.011640 
  612, 0.047978, 0.032481, 0.011754 
  613, 0.047978, 0.033261, 0.010264 
  614, 0.047978, 0.028445, 0.010675 
  615, 0.047978, 0.029147, 0.011141 
  616, 0.047978, 0.030508, 0.009775 
  617, 0.047978, 0.031547, 0.010844 
  618, 0.047978, 0.030939, 0.010592 
  619, 0.047978, 0.025651, 0.008512 
  620, 0.047978, 0.025809, 0.009602 
  621, 0.047978, 0.024015, 0.009305 
  622, 0.047978, 0.024265, 0.010657 
  623, 0.047978, 0.025681, 0.010837 
  624, 0.047978, 0.024933, 0.012236 
  625, 0.047978, 0.027339, 0.009885 
  626, 0.047978, 0.027986, 0.008628 
  627, 0.047978, 0.030130, 0.012542 
  628, 0.047978, 0.028155, 0.012268 
  629, 0.047978, 0.028447, 0.012006 
  630, 0.047978, 0.029640, 0.014986 
  631, 0.047978, 0.033464, 0.012942 
  632, 0.047978, 0.032026, 0.010203 
  633, 0.047978, 0.032510, 0.009250 
  634, 0.047978, 0.032918, 0.010811 
  635, 0.047978, 0.028367, 0.010023 
  636, 0.047978, 0.025420, 0.010618 
  637, 0.047978, 0.029854, 0.011355 
  638, 0.047978, 0.030205, 0.011481 
  639, 0.047978, 0.027426, 0.011456 
  640, 0.047978, 0.030056, 0.012068 
  641, 0.047978, 0.034414, 0.011803 
  642, 0.047978, 0.031434, 0.011761 
  643, 0.047978, 0.027603, 0.010893 
  644, 0.047978, 0.028916, 0.012773 
  645, 0.047978, 0.031106, 0.012300 
  646, 0.047978, 0.026376, 0.012179 
  647, 0.047978, 0.028465, 0.011148 
  648, 0.047978, 0.030219, 0.012455 
  649, 0.047978, 0.031923, 0.009838 
  650, 0.047978, 0.030740, 0.012165 
  651, 0.047978, 0.030450, 0.010986 
  652, 0.047978, 0.032979, 0.012008 
  653, 0.047978, 0.028580, 0.011220 
  654, 0.047978, 0.031144, 0.011510 
  655, 0.047978, 0.032110, 0.012043 
  656, 0.047978, 0.030610, 0.012858 
  657, 0.047978, 0.032514, 0.012380 
  658, 0.047978, 0.029063, 0.011151 
  659, 0.047978, 0.031118, 0.010231 
  660, 0.047978, 0.030807, 0.010145 
  661, 0.047978, 0.029374, 0.010814 
  662, 0.047978, 0.030218, 0.011249 
  663, 0.047978, 0.030426, 0.010003 
  664, 0.047978, 0.029908, 0.012018 
  665, 0.047978, 0.028784, 0.013498 
  666, 0.047978, 0.027985, 0.013465 
  667, 0.047978, 0.030797, 0.013837 
  668, 0.047978, 0.034284, 0.010353 
  669, 0.047978, 0.034856, 0.011026 
  670, 0.047978, 0.034750, 0.010258 
  671, 0.047978, 0.034923, 0.011088 
  672, 0.047978, 0.031444, 0.011054 
  673, 0.047978, 0.030277, 0.009203 
  674, 0.047978, 0.028953, 0.011869 
  675, 0.047978, 0.026535, 0.010216 
  676, 0.047978, 0.029659, 0.009694 
  677, 0.047978, 0.030561, 0.008758 
  678, 0.047978, 0.027904, 0.011058 
  679, 0.047978, 0.025138, 0.010494 
  680, 0.047978, 0.030319, 0.010726 
  681, 0.047978, 0.030086, 0.011307 
  682, 0.047978, 0.032282, 0.011795 
  683, 0.047978, 0.032533, 0.013165 
  684, 0.047978, 0.036749, 0.012746 
  685, 0.047978, 0.034460, 0.012666 
  686, 0.047978, 0.037417, 0.010961 
  687, 0.047978, 0.035488, 0.011698 
  688, 0.047978, 0.028237, 0.011546 
  689, 0.047978, 0.025188, 0.010605 
  690, 0.047978, 0.030274, 0.011006 
  691, 0.047978, 0.032569, 0.009497 
  692, 0.047978, 0.029133, 0.010553 
  693, 0.047978, 0.030925, 0.011963 
  694, 0.047978, 0.028401, 0.013075 
  695, 0.047978, 0.031347, 0.010762 
  696, 0.047978, 0.031498, 0.008878 
  697, 0.047978, 0.031422, 0.008411 
  698, 0.047978, 0.029245, 0.006530 
  699, 0.047978, 0.031090, 0.013692 
  700, 0.047978, 0.028471, 0.011008 
  701, 0.047978, 0.031996, 0.011516 
  702, 0.047978, 0.031910, 0.013161 
  703, 0.047978, 0.032311, 0.012067 
  704, 0.047978, 0.034373, 0.010062 
  705, 0.047978, 0.032543, 0.011942 
  706, 0.047978, 0.030678, 0.011418 
  707, 0.047978, 0.028881, 0.012165 
  708, 0.047978, 0.028917, 0.009282 
  709, 0.047978, 0.023579, 0.010108 
  710, 0.047978, 0.022951, 0.010665 
  711, 0.047978, 0.024515, 0.010867 
  712, 0.047978, 0.024162, 0.010506 
  713, 0.047978, 0.024159, 0.011936 
  714, 0.047978, 0.022860, 0.011604 
  715, 0.047978, 0.023355, 0.011640 
  716, 0.047978, 0.027426, 0.014619 
  717, 0.047978, 0.025213, 0.011412 
  718, 0.047978, 0.024502, 0.011980 
  719, 0.047978, 0.029612, 0.011023 
  720, 0.047978, 0.028512, 0.010211 
  721, 0.047978, 0.029212, 0.011757 
  722, 0.047978, 0.032921, 0.011174 
  723, 0.047978, 0.031394, 0.012264 
  724, 0.047978, 0.029786, 0.012363 
  725, 0.047978, 0.029713, 0.009278 
  726, 0.047978, 0.028346, 0.010760 
  727, 0.047978, 0.031878, 0.012562 
  728, 0.047978, 0.031027, 0.009990 
  729, 0.047978, 0.029155, 0.010470 
  730, 0.047978, 0.030046, 0.010290 
  731, 0.047978, 0.026287, 0.010992 
  732, 0.047978, 0.025586, 0.011515 
  733, 0.047978, 0.026968, 0.013386 
  734, 0.047978, 0.033806, 0.011537 
  735, 0.047978, 0.028599, 0.011485 
  736, 0.047978, 0.031062, 0.011117 
  737, 0.047978, 0.027185, 0.011450 
  738, 0.047978, 0.027748, 0.009503 
  739, 0.047978, 0.024274, 0.009999 
  740, 0.047978, 0.025685, 0.012130 
  741, 0.047978, 0.023155, 0.010075 
  742, 0.047978, 0.022600, 0.010025 
  743, 0.047978, 0.026742, 0.012172 
  744, 0.047978, 0.027354, 0.011338 
  745, 0.047978, 0.026652, 0.013429 
  746, 0.047978, 0.027123, 0.013605 
  747, 0.047978, 0.030168, 0.011641 
  748, 0.047978, 0.033420, 0.011339 
  749, 0.047978, 0.033553, 0.011846 
  750, 0.047978, 0.029870, 0.009126 
  751, 0.047978, 0.027551, 0.011464 
  752, 0.047978, 0.028543, 0.010712 
  753, 0.047978, 0.027360, 0.012276 
  754, 0.047978, 0.029786, 0.010742 
  755, 0.047978, 0.030308, 0.011326 
  756, 0.047978, 0.025752, 0.009883 
  757, 0.047978, 0.026303, 0.013457 
  758, 0.047978, 0.033803, 0.013260 
  759, 0.047978, 0.032207, 0.010642 
  760, 0.047978, 0.030099, 0.009053 
  761, 0.047978, 0.029152, 0.011803 
  762, 0.047978, 0.030928, 0.011174 
  763, 0.047978, 0.032188, 0.010991 
  764, 0.047978, 0.030845, 0.012168 
  765, 0.047978, 0.029180, 0.011130 
  766, 0.047978, 0.025263, 0.010193 
  767, 0.047978, 0.026150, 0.009620 
  768, 0.047978, 0.026280, 0.008850 
  769, 0.047978, 0.027310, 0.010623 
  770, 0.047978, 0.027637, 0.010326 
  771, 0.047978, 0.026810, 0.010657 
  772, 0.047978, 0.028028, 0.010292 
  773, 0.047978, 0.026046, 0.010715 
  774, 0.047978, 0.024789, 0.011904 
  775, 0.047978, 0.029084, 0.012711 
  776, 0.047978, 0.028620, 0.011687 
  777, 0.047978, 0.027462, 0.011761 
  778, 0.047978, 0.025446, 0.009361 
  779, 0.047978, 0.027394, 0.011327 
  780, 0.047978, 0.025367, 0.011827 
  781, 0.047978, 0.026930, 0.012106 
  782, 0.047978, 0.027803, 0.009601 
  783, 0.047978, 0.027182, 0.010110 
  784, 0.047978, 0.028156, 0.011679 
  785, 0.047978, 0.025027, 0.009361 
  786, 0.047978, 0.028875, 0.014740 
  787, 0.047978, 0.028823, 0.011978 
  788, 0.047978, 0.031978, 0.011372 
  789, 0.047978, 0.032023, 0.013230 
  790, 0.047978, 0.036865, 0.011659 
  791, 0.047978, 0.032896, 0.010488 
  792, 0.047978, 0.034610, 0.009846 
  793, 0.047978, 0.029705, 0.012455 
  794, 0.047978, 0.029607, 0.012119 
  795, 0.047978, 0.033189, 0.013173 
  796, 0.047978, 0.033060, 0.011566 
  797, 0.047978, 0.031250, 0.012969 
  798, 0.047978, 0.032090, 0.011175 
  799, 0.047978, 0.031486, 0.010057 
  800, 0.047978, 0.034759, 0.010610 
  801, 0.047978, 0.030660, 0.010020 
  802, 0.047978, 0.028128, 0.008219 
  803, 0.047978, 0.027651, 0.013038 
  804, 0.047978, 0.030249, 0.012932 
  805, 0.047978, 0.030081, 0.011263 
  806, 0.047978, 0.031541, 0.009637 
  807, 0.047978, 0.032927, 0.011861 
  808, 0.047978, 0.028425, 0.012311 
  809, 0.047978, 0.029398, 0.010426 
  810, 0.047978, 0.029142, 0.011148 
  811, 0.047978, 0.025247, 0.013151 
  812, 0.047978, 0.028539, 0.013732 
  813, 0.047978, 0.029123, 0.012164 
  814, 0.047978, 0.027262, 0.013341 
  815, 0.047978, 0.027570, 0.011709 
  816, 0.047978, 0.023612, 0.012623 
  817, 0.047978, 0.027269, 0.012283 
  818, 0.047978, 0.029774, 0.011471 
  819, 0.047978, 0.028547, 0.011593 
  820, 0.047978, 0.029543, 0.012195 
  821, 0.047978, 0.029999, 0.011240 
  822, 0.047978, 0.033255, 0.011929 
  823, 0.047978, 0.035736, 0.009793 
  824, 0.047978, 0.033841, 0.009923 
  825, 0.047978, 0.034582, 0.010119 
  826, 0.047978, 0.027975, 0.010938 
  827, 0.047978, 0.024992, 0.011331 
  828, 0.047978, 0.023617, 0.012738 
  829, 0.047978, 0.023685, 0.011606 
  830, 0.047978, 0.031825, 0.012651 
  831, 0.047978, 0.028173, 0.011616 
  832, 0.047978, 0.029630, 0.013218 
  833, 0.047978, 0.027922, 0.013349 
  834, 0.047978, 0.026495, 0.011037 
  835, 0.047978, 0.032581, 0.011980 
  836, 0.047978, 0.030999, 0.012760 
  837, 0.047978, 0.030616, 0.009612 
  838, 0.047978, 0.028173, 0.009412 
  839, 0.047978, 0.028797, 0.009595 
  840, 0.047978, 0.032193, 0.010060 
  841, 0.047978, 0.031554, 0.011743 
  842, 0.047978, 0.034829, 0.011180 
  843, 0.047978, 0.032405, 0.012564 
  844, 0.047978, 0.032950, 0.010850 
  845, 0.047978, 0.033747, 0.010270 
  846, 0.047978, 0.031565, 0.009771 
  847, 0.047978, 0.025187, 0.009076 
  848, 0.047978, 0.022315, 0.009441 
  849, 0.047978, 0.025175, 0.011963 
  850, 0.047978, 0.029070, 0.013865 
  851, 0.047978, 0.028076, 0.014390 
  852, 0.047978, 0.034686, 0.011400 
  853, 0.047978, 0.033331, 0.009314 
  854, 0.047978, 0.029959, 0.009070 
  855, 0.047978, 0.026681, 0.010103 
  856, 0.047978, 0.028018, 0.011065 
  857, 0.047978, 0.029736, 0.011929 
  858, 0.047978, 0.029990, 0.013310 
  859, 0.047978, 0.032110, 0.012652 
  860, 0.047978, 0.028385, 0.011456 
  861, 0.047978, 0.029647, 0.013725 
  862, 0.047978, 0.030293, 0.009969 
  863, 0.047978, 0.032235, 0.012633 
  864, 0.047978, 0.031256, 0.011988 
  865, 0.047978, 0.026644, 0.009815 
  866, 0.047978, 0.030672, 0.009046 
  867, 0.047978, 0.030741, 0.011209 
  868, 0.047978, 0.031614, 0.010317 
  869, 0.047978, 0.029981, 0.009668 
  870, 0.047978, 0.025334, 0.010018 
  871, 0.047978, 0.024823, 0.012124 
  872, 0.047978, 0.025847, 0.011268 
  873, 0.047978, 0.025902, 0.010473 
  874, 0.047978, 0.024958, 0.010653 
  875, 0.047978, 0.027094, 0.012930 
  876, 0.047978, 0.027246, 0.013335 
  877, 0.047978, 0.027470, 0.011613 
  878, 0.047978, 0.032436, 0.011657 
  879, 0.047978, 0.031085, 0.012166 
  880, 0.047978, 0.028055, 0.011817 
  881, 0.047978, 0.028148, 0.011123 
  882, 0.047978, 0.029902, 0.013826 
  883, 0.047978, 0.029487, 0.011254 
  884, 0.047978, 0.032297, 0.011179 
  885, 0.047978, 0.032901, 0.010485 
  886, 0.047978, 0.033415, 0.011676 
  887, 0.047978, 0.029814, 0.013295 
  888, 0.047978, 0.029574, 0.010401 
  889, 0.047978, 0.024775, 0.010252 
  890, 0.047978, 0.026442, 0.011973 
  891, 0.047978, 0.022808, 0.010763 
  892, 0.047978, 0.025146, 0.011579 
  893, 0.047978, 0.027654, 0.013724 
  894, 0.047978, 0.027394, 0.012517 
  895, 0.047978, 0.030868, 0.013971 
  896, 0.047978, 0.030681, 0.011303 
  897, 0.047978, 0.029322, 0.012218 
  898, 0.047978, 0.030909, 0.011333 
  899, 0.047978, 0.032655, 0.011915 
  900, 0.047978, 0.034312, 0.011060 
  901, 0.047978, 0.029307, 0.010511 
  902, 0.047978, 0.030528, 0.009595 
  903, 0.047978, 0.029045, 0.010673 
  904, 0.047978, 0.028099, 0.009128 
  905, 0.047978, 0.028655, 0.010081 
  906, 0.047978, 0.031262, 0.009986 
  907, 0.047978, 0.031270, 0.010963 
  908, 0.047978, 0.026703, 0.010737 
  909, 0.047978, 0.026915, 0.010239 
  910, 0.047978, 0.027591, 0.010392 
  911, 0.047978, 0.024383, 0.009865 
  912, 0.047978, 0.026268, 0.011430 
  913, 0.047978, 0.027031, 0.010461 
  914, 0.047978, 0.027384, 0.010814 
  915, 0.047978, 0.028167, 0.012948 
  916, 0.047978, 0.031346, 0.011738 
  917, 0.047978, 0.031200, 0.010725 
  918, 0.047978, 0.032778, 0.010919 
  919, 0.047978, 0.031828, 0.012282 
  920, 0.047978, 0.031895, 0.013364 
  921, 0.047978, 0.028113, 0.010356 
  922, 0.047978, 0.030646, 0.011480 
  923, 0.047978, 0.031400, 0.011355 
  924, 0.047978, 0.028415, 0.010939 
  925, 0.047978, 0.031005, 0.010457 
  926, 0.047978, 0.031154, 0.010808 
  927, 0.047978, 0.030785, 0.008959 
  928, 0.047978, 0.031695, 0.008955 
  929, 0.047978, 0.028007, 0.008882 
  930, 0.047978, 0.023856, 0.011173 
  931, 0.047978, 0.029362, 0.012622 
  932, 0.047978, 0.032476, 0.012759 
  933, 0.047978, 0.029097, 0.014760 
  934, 0.047978, 0.032631, 0.014050 
  935, 0.047978, 0.035328, 0.010737 
  936, 0.047978, 0.032996, 0.012885 
  937, 0.047978, 0.033174, 0.012714 
  938, 0.047978, 0.035074, 0.013267 
  939, 0.047978, 0.035047, 0.013232 
  940, 0.047978, 0.034566, 0.013367 
  941, 0.047978, 0.029914, 0.013457 
  942, 0.047978, 0.026497, 0.011859 
  943, 0.047978, 0.027445, 0.013469 
  944, 0.047978, 0.027698, 0.010168 
  945, 0.047978, 0.026679, 0.010710 
  946, 0.047978, 0.023567, 0.008169 
  947, 0.047978, 0.030907, 0.012511 
  948, 0.047978, 0.026503, 0.010282 
  949, 0.047978, 0.026959, 0.012040 
  950, 0.047978, 0.027168, 0.010661 
  951, 0.047978, 0.028484, 0.010241 
  952, 0.047978, 0.027072, 0.012243 
  953, 0.047978, 0.028278, 0.011603 
  954, 0.047978, 0.030666, 0.010500 
  955, 0.047978, 0.026984, 0.010279 
  956, 0.047978, 0.028271, 0.010905 
  957, 0.047978, 0.026693, 0.011660 
  958, 0.047978, 0.031444, 0.012637 
  959, 0.047978, 0.032519, 0.012323 
  960, 0.047978, 0.034500, 0.012044 
  961, 0.047978, 0.034627, 0.011316 
  962, 0.047978, 0.032530, 0.012368 
  963, 0.047978, 0.030349, 0.013177 
  964, 0.047978, 0.032204, 0.012811 
  965, 0.047978, 0.034222, 0.010694 
  966, 0.047978, 0.030712, 0.013102 
  967, 0.047978, 0.031109, 0.011747 
  968, 0.047978, 0.032354, 0.011169 
  969, 0.047978, 0.031039, 0.010987 
  970, 0.047978, 0.032013, 0.011019 
  971, 0.047978, 0.030928, 0.012157 
  972, 0.047978, 0.032414, 0.012623 
  973, 0.047978, 0.031645, 0.009662 
  974, 0.047978, 0.033711, 0.010539 
  975, 0.047978, 0.033063, 0.010001 
  976, 0.047978, 0.036558, 0.010406 
  977, 0.047978, 0.034318, 0.010239 
  978, 0.047978, 0.036610, 0.010568 
  979, 0.047978, 0.035586, 0.007997 
  980, 0.047978, 0.030689, 0.010060 
  981, 0.047978, 0.026860, 0.008605 
  982, 0.047978, 0.033093, 0.012394 
  983, 0.047978, 0.033131, 0.012939 
  984, 0.047978, 0.033444, 0.013055 
  985, 0.047978, 0.035486, 0.008590 
  986, 0.047978, 0.034571, 0.008458 
  987, 0.047978, 0.032048, 0.009549 
  988, 0.047978, 0.028616, 0.010517 
  989, 0.047978, 0.028559, 0.008230 
  990, 0.047978, 0.033224, 0.011112 
  991, 0.047978, 0.034480, 0.012561 
  992, 0.047978, 0.030287, 0.011511 
  993, 0.047978, 0.032046, 0.012746 
  994, 0.047978, 0.029542, 0.011423 
  995, 0.047978, 0.030167, 0.011571 
  996, 0.047978, 0.032251, 0.011389 
  997, 0.047978, 0.029951, 0.012684 
  998, 0.047978, 0.031499, 0.013541 
  999, 0.047978, 0.029670, 0.013690 
 1000, 0.047978, 0.027956, 0.012757  
Execute time is:1071.175990 ms


 Simulation completed

 Best member: 

 var(0) = 0
 var(1) = 0
 var(2) = 0
 var(3) = 0
 var(4) = 0
 var(5) = 0
 var(6) = 0
 var(7) = 0
 var(8) = 0
 var(9) = 0
 var(10) = 0
 var(11) = 0
 var(12) = 0
 var(13) = 0
 var(14) = 0
 var(15) = 0
 var(16) = 1
 var(17) = 0
 var(18) = 0
 var(19) = 0
 var(20) = 0
 var(21) = 0
 var(22) = 1
 var(23) = 1
 var(24) = 0
 var(25) = 1
 var(26) = 1
 var(27) = 1
 var(28) = 1
 var(29) = 0
 var(30) = 0
 var(31) = 0
 var(32) = 0
 var(33) = 1
 var(34) = 0
 var(35) = 0
 var(36) = 1
 var(37) = 0
 var(38) = 0
 var(39) = 0
 var(40) = 0
 var(41) = 0
 var(42) = 0
 var(43) = 0
 var(44) = 1
 var(45) = 0
 var(46) = 0
 var(47) = 0
 var(48) = 0
 var(49) = 0
 var(50) = 0
 var(51) = 0
 var(52) = 0
 var(53) = 0
 var(54) = 0
 var(55) = 1
 var(56) = 0
 var(57) = 0
 var(58) = 0
 var(59) = 0
 var(60) = 0
 var(61) = 0
 var(62) = 1
 var(63) = 0

 Best fitness = 0.047978