
 generation best average standard 
 number value fitness deviation 
 maxFlow:29 

    1, 0.099252, 0.099252, 0.000000 
    2, 0.112963, 0.092130, 0.014070 
    3, 0.112963, 0.083828, 0.016349 
    4, 0.119741, 0.077642, 0.021657 
    5, 0.119741, 0.069738, 0.024512 
    6, 0.119741, 0.071097, 0.026318 
    7, 0.119741, 0.070566, 0.021385 
    8, 0.119741, 0.055673, 0.021538 
    9, 0.119741, 0.062202, 0.028385 
   10, 0.119741, 0.068091, 0.028528 
   11, 0.119801, 0.055652, 0.026282 
   12, 0.119801, 0.063226, 0.034498 
   13, 0.136283, 0.081961, 0.037135 
   14, 0.136283, 0.077717, 0.034198 
   15, 0.136283, 0.082744, 0.032930 
   16, 0.136283, 0.085511, 0.030186 
   17, 0.136283, 0.077066, 0.031228 
   18, 0.136283, 0.081548, 0.038376 
   19, 0.136283, 0.081869, 0.040418 
   20, 0.136283, 0.091699, 0.033887 
   21, 0.136283, 0.075127, 0.030426 
   22, 0.136283, 0.083211, 0.031903 
   23, 0.136283, 0.085565, 0.029125 
   24, 0.136283, 0.079013, 0.027724 
   25, 0.136283, 0.087836, 0.034780 
   26, 0.136283, 0.079742, 0.036283 
   27, 0.136283, 0.077509, 0.042247 
   28, 0.136283, 0.089390, 0.038762 
   29, 0.136283, 0.086177, 0.033853 
   30, 0.136283, 0.086387, 0.030420 
   31, 0.136283, 0.087178, 0.026639 
   32, 0.136283, 0.081258, 0.025918 
   33, 0.136283, 0.078562, 0.032787 
   34, 0.136283, 0.075462, 0.029417 
   35, 0.136283, 0.075909, 0.027763 
   36, 0.136283, 0.073340, 0.032737 
   37, 0.136283, 0.067197, 0.029869 
   38, 0.136283, 0.081591, 0.027623 
   39, 0.136283, 0.091845, 0.032435 
   40, 0.136283, 0.092097, 0.034983 
   41, 0.136283, 0.094599, 0.034348 
   42, 0.136283, 0.088390, 0.034838 
   43, 0.136283, 0.088279, 0.032717 
   44, 0.136283, 0.094544, 0.031109 
   45, 0.136283, 0.088897, 0.030847 
   46, 0.136283, 0.087433, 0.032597 
   47, 0.136283, 0.087650, 0.033748 
   48, 0.136283, 0.087454, 0.036531 
   49, 0.136283, 0.081157, 0.035495 
   50, 0.136283, 0.094587, 0.037609 
   51, 0.136283, 0.096946, 0.036428 
   52, 0.136283, 0.094996, 0.032342 
   53, 0.136283, 0.100569, 0.032299 
   54, 0.136283, 0.095085, 0.032311 
   55, 0.136283, 0.082860, 0.032546 
   56, 0.136283, 0.092333, 0.032709 
   57, 0.136283, 0.093060, 0.036124 
   58, 0.136283, 0.095753, 0.033781 
   59, 0.136283, 0.093706, 0.030962 
   60, 0.136283, 0.099310, 0.034428 
   61, 0.136283, 0.104090, 0.029976 
   62, 0.136283, 0.101925, 0.033787 
   63, 0.136283, 0.092358, 0.032763 
   64, 0.136283, 0.089944, 0.029837 
   65, 0.136283, 0.088114, 0.032881 
   66, 0.136283, 0.088932, 0.030810 
   67, 0.136283, 0.088351, 0.031328 
   68, 0.136283, 0.083633, 0.034214 
   69, 0.136283, 0.089743, 0.032447 
   70, 0.136283, 0.085397, 0.037272 
   71, 0.136283, 0.081000, 0.033513 
   72, 0.136283, 0.076205, 0.030228 
   73, 0.136283, 0.079994, 0.032565 
   74, 0.136283, 0.086032, 0.028850 
   75, 0.136283, 0.075582, 0.032416 
   76, 0.136283, 0.076954, 0.033932 
   77, 0.136283, 0.083595, 0.032383 
   78, 0.136283, 0.083861, 0.031063 
   79, 0.136283, 0.080068, 0.033521 
   80, 0.136283, 0.079102, 0.033169 
   81, 0.136283, 0.068137, 0.035980 
   82, 0.136283, 0.071297, 0.040772 
   83, 0.136283, 0.071471, 0.038524 
   84, 0.136283, 0.074675, 0.043887 
   85, 0.136283, 0.089487, 0.036600 
   86, 0.136283, 0.089071, 0.034511 
   87, 0.136283, 0.096471, 0.031994 
   88, 0.136283, 0.094008, 0.034689 
   89, 0.136283, 0.088531, 0.036006 
   90, 0.136283, 0.096362, 0.039610 
   91, 0.136283, 0.099144, 0.032767 
   92, 0.136283, 0.096793, 0.027294 
   93, 0.136283, 0.090724, 0.025908 
   94, 0.136283, 0.082474, 0.025973 
   95, 0.136283, 0.078609, 0.029203 
   96, 0.136283, 0.074815, 0.034058 
   97, 0.136283, 0.085048, 0.040712 
   98, 0.136283, 0.094733, 0.032181 
   99, 0.136283, 0.090916, 0.026683 
  100, 0.136283, 0.074817, 0.025256 
  101, 0.136283, 0.078606, 0.034761 
  102, 0.136283, 0.088363, 0.032613 
  103, 0.136283, 0.087400, 0.029735 
  104, 0.136283, 0.080269, 0.029436 
  105, 0.136283, 0.078665, 0.032764 
  106, 0.136283, 0.081720, 0.033146 
  107, 0.136283, 0.072831, 0.030756 
  108, 0.136283, 0.080743, 0.029435 
  109, 0.136283, 0.071600, 0.028639 
  110, 0.136283, 0.068468, 0.028239 
  111, 0.136283, 0.069386, 0.032144 
  112, 0.136283, 0.080802, 0.041152 
  113, 0.136283, 0.085893, 0.039940 
  114, 0.136283, 0.088071, 0.038350 
  115, 0.136283, 0.096053, 0.032324 
  116, 0.136283, 0.089372, 0.036773 
  117, 0.136283, 0.084583, 0.032656 
  118, 0.136283, 0.099268, 0.035161 
  119, 0.136283, 0.097928, 0.032232 
  120, 0.136283, 0.099703, 0.032215 
  121, 0.136283, 0.089434, 0.035290 
  122, 0.136283, 0.086810, 0.037608 
  123, 0.136283, 0.085492, 0.038896 
  124, 0.136283, 0.087931, 0.035047 
  125, 0.136283, 0.089905, 0.031601 
  126, 0.136283, 0.078181, 0.026779 
  127, 0.136283, 0.076282, 0.029804 
  128, 0.136283, 0.073987, 0.032154 
  129, 0.136283, 0.077563, 0.037957 
  130, 0.136283, 0.088104, 0.036919 
  131, 0.136283, 0.084374, 0.030015 
  132, 0.136283, 0.081380, 0.028158 
  133, 0.136283, 0.079089, 0.025711 
  134, 0.136283, 0.075943, 0.026069 
  135, 0.136283, 0.072758, 0.027981 
  136, 0.136283, 0.074233, 0.024599 
  137, 0.136283, 0.074164, 0.027366 
  138, 0.136283, 0.088271, 0.024073 
  139, 0.136283, 0.085362, 0.028297 
  140, 0.136283, 0.076265, 0.029105 
  141, 0.136283, 0.081175, 0.035779 
  142, 0.136283, 0.075356, 0.031112 
  143, 0.136283, 0.084886, 0.028298 
  144, 0.136283, 0.077050, 0.027576 
  145, 0.136283, 0.067671, 0.027363 
  146, 0.136283, 0.075068, 0.035537 
  147, 0.136283, 0.084619, 0.032273 
  148, 0.136283, 0.088325, 0.031177 
  149, 0.136283, 0.080012, 0.030882 
  150, 0.136283, 0.080820, 0.022815 
  151, 0.136283, 0.078320, 0.027278 
  152, 0.136283, 0.080301, 0.032686 
  153, 0.136283, 0.084715, 0.029459 
  154, 0.136283, 0.083898, 0.029539 
  155, 0.136283, 0.081190, 0.029356 
  156, 0.136283, 0.089632, 0.031347 
  157, 0.136283, 0.087876, 0.033920 
  158, 0.136283, 0.077741, 0.034490 
  159, 0.136283, 0.083646, 0.037307 
  160, 0.136283, 0.097548, 0.033009 
  161, 0.136283, 0.093542, 0.033875 
  162, 0.136283, 0.092894, 0.027810 
  163, 0.136283, 0.090796, 0.030615 
  164, 0.136283, 0.085942, 0.035218 
  165, 0.136283, 0.083594, 0.030936 
  166, 0.136283, 0.083793, 0.026692 
  167, 0.136283, 0.082676, 0.030121 
  168, 0.136283, 0.087867, 0.030167 
  169, 0.136283, 0.087517, 0.030829 
  170, 0.136283, 0.090422, 0.027958 
  171, 0.136283, 0.084040, 0.031393 
  172, 0.136283, 0.080131, 0.024522 
  173, 0.136283, 0.078810, 0.028286 
  174, 0.136283, 0.078638, 0.030327 
  175, 0.136283, 0.070443, 0.027567 
  176, 0.136283, 0.066150, 0.023560 
  177, 0.136283, 0.073487, 0.031863 
  178, 0.136283, 0.070641, 0.028808 
  179, 0.136283, 0.069867, 0.028587 
  180, 0.136283, 0.070128, 0.030281 
  181, 0.136283, 0.075686, 0.028298 
  182, 0.136283, 0.071413, 0.029382 
  183, 0.136283, 0.080601, 0.028779 
  184, 0.136283, 0.081240, 0.028065 
  185, 0.136283, 0.084933, 0.030326 
  186, 0.136283, 0.074889, 0.030294 
  187, 0.136283, 0.081164, 0.033412 
  188, 0.136283, 0.076154, 0.034380 
  189, 0.136283, 0.086070, 0.035949 
  190, 0.136283, 0.089792, 0.030504 
  191, 0.136283, 0.092257, 0.030038 
  192, 0.136283, 0.085948, 0.035479 
  193, 0.136283, 0.099174, 0.031112 
  194, 0.136283, 0.100240, 0.033463 
  195, 0.136283, 0.101008, 0.031782 
  196, 0.136283, 0.096624, 0.024731 
  197, 0.136283, 0.086545, 0.027919 
  198, 0.136283, 0.084940, 0.034486 
  199, 0.136283, 0.070057, 0.027107 
  200, 0.136283, 0.069094, 0.025577 
  201, 0.136283, 0.071040, 0.032183 
  202, 0.136283, 0.068638, 0.036791 
  203, 0.136283, 0.071625, 0.036749 
  204, 0.136283, 0.088467, 0.036403 
  205, 0.136283, 0.091425, 0.029608 
  206, 0.136283, 0.076084, 0.028886 
  207, 0.136283, 0.074369, 0.030055 
  208, 0.136283, 0.073104, 0.034771 
  209, 0.136283, 0.077421, 0.040786 
  210, 0.136283, 0.077907, 0.035238 
  211, 0.136283, 0.085692, 0.037794 
  212, 0.136283, 0.087031, 0.036391 
  213, 0.136283, 0.082664, 0.032193 
  214, 0.136283, 0.085756, 0.032999 
  215, 0.136283, 0.089454, 0.034100 
  216, 0.136283, 0.093347, 0.035480 
  217, 0.136283, 0.087578, 0.031643 
  218, 0.136283, 0.079075, 0.033728 
  219, 0.136283, 0.083380, 0.034332 
  220, 0.136283, 0.087919, 0.033313 
  221, 0.136283, 0.084383, 0.036815 
  222, 0.136283, 0.086987, 0.030757 
  223, 0.136283, 0.089530, 0.033948 
  224, 0.136283, 0.082040, 0.032941 
  225, 0.136283, 0.071475, 0.032820 
  226, 0.136283, 0.086749, 0.025855 
  227, 0.136283, 0.081279, 0.031565 
  228, 0.136283, 0.081870, 0.035976 
  229, 0.136283, 0.067685, 0.031531 
  230, 0.136283, 0.080170, 0.036897 
  231, 0.136283, 0.089100, 0.033775 
  232, 0.136283, 0.086792, 0.027433 
  233, 0.136283, 0.098882, 0.034522 
  234, 0.136283, 0.102827, 0.033850 
  235, 0.136283, 0.098189, 0.029703 
  236, 0.136283, 0.087614, 0.031533 
  237, 0.136283, 0.082388, 0.029476 
  238, 0.136283, 0.083027, 0.027976 
  239, 0.136283, 0.069417, 0.026590 
  240, 0.136283, 0.072697, 0.033899 
  241, 0.136283, 0.080623, 0.027793 
  242, 0.136283, 0.082575, 0.032391 
  243, 0.136283, 0.089622, 0.030031 
  244, 0.136283, 0.086143, 0.029749 
  245, 0.136283, 0.089099, 0.034772 
  246, 0.136283, 0.079513, 0.030332 
  247, 0.136283, 0.097220, 0.031786 
  248, 0.136283, 0.089150, 0.033412 
  249, 0.136283, 0.084730, 0.038791 
  250, 0.136283, 0.087064, 0.033062 
  251, 0.136283, 0.091701, 0.036881 
  252, 0.136283, 0.099735, 0.037885 
  253, 0.136283, 0.096766, 0.029305 
  254, 0.136283, 0.086491, 0.030568 
  255, 0.136283, 0.086497, 0.028993 
  256, 0.136283, 0.088400, 0.026683 
  257, 0.136283, 0.093229, 0.037140 
  258, 0.136283, 0.109605, 0.033195 
  259, 0.136283, 0.111292, 0.029824 
  260, 0.136283, 0.093884, 0.033785 
  261, 0.136283, 0.084244, 0.034446 
  262, 0.136283, 0.088830, 0.037376 
  263, 0.136283, 0.085345, 0.033897 
  264, 0.136283, 0.087701, 0.029158 
  265, 0.136283, 0.093788, 0.035298 
  266, 0.136283, 0.084965, 0.035642 
  267, 0.136283, 0.066460, 0.024319 
  268, 0.136283, 0.081995, 0.036890 
  269, 0.136283, 0.077506, 0.032630 
  270, 0.136283, 0.080456, 0.033904 
  271, 0.136283, 0.081997, 0.035020 
  272, 0.136283, 0.087007, 0.029432 
  273, 0.136283, 0.086710, 0.027003 
  274, 0.136283, 0.074847, 0.025543 
  275, 0.136283, 0.071153, 0.027267 
  276, 0.136283, 0.077454, 0.024743 
  277, 0.136283, 0.074392, 0.028538 
  278, 0.136283, 0.076894, 0.026750 
  279, 0.136283, 0.069437, 0.028350 
  280, 0.136283, 0.077372, 0.036364 
  281, 0.136283, 0.084701, 0.035934 
  282, 0.136283, 0.081301, 0.028985 
  283, 0.136283, 0.084555, 0.028671 
  284, 0.136283, 0.083165, 0.038651 
  285, 0.136283, 0.084461, 0.034944 
  286, 0.136283, 0.090869, 0.033189 
  287, 0.136283, 0.098866, 0.030756 
  288, 0.136283, 0.098964, 0.030069 
  289, 0.136283, 0.092483, 0.030969 
  290, 0.136283, 0.090277, 0.034879 
  291, 0.136283, 0.086134, 0.035073 
  292, 0.136283, 0.087158, 0.031209 
  293, 0.136283, 0.087147, 0.031389 
  294, 0.136283, 0.090075, 0.039482 
  295, 0.136283, 0.091492, 0.038377 
  296, 0.136283, 0.105075, 0.028691 
  297, 0.136283, 0.092553, 0.031186 
  298, 0.136283, 0.092995, 0.033032 
  299, 0.136283, 0.090871, 0.031365 
  300, 0.136283, 0.087980, 0.026641 
  301, 0.136283, 0.093816, 0.024818 
  302, 0.136283, 0.095380, 0.028729 
  303, 0.136283, 0.091470, 0.032708 
  304, 0.136283, 0.086148, 0.033338 
  305, 0.136283, 0.092882, 0.033190 
  306, 0.136283, 0.089923, 0.033980 
  307, 0.136283, 0.078515, 0.033523 
  308, 0.136283, 0.083909, 0.034150 
  309, 0.136283, 0.088724, 0.033767 
  310, 0.136283, 0.087212, 0.027765 
  311, 0.136283, 0.085344, 0.032038 
  312, 0.136283, 0.085738, 0.029289 
  313, 0.136283, 0.089807, 0.025341 
  314, 0.136283, 0.084368, 0.027230 
  315, 0.136283, 0.068751, 0.025656 
  316, 0.136283, 0.072960, 0.033543 
  317, 0.136283, 0.077250, 0.028853 
  318, 0.136283, 0.072572, 0.021181 
  319, 0.136283, 0.077468, 0.036508 
  320, 0.136283, 0.094514, 0.035387 
  321, 0.136283, 0.093255, 0.031109 
  322, 0.136283, 0.094098, 0.032988 
  323, 0.136283, 0.084235, 0.031050 
  324, 0.136283, 0.072479, 0.026448 
  325, 0.136283, 0.076916, 0.031588 
  326, 0.136283, 0.090574, 0.031432 
  327, 0.136283, 0.096187, 0.028629 
  328, 0.136283, 0.089091, 0.026852 
  329, 0.136283, 0.089959, 0.029685 
  330, 0.136283, 0.088926, 0.030310 
  331, 0.136283, 0.084492, 0.032712 
  332, 0.136283, 0.082277, 0.028941 
  333, 0.136283, 0.077787, 0.035710 
  334, 0.136283, 0.087688, 0.034708 
  335, 0.136283, 0.089112, 0.034678 
  336, 0.136283, 0.075002, 0.026245 
  337, 0.136283, 0.075394, 0.031608 
  338, 0.136283, 0.086330, 0.032328 
  339, 0.136283, 0.080972, 0.034168 
  340, 0.136283, 0.083200, 0.031368 
  341, 0.136283, 0.081452, 0.036781 
  342, 0.136283, 0.078832, 0.029855 
  343, 0.136283, 0.074037, 0.029199 
  344, 0.136283, 0.091259, 0.039366 
  345, 0.136283, 0.100147, 0.025121 
  346, 0.136283, 0.096491, 0.029357 
  347, 0.136283, 0.091977, 0.031970 
  348, 0.136283, 0.092627, 0.029569 
  349, 0.136283, 0.088657, 0.032998 
  350, 0.136283, 0.083317, 0.027414 
  351, 0.136283, 0.076829, 0.033399 
  352, 0.136283, 0.074429, 0.036359 
  353, 0.136283, 0.075244, 0.034386 
  354, 0.136283, 0.082525, 0.038755 
  355, 0.136283, 0.086154, 0.037343 
  356, 0.136283, 0.084825, 0.038355 
  357, 0.136283, 0.085310, 0.033211 
  358, 0.136283, 0.090641, 0.033427 
  359, 0.136283, 0.089408, 0.037338 
  360, 0.136283, 0.098793, 0.023465 
  361, 0.136283, 0.102601, 0.028961 
  362, 0.136283, 0.094550, 0.029191 
  363, 0.136283, 0.086580, 0.026006 
  364, 0.136283, 0.081402, 0.030670 
  365, 0.136283, 0.073940, 0.028547 
  366, 0.136283, 0.081201, 0.033121 
  367, 0.136283, 0.079200, 0.033178 
  368, 0.136283, 0.082733, 0.030467 
  369, 0.136283, 0.079607, 0.027164 
  370, 0.136283, 0.072978, 0.029749 
  371, 0.136283, 0.066936, 0.032872 
  372, 0.136283, 0.073741, 0.032370 
  373, 0.136283, 0.080690, 0.032918 
  374, 0.136283, 0.083647, 0.032127 
  375, 0.136283, 0.093418, 0.034799 
  376, 0.136283, 0.089946, 0.036917 
  377, 0.136283, 0.085951, 0.035917 
  378, 0.136283, 0.091770, 0.035109 
  379, 0.136283, 0.088982, 0.036822 
  380, 0.136283, 0.095911, 0.035868 
  381, 0.136283, 0.090942, 0.033908 
  382, 0.136283, 0.083277, 0.031109 
  383, 0.136283, 0.080976, 0.036363 
  384, 0.136283, 0.080833, 0.033913 
  385, 0.136283, 0.092978, 0.033490 
  386, 0.136283, 0.078820, 0.031117 
  387, 0.136283, 0.076433, 0.029765 
  388, 0.136283, 0.077916, 0.023338 
  389, 0.136283, 0.067037, 0.024280 
  390, 0.136283, 0.076463, 0.033948 
  391, 0.136283, 0.072090, 0.025943 
  392, 0.136283, 0.088655, 0.032090 
  393, 0.136283, 0.085636, 0.029673 
  394, 0.136283, 0.078849, 0.029629 
  395, 0.136283, 0.077177, 0.029808 
  396, 0.136283, 0.075872, 0.025768 
  397, 0.136283, 0.067808, 0.027552 
  398, 0.136283, 0.078267, 0.033596 
  399, 0.136283, 0.073225, 0.030531 
  400, 0.136283, 0.067559, 0.034014 
  401, 0.136283, 0.082202, 0.028951 
  402, 0.136283, 0.093339, 0.035553 
  403, 0.136283, 0.088978, 0.031808 
  404, 0.136283, 0.082439, 0.033127 
  405, 0.136283, 0.080596, 0.032544 
  406, 0.136283, 0.077626, 0.028651 
  407, 0.136283, 0.076298, 0.033352 
  408, 0.136283, 0.073242, 0.028544 
  409, 0.136283, 0.072322, 0.031050 
  410, 0.136283, 0.070351, 0.026777 
  411, 0.136283, 0.068438, 0.033740 
  412, 0.136283, 0.067311, 0.031267 
  413, 0.136283, 0.067821, 0.027149 
  414, 0.136283, 0.068424, 0.029955 
  415, 0.136283, 0.077064, 0.037373 
  416, 0.136283, 0.071014, 0.028065 
  417, 0.136283, 0.076778, 0.032745 
  418, 0.136283, 0.081916, 0.037602 
  419, 0.136283, 0.084276, 0.033319 
  420, 0.136283, 0.097181, 0.038399 
  421, 0.136283, 0.101973, 0.036885 
  422, 0.136283, 0.085346, 0.031670 
  423, 0.136283, 0.085177, 0.037612 
  424, 0.136283, 0.090639, 0.035682 
  425, 0.136283, 0.100554, 0.029562 
  426, 0.136283, 0.098652, 0.036299 
  427, 0.136283, 0.092647, 0.030134 
  428, 0.136283, 0.085214, 0.031579 
  429, 0.136283, 0.091148, 0.033673 
  430, 0.136283, 0.090249, 0.033049 
  431, 0.136283, 0.081695, 0.033096 
  432, 0.136283, 0.088950, 0.031687 
  433, 0.136283, 0.088676, 0.030046 
  434, 0.136283, 0.082876, 0.030670 
  435, 0.136283, 0.084410, 0.035073 
  436, 0.136283, 0.093668, 0.031429 
  437, 0.136283, 0.093426, 0.032660 
  438, 0.136283, 0.092131, 0.031146 
  439, 0.136283, 0.083948, 0.032475 
  440, 0.136283, 0.086892, 0.031542 
  441, 0.136283, 0.092277, 0.032170 
  442, 0.136283, 0.087014, 0.029492 
  443, 0.136283, 0.089480, 0.032890 
  444, 0.136283, 0.089468, 0.030822 
  445, 0.136283, 0.081409, 0.032845 
  446, 0.136283, 0.085348, 0.032025 
  447, 0.136283, 0.082696, 0.034889 
  448, 0.136283, 0.079764, 0.029999 
  449, 0.136283, 0.077418, 0.030285 
  450, 0.136283, 0.083640, 0.033076 
  451, 0.136283, 0.085416, 0.034492 
  452, 0.136283, 0.091774, 0.032661 
  453, 0.136283, 0.090589, 0.029216 
  454, 0.136283, 0.087374, 0.033043 
  455, 0.136283, 0.091427, 0.034888 
  456, 0.136283, 0.087597, 0.037703 
  457, 0.136283, 0.086365, 0.032107 
  458, 0.136283, 0.079395, 0.031541 
  459, 0.136283, 0.078809, 0.031913 
  460, 0.136283, 0.082109, 0.035685 
  461, 0.136283, 0.094479, 0.029861 
  462, 0.136283, 0.091028, 0.033345 
  463, 0.136283, 0.076091, 0.032169 
  464, 0.136283, 0.082235, 0.032775 
  465, 0.136283, 0.079626, 0.031159 
  466, 0.136283, 0.074822, 0.030033 
  467, 0.136283, 0.081020, 0.031781 
  468, 0.136283, 0.077764, 0.029030 
  469, 0.136283, 0.085915, 0.030833 
  470, 0.136283, 0.084234, 0.035161 
  471, 0.136283, 0.082826, 0.031510 
  472, 0.136283, 0.083862, 0.041399 
  473, 0.136283, 0.089290, 0.040177 
  474, 0.136283, 0.083143, 0.034509 
  475, 0.136283, 0.077409, 0.034361 
  476, 0.136283, 0.078952, 0.034404 
  477, 0.136283, 0.089986, 0.034462 
  478, 0.136283, 0.087759, 0.034894 
  479, 0.136283, 0.097036, 0.033494 
  480, 0.136283, 0.083599, 0.034456 
  481, 0.136283, 0.092170, 0.036020 
  482, 0.136283, 0.085372, 0.035807 
  483, 0.136283, 0.078707, 0.040013 
  484, 0.136283, 0.098839, 0.034470 
  485, 0.136283, 0.081707, 0.034441 
  486, 0.136283, 0.089939, 0.035247 
  487, 0.136283, 0.086126, 0.030425 
  488, 0.136283, 0.074303, 0.037685 
  489, 0.136283, 0.080856, 0.036236 
  490, 0.136283, 0.083035, 0.035913 
  491, 0.136283, 0.087661, 0.037187 
  492, 0.136283, 0.087953, 0.031411 
  493, 0.136283, 0.078069, 0.032914 
  494, 0.136283, 0.083523, 0.033382 
  495, 0.136283, 0.089214, 0.032562 
  496, 0.136283, 0.076376, 0.035106 
  497, 0.136283, 0.080286, 0.032866 
  498, 0.136283, 0.074605, 0.032408 
  499, 0.136283, 0.086636, 0.034320 
  500, 0.136283, 0.080132, 0.029409 
  501, 0.136283, 0.081269, 0.029612 
  502, 0.136283, 0.080469, 0.028055 
  503, 0.136283, 0.077833, 0.028213 
  504, 0.136283, 0.085704, 0.024479 
  505, 0.136283, 0.083548, 0.030688 
  506, 0.136283, 0.086639, 0.031002 
  507, 0.136283, 0.085361, 0.028527 
  508, 0.136283, 0.090960, 0.026977 
  509, 0.136283, 0.087984, 0.029218 
  510, 0.136283, 0.079598, 0.029327 
  511, 0.136283, 0.075707, 0.031080 
  512, 0.136283, 0.080339, 0.035789 
  513, 0.136283, 0.074975, 0.028645 
  514, 0.136283, 0.064411, 0.029294 
  515, 0.136283, 0.066710, 0.035836 
  516, 0.136283, 0.077107, 0.039644 
  517, 0.136283, 0.080152, 0.036986 
  518, 0.136283, 0.084668, 0.032190 
  519, 0.136283, 0.084865, 0.036432 
  520, 0.136283, 0.089490, 0.036871 
  521, 0.136283, 0.097052, 0.032542 
  522, 0.136283, 0.093913, 0.032661 
  523, 0.136283, 0.101053, 0.026706 
  524, 0.136283, 0.103977, 0.030820 
  525, 0.136283, 0.091968, 0.033994 
  526, 0.136283, 0.082526, 0.036720 
  527, 0.136283, 0.084680, 0.036268 
  528, 0.136283, 0.087898, 0.032632 
  529, 0.136283, 0.097231, 0.033531 
  530, 0.136283, 0.089755, 0.026389 
  531, 0.136283, 0.076570, 0.031804 
  532, 0.136283, 0.091323, 0.040157 
  533, 0.136283, 0.100342, 0.035035 
  534, 0.136283, 0.102137, 0.031452 
  535, 0.136283, 0.097157, 0.036544 
  536, 0.136283, 0.096839, 0.027977 
  537, 0.136283, 0.092924, 0.025542 
  538, 0.136283, 0.082469, 0.032073 
  539, 0.136283, 0.082082, 0.035968 
  540, 0.136283, 0.076385, 0.037622 
  541, 0.136283, 0.077275, 0.036140 
  542, 0.136283, 0.069518, 0.028070 
  543, 0.136283, 0.086204, 0.029921 
  544, 0.136283, 0.092870, 0.034476 
  545, 0.136283, 0.091839, 0.032270 
  546, 0.136283, 0.079334, 0.027666 
  547, 0.136283, 0.078637, 0.027966 
  548, 0.136283, 0.082821, 0.032337 
  549, 0.136283, 0.079804, 0.031793 
  550, 0.136283, 0.081703, 0.030309 
  551, 0.136283, 0.076239, 0.026030 
  552, 0.136283, 0.083970, 0.030653 
  553, 0.136283, 0.088131, 0.031979 
  554, 0.136283, 0.085069, 0.036534 
  555, 0.136283, 0.085298, 0.032634 
  556, 0.136283, 0.075145, 0.034341 
  557, 0.136283, 0.086046, 0.035475 
  558, 0.136283, 0.093658, 0.033700 
  559, 0.136283, 0.088338, 0.030217 
  560, 0.136283, 0.081786, 0.029374 
  561, 0.136283, 0.084998, 0.034058 
  562, 0.136283, 0.097411, 0.032261 
  563, 0.136283, 0.100751, 0.034915 
  564, 0.136283, 0.105056, 0.028807 
  565, 0.136283, 0.101474, 0.029099 
  566, 0.136283, 0.101642, 0.029762 
  567, 0.136283, 0.087410, 0.031596 
  568, 0.136283, 0.088329, 0.034983 
  569, 0.136283, 0.093536, 0.033692 
  570, 0.136283, 0.090703, 0.033242 
  571, 0.136283, 0.094030, 0.036174 
  572, 0.136283, 0.093769, 0.030875 
  573, 0.136283, 0.086705, 0.036599 
  574, 0.136283, 0.081068, 0.024996 
  575, 0.136283, 0.088364, 0.028801 
  576, 0.136283, 0.083151, 0.026593 
  577, 0.136283, 0.087699, 0.030656 
  578, 0.136283, 0.086393, 0.029174 
  579, 0.136283, 0.080967, 0.028222 
  580, 0.136283, 0.074825, 0.029812 
  581, 0.136283, 0.076617, 0.033493 
  582, 0.136283, 0.084594, 0.031853 
  583, 0.136283, 0.080875, 0.030138 
  584, 0.136283, 0.071428, 0.030139 
  585, 0.136283, 0.069652, 0.027340 
  586, 0.136283, 0.068832, 0.027184 
  587, 0.136283, 0.068402, 0.028030 
  588, 0.136283, 0.071001, 0.034706 
  589, 0.136283, 0.076392, 0.033586 
  590, 0.136283, 0.075952, 0.038853 
  591, 0.136283, 0.079347, 0.033000 
  592, 0.136283, 0.077584, 0.037010 
  593, 0.136283, 0.095668, 0.035191 
  594, 0.136283, 0.095797, 0.035143 
  595, 0.136283, 0.094374, 0.033041 
  596, 0.136283, 0.088066, 0.027886 
  597, 0.136283, 0.081789, 0.026969 
  598, 0.136283, 0.082328, 0.029678 
  599, 0.136283, 0.087719, 0.032117 
  600, 0.136283, 0.088916, 0.032042 
  601, 0.136283, 0.088659, 0.033813 
  602, 0.136283, 0.097308, 0.031377 
  603, 0.136283, 0.104172, 0.027408 
  604, 0.136283, 0.096351, 0.030187 
  605, 0.136283, 0.094611, 0.032491 
  606, 0.136283, 0.085158, 0.029970 
  607, 0.136283, 0.089892, 0.037674 
  608, 0.136283, 0.086480, 0.029756 
  609, 0.136283, 0.085117, 0.030300 
  610, 0.136283, 0.079754, 0.032736 
  611, 0.136283, 0.079256, 0.032718 
  612, 0.136283, 0.071751, 0.032859 
  613, 0.136283, 0.078030, 0.029803 
  614, 0.136283, 0.080948, 0.030650 
  615, 0.136283, 0.078210, 0.038044 
  616, 0.136283, 0.073417, 0.031023 
  617, 0.136283, 0.079843, 0.024721 
  618, 0.136283, 0.080253, 0.026946 
  619, 0.136283, 0.078368, 0.035301 
  620, 0.136283, 0.074895, 0.036155 
  621, 0.136283, 0.069715, 0.033221 
  622, 0.136283, 0.075878, 0.042336 
  623, 0.136283, 0.095976, 0.036938 
  624, 0.136283, 0.091698, 0.032501 
  625, 0.136283, 0.079827, 0.036280 
  626, 0.136283, 0.084590, 0.032432 
  627, 0.136283, 0.077921, 0.029540 
  628, 0.136283, 0.082405, 0.029513 
  629, 0.136283, 0.085059, 0.031782 
  630, 0.136283, 0.079670, 0.030881 
  631, 0.136283, 0.075631, 0.026941 
  632, 0.136283, 0.087923, 0.033140 
  633, 0.136283, 0.082134, 0.031350 
  634, 0.136283, 0.079471, 0.033435 
  635, 0.136283, 0.075376, 0.032257 
  636, 0.136283, 0.085228, 0.028075 
  637, 0.136283, 0.091589, 0.024950 
  638, 0.136283, 0.089311, 0.028454 
  639, 0.136283, 0.089028, 0.027257 
  640, 0.136283, 0.081595, 0.025644 
  641, 0.136283, 0.071648, 0.021593 
  642, 0.136283, 0.074842, 0.028265 
  643, 0.136283, 0.076992, 0.030677 
  644, 0.136283, 0.083044, 0.039452 
  645, 0.136283, 0.090372, 0.036423 
  646, 0.136283, 0.092402, 0.037982 
  647, 0.136283, 0.099753, 0.034350 
  648, 0.136283, 0.096568, 0.029141 
  649, 0.136283, 0.090140, 0.030960 
  650, 0.136283, 0.074892, 0.031592 
  651, 0.136283, 0.072509, 0.032778 
  652, 0.136283, 0.084930, 0.034923 
  653, 0.136283, 0.085274, 0.035212 
  654, 0.136283, 0.084090, 0.034175 
  655, 0.136283, 0.080627, 0.030582 
  656, 0.136283, 0.089731, 0.033650 
  657, 0.136283, 0.090887, 0.036220 
  658, 0.136283, 0.087048, 0.031917 
  659, 0.136283, 0.077845, 0.033213 
  660, 0.136283, 0.082318, 0.027197 
  661, 0.136283, 0.089356, 0.037701 
  662, 0.136283, 0.083640, 0.031238 
  663, 0.136283, 0.075933, 0.025061 
  664, 0.136283, 0.080116, 0.035027 
  665, 0.136283, 0.100971, 0.036844 
  666, 0.136283, 0.089944, 0.030460 
  667, 0.136283, 0.088394, 0.032194 
  668, 0.136283, 0.081151, 0.031731 
  669, 0.136283, 0.077554, 0.030294 
  670, 0.136283, 0.072593, 0.033439 
  671, 0.136283, 0.083142, 0.034625 
  672, 0.136283, 0.081252, 0.027472 
  673, 0.136283, 0.076591, 0.027683 
  674, 0.136283, 0.076738, 0.026864 
  675, 0.136283, 0.074895, 0.022619 
  676, 0.136283, 0.078504, 0.028120 
  677, 0.136283, 0.077713, 0.025952 
  678, 0.136283, 0.079205, 0.028469 
  679, 0.136283, 0.079697, 0.029230 
  680, 0.136283, 0.079564, 0.033066 
  681, 0.136283, 0.081232, 0.030580 
  682, 0.136283, 0.086897, 0.027616 
  683, 0.136283, 0.092364, 0.031937 
  684, 0.136283, 0.089022, 0.032961 
  685, 0.136283, 0.080550, 0.034593 
  686, 0.136283, 0.086525, 0.033273 
  687, 0.136283, 0.090125, 0.026771 
  688, 0.136283, 0.082329, 0.028420 
  689, 0.136283, 0.080616, 0.033281 
  690, 0.136283, 0.093365, 0.036199 
  691, 0.136283, 0.087135, 0.033291 
  692, 0.136283, 0.091989, 0.031052 
  693, 0.136283, 0.086959, 0.030817 
  694, 0.136283, 0.085490, 0.036866 
  695, 0.136283, 0.082814, 0.028707 
  696, 0.136283, 0.084159, 0.030241 
  697, 0.136283, 0.085118, 0.030275 
  698, 0.136283, 0.076879, 0.035988 
  699, 0.136283, 0.086828, 0.038770 
  700, 0.136283, 0.090348, 0.029078 
  701, 0.136283, 0.081499, 0.025783 
  702, 0.136283, 0.074233, 0.035369 
  703, 0.136283, 0.083265, 0.035147 
  704, 0.136283, 0.081105, 0.029268 
  705, 0.136283, 0.073232, 0.030890 
  706, 0.136283, 0.083226, 0.038003 
  707, 0.136283, 0.083155, 0.034199 
  708, 0.136283, 0.080706, 0.034605 
  709, 0.136283, 0.076849, 0.033454 
  710, 0.136283, 0.077004, 0.037035 
  711, 0.136283, 0.084280, 0.033846 
  712, 0.136283, 0.078591, 0.033661 
  713, 0.136283, 0.083022, 0.033284 
  714, 0.136283, 0.082948, 0.027258 
  715, 0.136283, 0.086808, 0.034646 
  716, 0.136283, 0.098881, 0.033901 
  717, 0.136283, 0.090497, 0.034080 
  718, 0.136283, 0.096221, 0.032110 
  719, 0.136283, 0.096030, 0.032378 
  720, 0.136283, 0.096698, 0.028227 
  721, 0.136283, 0.086544, 0.028992 
  722, 0.136283, 0.089377, 0.028608 
  723, 0.136283, 0.077968, 0.020062 
  724, 0.136283, 0.078029, 0.027008 
  725, 0.136283, 0.078360, 0.030494 
  726, 0.136283, 0.076499, 0.025603 
  727, 0.136283, 0.070121, 0.025368 
  728, 0.136283, 0.075562, 0.034139 
  729, 0.136283, 0.082124, 0.034306 
  730, 0.136283, 0.086598, 0.038358 
  731, 0.136283, 0.089708, 0.036228 
  732, 0.136283, 0.086058, 0.027696 
  733, 0.136283, 0.086851, 0.032002 
  734, 0.136283, 0.087544, 0.035329 
  735, 0.136283, 0.088062, 0.035168 
  736, 0.136283, 0.089198, 0.039774 
  737, 0.136283, 0.095671, 0.035736 
  738, 0.136283, 0.098206, 0.030939 
  739, 0.136283, 0.093852, 0.031516 
  740, 0.136283, 0.086069, 0.027097 
  741, 0.136283, 0.086839, 0.026182 
  742, 0.136283, 0.087863, 0.029793 
  743, 0.136283, 0.092118, 0.030541 
  744, 0.136283, 0.091941, 0.029408 
  745, 0.136283, 0.080888, 0.038954 
  746, 0.136283, 0.087785, 0.038864 
  747, 0.136283, 0.103640, 0.027537 
  748, 0.136283, 0.090542, 0.029794 
  749, 0.136283, 0.093389, 0.028036 
  750, 0.136283, 0.082974, 0.030519 
  751, 0.136283, 0.084067, 0.028512 
  752, 0.136283, 0.078362, 0.033218 
  753, 0.136283, 0.088476, 0.030572 
  754, 0.136283, 0.084726, 0.035720 
  755, 0.136283, 0.086528, 0.029955 
  756, 0.136283, 0.085863, 0.033490 
  757, 0.136283, 0.083314, 0.031985 
  758, 0.136283, 0.076112, 0.027110 
  759, 0.136283, 0.081207, 0.032896 
  760, 0.136283, 0.082948, 0.034094 
  761, 0.136283, 0.087026, 0.036725 
  762, 0.136283, 0.086860, 0.031577 
  763, 0.136283, 0.092797, 0.031368 
  764, 0.136283, 0.095513, 0.031235 
  765, 0.136283, 0.087930, 0.028860 
  766, 0.136283, 0.089907, 0.034062 
  767, 0.136283, 0.090535, 0.037414 
  768, 0.136283, 0.091254, 0.037060 
  769, 0.136283, 0.098530, 0.031669 
  770, 0.136283, 0.091096, 0.034121 
  771, 0.136283, 0.091125, 0.034151 
  772, 0.136283, 0.091929, 0.034153 
  773, 0.136283, 0.094476, 0.033755 
  774, 0.136283, 0.089669, 0.032200 
  775, 0.136283, 0.092302, 0.033639 
  776, 0.136283, 0.103181, 0.028623 
  777, 0.136283, 0.093567, 0.033004 
  778, 0.136283, 0.095907, 0.036203 
  779, 0.136283, 0.086580, 0.031712 
  780, 0.136283, 0.093426, 0.034590 
  781, 0.136283, 0.081066, 0.022999 
  782, 0.136283, 0.083244, 0.032137 
  783, 0.136283, 0.077861, 0.029283 
  784, 0.136283, 0.076432, 0.036886 
  785, 0.136283, 0.077332, 0.039087 
  786, 0.136283, 0.083081, 0.037739 
  787, 0.136283, 0.083932, 0.031808 
  788, 0.136283, 0.089757, 0.033623 
  789, 0.136283, 0.093907, 0.035702 
  790, 0.136283, 0.087131, 0.035261 
  791, 0.136283, 0.080037, 0.037117 
  792, 0.136283, 0.086416, 0.029902 
  793, 0.136283, 0.092521, 0.033482 
  794, 0.136283, 0.092495, 0.034619 
  795, 0.136283, 0.098996, 0.034378 
  796, 0.136283, 0.091133, 0.033910 
  797, 0.136283, 0.088123, 0.030864 
  798, 0.136283, 0.091891, 0.033946 
  799, 0.136283, 0.092251, 0.036242 
  800, 0.136283, 0.097653, 0.033753 
  801, 0.136283, 0.097100, 0.033999 
  802, 0.136283, 0.096461, 0.035579 
  803, 0.136283, 0.098036, 0.033892 
  804, 0.136283, 0.091629, 0.034221 
  805, 0.136283, 0.096966, 0.029384 
  806, 0.136283, 0.092850, 0.029587 
  807, 0.136283, 0.085976, 0.023087 
  808, 0.136283, 0.078586, 0.025360 
  809, 0.136283, 0.083769, 0.027704 
  810, 0.136283, 0.081348, 0.022659 
  811, 0.136283, 0.083744, 0.025624 
  812, 0.136283, 0.084789, 0.025727 
  813, 0.136283, 0.081833, 0.030153 
  814, 0.136283, 0.079048, 0.027081 
  815, 0.136283, 0.081319, 0.030047 
  816, 0.136283, 0.082876, 0.032380 
  817, 0.136283, 0.079441, 0.030264 
  818, 0.136283, 0.083050, 0.031513 
  819, 0.136283, 0.087089, 0.032847 
  820, 0.136283, 0.085014, 0.031569 
  821, 0.136283, 0.091154, 0.037819 
  822, 0.136283, 0.084787, 0.032572 
  823, 0.136283, 0.087805, 0.030755 
  824, 0.136283, 0.081517, 0.031591 
  825, 0.136283, 0.090063, 0.031733 
  826, 0.136283, 0.092058, 0.029391 
  827, 0.136283, 0.081195, 0.032728 
  828, 0.136283, 0.079333, 0.037696 
  829, 0.136283, 0.074187, 0.039122 
  830, 0.136283, 0.085222, 0.036985 
  831, 0.136283, 0.080015, 0.033088 
  832, 0.136283, 0.082039, 0.032698 
  833, 0.136283, 0.082410, 0.028501 
  834, 0.136283, 0.092161, 0.030895 
  835, 0.136283, 0.086006, 0.036730 
  836, 0.136283, 0.088113, 0.035049 
  837, 0.136283, 0.090547, 0.031378 
  838, 0.136283, 0.086008, 0.037920 
  839, 0.136283, 0.092470, 0.038378 
  840, 0.136283, 0.105767, 0.033762 
  841, 0.136283, 0.100047, 0.029989 
  842, 0.136283, 0.092919, 0.028340 
  843, 0.136283, 0.075301, 0.027089 
  844, 0.136283, 0.082273, 0.032771 
  845, 0.136283, 0.071688, 0.035722 
  846, 0.136283, 0.080337, 0.032670 
  847, 0.136283, 0.083134, 0.032585 
  848, 0.136283, 0.082170, 0.039014 
  849, 0.136283, 0.087047, 0.038245 
  850, 0.136283, 0.100776, 0.029098 
  851, 0.136283, 0.091495, 0.029353 
  852, 0.136283, 0.089429, 0.022857 
  853, 0.136283, 0.088501, 0.028950 
  854, 0.136283, 0.081758, 0.029634 
  855, 0.136283, 0.078890, 0.029995 
  856, 0.136283, 0.074830, 0.032661 
  857, 0.136283, 0.087179, 0.035097 
  858, 0.136283, 0.086811, 0.035350 
  859, 0.136283, 0.089203, 0.031194 
  860, 0.136283, 0.078170, 0.034980 
  861, 0.136283, 0.082936, 0.031762 
  862, 0.136283, 0.087231, 0.032030 
  863, 0.136283, 0.081719, 0.036994 
  864, 0.136283, 0.079782, 0.028051 
  865, 0.136283, 0.083491, 0.026114 
  866, 0.136283, 0.079822, 0.029764 
  867, 0.136283, 0.077043, 0.033609 
  868, 0.136283, 0.069627, 0.027088 
  869, 0.136283, 0.083674, 0.031907 
  870, 0.136283, 0.073388, 0.027607 
  871, 0.136283, 0.084990, 0.037990 
  872, 0.136283, 0.089852, 0.034799 
  873, 0.136283, 0.091392, 0.032929 
  874, 0.136283, 0.084518, 0.029802 
  875, 0.136283, 0.077019, 0.029078 
  876, 0.136283, 0.077724, 0.028850 
  877, 0.136283, 0.077597, 0.026518 
  878, 0.136283, 0.078258, 0.033364 
  879, 0.136283, 0.090447, 0.032007 
  880, 0.136283, 0.081413, 0.024563 
  881, 0.136283, 0.073487, 0.027808 
  882, 0.136283, 0.079093, 0.030315 
  883, 0.136283, 0.080173, 0.035027 
  884, 0.136283, 0.075843, 0.033768 
  885, 0.136283, 0.083980, 0.036620 
  886, 0.136283, 0.087786, 0.028829 
  887, 0.136283, 0.084435, 0.030747 
  888, 0.136283, 0.086033, 0.031726 
  889, 0.136283, 0.089938, 0.030229 
  890, 0.136283, 0.097437, 0.036326 
  891, 0.136283, 0.098666, 0.033875 
  892, 0.136283, 0.089096, 0.029605 
  893, 0.136283, 0.083767, 0.029313 
  894, 0.136283, 0.092078, 0.031012 
  895, 0.136283, 0.091180, 0.025876 
  896, 0.136283, 0.091691, 0.030863 
  897, 0.136283, 0.087371, 0.028223 
  898, 0.136283, 0.087244, 0.024938 
  899, 0.136283, 0.082919, 0.033275 
  900, 0.136283, 0.085581, 0.033970 
  901, 0.136283, 0.096097, 0.031951 
  902, 0.136283, 0.089842, 0.030162 
  903, 0.136283, 0.080976, 0.033194 
  904, 0.136283, 0.080376, 0.034152 
  905, 0.136283, 0.078218, 0.033751 
  906, 0.136283, 0.085498, 0.035846 
  907, 0.136283, 0.084725, 0.029730 
  908, 0.136283, 0.086895, 0.033926 
  909, 0.136283, 0.079016, 0.029474 
  910, 0.136283, 0.083571, 0.032910 
  911, 0.136283, 0.078325, 0.034182 
  912, 0.136283, 0.084732, 0.027011 
  913, 0.136283, 0.083857, 0.030328 
  914, 0.136283, 0.082252, 0.030532 
  915, 0.136283, 0.080448, 0.029276 
  916, 0.136283, 0.081806, 0.035822 
  917, 0.136283, 0.086360, 0.040197 
  918, 0.136283, 0.085431, 0.035640 
  919, 0.136283, 0.085478, 0.032136 
  920, 0.136283, 0.080103, 0.029106 
  921, 0.136283, 0.074524, 0.031082 
  922, 0.136283, 0.076085, 0.030512 
  923, 0.136283, 0.083098, 0.034128 
  924, 0.136283, 0.084123, 0.032796 
  925, 0.136283, 0.091189, 0.029671 
  926, 0.136283, 0.088690, 0.029106 
  927, 0.136283, 0.077619, 0.029921 
  928, 0.136283, 0.076445, 0.025773 
  929, 0.136283, 0.079198, 0.031787 
  930, 0.136283, 0.077389, 0.034498 
  931, 0.136283, 0.067669, 0.036623 
  932, 0.136283, 0.074183, 0.035383 
  933, 0.136283, 0.074057, 0.034039 
  934, 0.136283, 0.092655, 0.039611 
  935, 0.136283, 0.094176, 0.033999 
  936, 0.136283, 0.081861, 0.034377 
  937, 0.136283, 0.083790, 0.035351 
  938, 0.136283, 0.093999, 0.028726 
  939, 0.136283, 0.080444, 0.028837 
  940, 0.136283, 0.082346, 0.027981 
  941, 0.136283, 0.092498, 0.023485 
  942, 0.136283, 0.089191, 0.028927 
  943, 0.136283, 0.084250, 0.034593 
  944, 0.136283, 0.087034, 0.034449 
  945, 0.136283, 0.096104, 0.035531 
  946, 0.136283, 0.092273, 0.036233 
  947, 0.136283, 0.084741, 0.032426 
  948, 0.136283, 0.079928, 0.031120 
  949, 0.136283, 0.073854, 0.029089 
  950, 0.136283, 0.073520, 0.032836 
  951, 0.136283, 0.082568, 0.033471 
  952, 0.136283, 0.063288, 0.034393 
  953, 0.136283, 0.080327, 0.038151 
  954, 0.136283, 0.079885, 0.034216 
  955, 0.136283, 0.087269, 0.028264 
  956, 0.136283, 0.087346, 0.027258 
  957, 0.136283, 0.093367, 0.033359 
  958, 0.136283, 0.085112, 0.029154 
  959, 0.136283, 0.083506, 0.028594 
  960, 0.136283, 0.083768, 0.031299 
  961, 0.136283, 0.086713, 0.032320 
  962, 0.136283, 0.090214, 0.036566 
  963, 0.136283, 0.093480, 0.030696 
  964, 0.136283, 0.091047, 0.033607 
  965, 0.136283, 0.082720, 0.029508 
  966, 0.136283, 0.097121, 0.039464 
  967, 0.136283, 0.094031, 0.035480 
  968, 0.136283, 0.100200, 0.030360 
  969, 0.136283, 0.081153, 0.031655 
  970, 0.136283, 0.081642, 0.032432 
  971, 0.136283, 0.077117, 0.030293 
  972, 0.136283, 0.081088, 0.033712 
  973, 0.136283, 0.080488, 0.027851 
  974, 0.136283, 0.074247, 0.026189 
  975, 0.136283, 0.067065, 0.022152 
  976, 0.136283, 0.070595, 0.033666 
  977, 0.136283, 0.069382, 0.031754 
  978, 0.136283, 0.074570, 0.029907 
  979, 0.136283, 0.074043, 0.029709 
  980, 0.136283, 0.067907, 0.032833 
  981, 0.136283, 0.077268, 0.030078 
  982, 0.136283, 0.077042, 0.028306 
  983, 0.136283, 0.069947, 0.023330 
  984, 0.136283, 0.081056, 0.031574 
  985, 0.136283, 0.083681, 0.027627 
  986, 0.136283, 0.091018, 0.030283 
  987, 0.136283, 0.082634, 0.027362 
  988, 0.136283, 0.075595, 0.030543 
  989, 0.136283, 0.079646, 0.029645 
  990, 0.136283, 0.082009, 0.037914 
  991, 0.136283, 0.073831, 0.032781 
  992, 0.136283, 0.082147, 0.036910 
  993, 0.136283, 0.083821, 0.030789 
  994, 0.136283, 0.084934, 0.028491 
  995, 0.136283, 0.093477, 0.030740 
  996, 0.136283, 0.087921, 0.030573 
  997, 0.136283, 0.084995, 0.028690 
  998, 0.136283, 0.085238, 0.038207 
  999, 0.136283, 0.098741, 0.033479 
 1000, 0.136283, 0.100509, 0.031305  
Execute time is:508.539422 ms


 Simulation completed

 Best member: 

 var(0) = 0
 var(1) = 0
 var(2) = 0
 var(3) = 0
 var(4) = 1
 var(5) = 0
 var(6) = 0
 var(7) = 0
 var(8) = 0
 var(9) = 0
 var(10) = 0
 var(11) = 0
 var(12) = 0
 var(13) = 0
 var(14) = 0
 var(15) = 0
 var(16) = 0
 var(17) = 0
 var(18) = 0
 var(19) = 0
 var(20) = 0
 var(21) = 1
 var(22) = 0
 var(23) = 0
 var(24) = 0
 var(25) = 1
 var(26) = 0
 var(27) = 0
 var(28) = 0
 var(29) = 0
 var(30) = 0
 var(31) = 0
 var(32) = 0
 var(33) = 0
 var(34) = 0
 var(35) = 0
 var(36) = 0
 var(37) = 0
 var(38) = 0
 var(39) = 0
 var(40) = 0
 var(41) = 1
 var(42) = 0
 var(43) = 0
 var(44) = 0
 var(45) = 0
 var(46) = 0
 var(47) = 0
 var(48) = 0
 var(49) = 1
 var(50) = 0
 var(51) = 1
 var(52) = 0
 var(53) = 0
 var(54) = 1
 var(55) = 0

 Best fitness = 0.136283