
 generation best average standard 
 number value fitness deviation 
 maxFlow:197 

    1, 0.015369, 0.015369, -1.#IND00 
    2, 0.015369, 0.011926, 0.003520 
    3, 0.016326, 0.011287, 0.004408 
    4, 0.029126, 0.011001, 0.006568 
    5, 0.037423, 0.011998, 0.009446 
    6, 0.037423, 0.019246, 0.012789 
    7, 0.037423, 0.019114, 0.012107 
    8, 0.037423, 0.020633, 0.008656 
    9, 0.037423, 0.016248, 0.008897 
   10, 0.037423, 0.018646, 0.010654 
   11, 0.037423, 0.018263, 0.009770 
   12, 0.038303, 0.016992, 0.008894 
   13, 0.038303, 0.015539, 0.010305 
   14, 0.038303, 0.015652, 0.008531 
   15, 0.038303, 0.016321, 0.008793 
   16, 0.039753, 0.015588, 0.009008 
   17, 0.039753, 0.022504, 0.012488 
   18, 0.039753, 0.022631, 0.011201 
   19, 0.039753, 0.022292, 0.010097 
   20, 0.039753, 0.020703, 0.009428 
   21, 0.039753, 0.021251, 0.011317 
   22, 0.039753, 0.021422, 0.011817 
   23, 0.039753, 0.016956, 0.009635 
   24, 0.040577, 0.011999, 0.006300 
   25, 0.040577, 0.017787, 0.012947 
   26, 0.040577, 0.021824, 0.012151 
   27, 0.040577, 0.023102, 0.008940 
   28, 0.040577, 0.021132, 0.009676 
   29, 0.040577, 0.022095, 0.011263 
   30, 0.048668, 0.024304, 0.013228 
   31, 0.056109, 0.025109, 0.015172 
   32, 0.057822, 0.020733, 0.009317 
   33, 0.057822, 0.020251, 0.013719 
   34, 0.057822, 0.022457, 0.015285 
   35, 0.057822, 0.027837, 0.015402 
   36, 0.057822, 0.027792, 0.013394 
   37, 0.057822, 0.032139, 0.016190 
   38, 0.061477, 0.032361, 0.016981 
   39, 0.061477, 0.030612, 0.015670 
   40, 0.061477, 0.031483, 0.015471 
   41, 0.061477, 0.033032, 0.018004 
   42, 0.061477, 0.027031, 0.016895 
   43, 0.061477, 0.023323, 0.014843 
   44, 0.061477, 0.028808, 0.018386 
   45, 0.061477, 0.033690, 0.019239 
   46, 0.063691, 0.033154, 0.016732 
   47, 0.063691, 0.038351, 0.019677 
   48, 0.063691, 0.035885, 0.014427 
   49, 0.063691, 0.033447, 0.015884 
   50, 0.063691, 0.037826, 0.016517 
   51, 0.063691, 0.041566, 0.016005 
   52, 0.063691, 0.034628, 0.015860 
   53, 0.063691, 0.027971, 0.011817 
   54, 0.063691, 0.029994, 0.017345 
   55, 0.063691, 0.025773, 0.015661 
   56, 0.063691, 0.026503, 0.015092 
   57, 0.063691, 0.028804, 0.016856 
   58, 0.078002, 0.028492, 0.018002 
   59, 0.080954, 0.028231, 0.019528 
   60, 0.080954, 0.029808, 0.024492 
   61, 0.080954, 0.040475, 0.024751 
   62, 0.080954, 0.050670, 0.023468 
   63, 0.080954, 0.048312, 0.024910 
   64, 0.104060, 0.044729, 0.022666 
   65, 0.104060, 0.050514, 0.025541 
   66, 0.110079, 0.052153, 0.029893 
   67, 0.110079, 0.056886, 0.034239 
   68, 0.110079, 0.070296, 0.032878 
   69, 0.110079, 0.068613, 0.029587 
   70, 0.110079, 0.061566, 0.027877 
   71, 0.110079, 0.062841, 0.026330 
   72, 0.110079, 0.059083, 0.025311 
   73, 0.110079, 0.056812, 0.026268 
   74, 0.110079, 0.054991, 0.025255 
   75, 0.110079, 0.038873, 0.025333 
   76, 0.110079, 0.048412, 0.033423 
   77, 0.110079, 0.071338, 0.031517 
   78, 0.110079, 0.057773, 0.029767 
   79, 0.110079, 0.057457, 0.015333 
   80, 0.110079, 0.053443, 0.024441 
   81, 0.110079, 0.044628, 0.023024 
   82, 0.110079, 0.051047, 0.022900 
   83, 0.110079, 0.043072, 0.029073 
   84, 0.110079, 0.039881, 0.025914 
   85, 0.110079, 0.035979, 0.024490 
   86, 0.110079, 0.042084, 0.032299 
   87, 0.110079, 0.047509, 0.035103 
   88, 0.110079, 0.058131, 0.035741 
   89, 0.110079, 0.057198, 0.032338 
   90, 0.110079, 0.051968, 0.026982 
   91, 0.110079, 0.047112, 0.025631 
   92, 0.110079, 0.051105, 0.025652 
   93, 0.110079, 0.047546, 0.019957 
   94, 0.110079, 0.037034, 0.023304 
   95, 0.110079, 0.044069, 0.030617 
   96, 0.110079, 0.034368, 0.024011 
   97, 0.110079, 0.061892, 0.037729 
   98, 0.110079, 0.062082, 0.034319 
   99, 0.110079, 0.063251, 0.027220 
  100, 0.110079, 0.056364, 0.031853 
  101, 0.110079, 0.046890, 0.032143 
  102, 0.110079, 0.044370, 0.028231 
  103, 0.110079, 0.054688, 0.035277 
  104, 0.110079, 0.052492, 0.029021 
  105, 0.110079, 0.058164, 0.022398 
  106, 0.110079, 0.056387, 0.023056 
  107, 0.110079, 0.054130, 0.030318 
  108, 0.110079, 0.045691, 0.027767 
  109, 0.110079, 0.058775, 0.028359 
  110, 0.110079, 0.061057, 0.029149 
  111, 0.110792, 0.066340, 0.023410 
  112, 0.110792, 0.063027, 0.027410 
  113, 0.110792, 0.057433, 0.027592 
  114, 0.110792, 0.062651, 0.031110 
  115, 0.110792, 0.051992, 0.030012 
  116, 0.110792, 0.049874, 0.026980 
  117, 0.110792, 0.049455, 0.024077 
  118, 0.110792, 0.047415, 0.026904 
  119, 0.110792, 0.054184, 0.023699 
  120, 0.110792, 0.051942, 0.020035 
  121, 0.110792, 0.047430, 0.026936 
  122, 0.110792, 0.052716, 0.031282 
  123, 0.110792, 0.056987, 0.033061 
  124, 0.110792, 0.063241, 0.030926 
  125, 0.110792, 0.055284, 0.033851 
  126, 0.110792, 0.048861, 0.028635 
  127, 0.110792, 0.045546, 0.026771 
  128, 0.110792, 0.050882, 0.034783 
  129, 0.110792, 0.059795, 0.030985 
  130, 0.110792, 0.061569, 0.026764 
  131, 0.110792, 0.062264, 0.028097 
  132, 0.110792, 0.065701, 0.029162 
  133, 0.110792, 0.047981, 0.023947 
  134, 0.110792, 0.041521, 0.025503 
  135, 0.110792, 0.052691, 0.037907 
  136, 0.110792, 0.053466, 0.031132 
  137, 0.110792, 0.065056, 0.029713 
  138, 0.111418, 0.061776, 0.028933 
  139, 0.111418, 0.057798, 0.032283 
  140, 0.111418, 0.066979, 0.029629 
  141, 0.111418, 0.054011, 0.018049 
  142, 0.111418, 0.056452, 0.030274 
  143, 0.111418, 0.050082, 0.027555 
  144, 0.111418, 0.041442, 0.020756 
  145, 0.111418, 0.049600, 0.033323 
  146, 0.111418, 0.053335, 0.034930 
  147, 0.111418, 0.058404, 0.029977 
  148, 0.111418, 0.052897, 0.029655 
  149, 0.111418, 0.066627, 0.033061 
  150, 0.111418, 0.069349, 0.030571 
  151, 0.111418, 0.059103, 0.030335 
  152, 0.111418, 0.051605, 0.030682 
  153, 0.111418, 0.058652, 0.030212 
  154, 0.111418, 0.057685, 0.028802 
  155, 0.111418, 0.055172, 0.027624 
  156, 0.111418, 0.050804, 0.032035 
  157, 0.111418, 0.054861, 0.028505 
  158, 0.111418, 0.054488, 0.032016 
  159, 0.112597, 0.060447, 0.029892 
  160, 0.112597, 0.058718, 0.030468 
  161, 0.112597, 0.069644, 0.031974 
  162, 0.113327, 0.063956, 0.029254 
  163, 0.113327, 0.052777, 0.022923 
  164, 0.113327, 0.046158, 0.027018 
  165, 0.113327, 0.042981, 0.030126 
  166, 0.113327, 0.049424, 0.029920 
  167, 0.113327, 0.058551, 0.028609 
  168, 0.113327, 0.059929, 0.033296 
  169, 0.113327, 0.059998, 0.029300 
  170, 0.113327, 0.058121, 0.027307 
  171, 0.113327, 0.058053, 0.030454 
  172, 0.113327, 0.056421, 0.030952 
  173, 0.113327, 0.050690, 0.019247 
  174, 0.113327, 0.057373, 0.035735 
  175, 0.113327, 0.060392, 0.031415 
  176, 0.113327, 0.058650, 0.032304 
  177, 0.113327, 0.060435, 0.032596 
  178, 0.119903, 0.059763, 0.030413 
  179, 0.119903, 0.060668, 0.030879 
  180, 0.119903, 0.051054, 0.028694 
  181, 0.119903, 0.054455, 0.030148 
  182, 0.119903, 0.052519, 0.030126 
  183, 0.119903, 0.046843, 0.022940 
  184, 0.119903, 0.055012, 0.033134 
  185, 0.119903, 0.085668, 0.035768 
  186, 0.119903, 0.081662, 0.031271 
  187, 0.119903, 0.060836, 0.027602 
  188, 0.119903, 0.058312, 0.032000 
  189, 0.119903, 0.058208, 0.027096 
  190, 0.119903, 0.067548, 0.032568 
  191, 0.119903, 0.058594, 0.029323 
  192, 0.119903, 0.053725, 0.029101 
  193, 0.119903, 0.047259, 0.031001 
  194, 0.119903, 0.051578, 0.031476 
  195, 0.119903, 0.059830, 0.030832 
  196, 0.119903, 0.059656, 0.036905 
  197, 0.119903, 0.068707, 0.037023 
  198, 0.119903, 0.062828, 0.037243 
  199, 0.119903, 0.067150, 0.030050 
  200, 0.119903, 0.058300, 0.032667 
  201, 0.119903, 0.049952, 0.032050 
  202, 0.119903, 0.056578, 0.032576 
  203, 0.119903, 0.066267, 0.039827 
  204, 0.119903, 0.066339, 0.031299 
  205, 0.119903, 0.057938, 0.026044 
  206, 0.119903, 0.055657, 0.029674 
  207, 0.119903, 0.057993, 0.030125 
  208, 0.119903, 0.062031, 0.034714 
  209, 0.119903, 0.074890, 0.030570 
  210, 0.119903, 0.059767, 0.029083 
  211, 0.119903, 0.064588, 0.032560 
  212, 0.119903, 0.056630, 0.035678 
  213, 0.119903, 0.055547, 0.030571 
  214, 0.119903, 0.056283, 0.031580 
  215, 0.119903, 0.063164, 0.033152 
  216, 0.119903, 0.065882, 0.035437 
  217, 0.119903, 0.064867, 0.030042 
  218, 0.119903, 0.054518, 0.032077 
  219, 0.119903, 0.062336, 0.030608 
  220, 0.119903, 0.051579, 0.025034 
  221, 0.119903, 0.065079, 0.031465 
  222, 0.119903, 0.074263, 0.041438 
  223, 0.119903, 0.069572, 0.029774 
  224, 0.119903, 0.054341, 0.027098 
  225, 0.119903, 0.053998, 0.025641 
  226, 0.119903, 0.054018, 0.030371 
  227, 0.119903, 0.048661, 0.024092 
  228, 0.119903, 0.050891, 0.035471 
  229, 0.119903, 0.066352, 0.042113 
  230, 0.119903, 0.056411, 0.030380 
  231, 0.119903, 0.052483, 0.031496 
  232, 0.119903, 0.060415, 0.033512 
  233, 0.119903, 0.064016, 0.037626 
  234, 0.119903, 0.070271, 0.031781 
  235, 0.119903, 0.058218, 0.028410 
  236, 0.119903, 0.047416, 0.025463 
  237, 0.119903, 0.046269, 0.022834 
  238, 0.119903, 0.038807, 0.025933 
  239, 0.119903, 0.045529, 0.038844 
  240, 0.119903, 0.046201, 0.034313 
  241, 0.119903, 0.050156, 0.033241 
  242, 0.119903, 0.059584, 0.034293 
  243, 0.119903, 0.068570, 0.034932 
  244, 0.119903, 0.069781, 0.033108 
  245, 0.119903, 0.061752, 0.028670 
  246, 0.119903, 0.065769, 0.030963 
  247, 0.119903, 0.061542, 0.026293 
  248, 0.119903, 0.059313, 0.029164 
  249, 0.119903, 0.053935, 0.028010 
  250, 0.119903, 0.054817, 0.030199 
  251, 0.119903, 0.059145, 0.030833 
  252, 0.119903, 0.064368, 0.035424 
  253, 0.119903, 0.063444, 0.029963 
  254, 0.119903, 0.053034, 0.031979 
  255, 0.119903, 0.067678, 0.036996 
  256, 0.119903, 0.063191, 0.031477 
  257, 0.119903, 0.070229, 0.037280 
  258, 0.119903, 0.059036, 0.036865 
  259, 0.119903, 0.062279, 0.032377 
  260, 0.119903, 0.053063, 0.031666 
  261, 0.119903, 0.051214, 0.037081 
  262, 0.119903, 0.059839, 0.037433 
  263, 0.119903, 0.065071, 0.036900 
  264, 0.119903, 0.067907, 0.028229 
  265, 0.119903, 0.058836, 0.027737 
  266, 0.119903, 0.048542, 0.022336 
  267, 0.119903, 0.042927, 0.031622 
  268, 0.119903, 0.052744, 0.038565 
  269, 0.119903, 0.064254, 0.030578 
  270, 0.119903, 0.061711, 0.033213 
  271, 0.119903, 0.059001, 0.032459 
  272, 0.119903, 0.060756, 0.039282 
  273, 0.119903, 0.062630, 0.034469 
  274, 0.119903, 0.059343, 0.034034 
  275, 0.119903, 0.060678, 0.035321 
  276, 0.119903, 0.064564, 0.036127 
  277, 0.119903, 0.067841, 0.028855 
  278, 0.119903, 0.059731, 0.031633 
  279, 0.119903, 0.060409, 0.031920 
  280, 0.119903, 0.061075, 0.026751 
  281, 0.119903, 0.062604, 0.028104 
  282, 0.119903, 0.056095, 0.029562 
  283, 0.119903, 0.050273, 0.030934 
  284, 0.119903, 0.057181, 0.038527 
  285, 0.119903, 0.060631, 0.031862 
  286, 0.119903, 0.068456, 0.032643 
  287, 0.119903, 0.057005, 0.030634 
  288, 0.119903, 0.051480, 0.024768 
  289, 0.119903, 0.047280, 0.025194 
  290, 0.119903, 0.043809, 0.032200 
  291, 0.119903, 0.042901, 0.024689 
  292, 0.119903, 0.044504, 0.028025 
  293, 0.119903, 0.043949, 0.030447 
  294, 0.119903, 0.055653, 0.039696 
  295, 0.119903, 0.057804, 0.030205 
  296, 0.119903, 0.056863, 0.029496 
  297, 0.119903, 0.063015, 0.035473 
  298, 0.119903, 0.059089, 0.029201 
  299, 0.119903, 0.068487, 0.033631 
  300, 0.119903, 0.059172, 0.027371 
  301, 0.119903, 0.053766, 0.029650 
  302, 0.119903, 0.052938, 0.033560 
  303, 0.119903, 0.057831, 0.034265 
  304, 0.119903, 0.067502, 0.037089 
  305, 0.119903, 0.071608, 0.030735 
  306, 0.119903, 0.058589, 0.029915 
  307, 0.119903, 0.051534, 0.023408 
  308, 0.119903, 0.066935, 0.033708 
  309, 0.119903, 0.061086, 0.029381 
  310, 0.119903, 0.048542, 0.024198 
  311, 0.119903, 0.057462, 0.038445 
  312, 0.119903, 0.056758, 0.030467 
  313, 0.119903, 0.062324, 0.025477 
  314, 0.119903, 0.051113, 0.026115 
  315, 0.119903, 0.054575, 0.030094 
  316, 0.119903, 0.062012, 0.031018 
  317, 0.119903, 0.051520, 0.029867 
  318, 0.119903, 0.058978, 0.036010 
  319, 0.119903, 0.062384, 0.037450 
  320, 0.119903, 0.067537, 0.034445 
  321, 0.119903, 0.070230, 0.033967 
  322, 0.119903, 0.067901, 0.027707 
  323, 0.119903, 0.052551, 0.024845 
  324, 0.119903, 0.047979, 0.025170 
  325, 0.119903, 0.051513, 0.034419 
  326, 0.119903, 0.065176, 0.032775 
  327, 0.119903, 0.058192, 0.032055 
  328, 0.119903, 0.066076, 0.036572 
  329, 0.119903, 0.049780, 0.025004 
  330, 0.119903, 0.062280, 0.036993 
  331, 0.119903, 0.055420, 0.035176 
  332, 0.119903, 0.056981, 0.040535 
  333, 0.119903, 0.064564, 0.033084 
  334, 0.119903, 0.074507, 0.034014 
  335, 0.119903, 0.068250, 0.035759 
  336, 0.119903, 0.058759, 0.033300 
  337, 0.119903, 0.054932, 0.027134 
  338, 0.119903, 0.061075, 0.031513 
  339, 0.119903, 0.062033, 0.031444 
  340, 0.119903, 0.049874, 0.026325 
  341, 0.119903, 0.049417, 0.033864 
  342, 0.119903, 0.051522, 0.029270 
  343, 0.119903, 0.065643, 0.037591 
  344, 0.119903, 0.057521, 0.032234 
  345, 0.119903, 0.059087, 0.036560 
  346, 0.119903, 0.061782, 0.029471 
  347, 0.119903, 0.065821, 0.034100 
  348, 0.119903, 0.067430, 0.029526 
  349, 0.119903, 0.067753, 0.037907 
  350, 0.119903, 0.068711, 0.032717 
  351, 0.119903, 0.067064, 0.036820 
  352, 0.119903, 0.060825, 0.030981 
  353, 0.119903, 0.063982, 0.030348 
  354, 0.119903, 0.073463, 0.034130 
  355, 0.119903, 0.074653, 0.036297 
  356, 0.119903, 0.066030, 0.034999 
  357, 0.119903, 0.063996, 0.030928 
  358, 0.119903, 0.064894, 0.030421 
  359, 0.119903, 0.045264, 0.020582 
  360, 0.119903, 0.049530, 0.030577 
  361, 0.119903, 0.051927, 0.040762 
  362, 0.119903, 0.066100, 0.045013 
  363, 0.119903, 0.069752, 0.033620 
  364, 0.119903, 0.066711, 0.033458 
  365, 0.119903, 0.048343, 0.023019 
  366, 0.119903, 0.052245, 0.032498 
  367, 0.119903, 0.052803, 0.031782 
  368, 0.119903, 0.057044, 0.033833 
  369, 0.119903, 0.063500, 0.038265 
  370, 0.119903, 0.065526, 0.035788 
  371, 0.119903, 0.074786, 0.036941 
  372, 0.119903, 0.076332, 0.032163 
  373, 0.119903, 0.076388, 0.034995 
  374, 0.119903, 0.059015, 0.028256 
  375, 0.119903, 0.058206, 0.030642 
  376, 0.119903, 0.053912, 0.031008 
  377, 0.119903, 0.055470, 0.032071 
  378, 0.119903, 0.064946, 0.041534 
  379, 0.119903, 0.067498, 0.032105 
  380, 0.119903, 0.053715, 0.031462 
  381, 0.119903, 0.054990, 0.034458 
  382, 0.119903, 0.061161, 0.031833 
  383, 0.119903, 0.066068, 0.035178 
  384, 0.119903, 0.060653, 0.034549 
  385, 0.119903, 0.057676, 0.029669 
  386, 0.119903, 0.061077, 0.032706 
  387, 0.119903, 0.060263, 0.031526 
  388, 0.119903, 0.047699, 0.032216 
  389, 0.119903, 0.034531, 0.023261 
  390, 0.119903, 0.051914, 0.037102 
  391, 0.119903, 0.057386, 0.033299 
  392, 0.119903, 0.057722, 0.025361 
  393, 0.119903, 0.058135, 0.033494 
  394, 0.119903, 0.061946, 0.028014 
  395, 0.119903, 0.062595, 0.031370 
  396, 0.119903, 0.066580, 0.034677 
  397, 0.119903, 0.064227, 0.033644 
  398, 0.119903, 0.055285, 0.031294 
  399, 0.119903, 0.054326, 0.030788 
  400, 0.119903, 0.068891, 0.035735 
  401, 0.119903, 0.077776, 0.033681 
  402, 0.119903, 0.072025, 0.030621 
  403, 0.119903, 0.073971, 0.031349 
  404, 0.119903, 0.062518, 0.032740 
  405, 0.119903, 0.058560, 0.028084 
  406, 0.119903, 0.057048, 0.034278 
  407, 0.119903, 0.056675, 0.031020 
  408, 0.119903, 0.058479, 0.032171 
  409, 0.119903, 0.064907, 0.033189 
  410, 0.119903, 0.062760, 0.027356 
  411, 0.119903, 0.065958, 0.032941 
  412, 0.119903, 0.070286, 0.035582 
  413, 0.119903, 0.056835, 0.026947 
  414, 0.119903, 0.054914, 0.024873 
  415, 0.119903, 0.061914, 0.036078 
  416, 0.119903, 0.080933, 0.034458 
  417, 0.119903, 0.072547, 0.030076 
  418, 0.119903, 0.072976, 0.034797 
  419, 0.119903, 0.067085, 0.029684 
  420, 0.119903, 0.054550, 0.023645 
  421, 0.119903, 0.045192, 0.027480 
  422, 0.119903, 0.053508, 0.036019 
  423, 0.119903, 0.062936, 0.035890 
  424, 0.119903, 0.054190, 0.033107 
  425, 0.119903, 0.051478, 0.027680 
  426, 0.119903, 0.057812, 0.033653 
  427, 0.119903, 0.056700, 0.031760 
  428, 0.119903, 0.058275, 0.037177 
  429, 0.119903, 0.052036, 0.031539 
  430, 0.119903, 0.054543, 0.031565 
  431, 0.119903, 0.046060, 0.025993 
  432, 0.119903, 0.042808, 0.022199 
  433, 0.119903, 0.042503, 0.029831 
  434, 0.119903, 0.054243, 0.033829 
  435, 0.119903, 0.062819, 0.035110 
  436, 0.119903, 0.063155, 0.032601 
  437, 0.119903, 0.067241, 0.033946 
  438, 0.119903, 0.072554, 0.035917 
  439, 0.119903, 0.068970, 0.032723 
  440, 0.119903, 0.056256, 0.031824 
  441, 0.119903, 0.063270, 0.033234 
  442, 0.119903, 0.054339, 0.026905 
  443, 0.119903, 0.055644, 0.027893 
  444, 0.119903, 0.049100, 0.031347 
  445, 0.119903, 0.064400, 0.035085 
  446, 0.119903, 0.058894, 0.028909 
  447, 0.119903, 0.069641, 0.029982 
  448, 0.119903, 0.062208, 0.030000 
  449, 0.119903, 0.068400, 0.034020 
  450, 0.119903, 0.064696, 0.035518 
  451, 0.119903, 0.065683, 0.033346 
  452, 0.119903, 0.056498, 0.030994 
  453, 0.119903, 0.057746, 0.023992 
  454, 0.119903, 0.070756, 0.034872 
  455, 0.119903, 0.064790, 0.032674 
  456, 0.119903, 0.067587, 0.032867 
  457, 0.119903, 0.062674, 0.035032 
  458, 0.119903, 0.068374, 0.037710 
  459, 0.119903, 0.064294, 0.025355 
  460, 0.119903, 0.062013, 0.030972 
  461, 0.119903, 0.068171, 0.034350 
  462, 0.119903, 0.071161, 0.027711 
  463, 0.119903, 0.062285, 0.029111 
  464, 0.119903, 0.062758, 0.033912 
  465, 0.119903, 0.060057, 0.034284 
  466, 0.119903, 0.063814, 0.031166 
  467, 0.119903, 0.049666, 0.029354 
  468, 0.119903, 0.052790, 0.027376 
  469, 0.119903, 0.054806, 0.034448 
  470, 0.119903, 0.055764, 0.035761 
  471, 0.119903, 0.057878, 0.031815 
  472, 0.119903, 0.061450, 0.033308 
  473, 0.119903, 0.065451, 0.031211 
  474, 0.119903, 0.065451, 0.030124 
  475, 0.119903, 0.065013, 0.028140 
  476, 0.119903, 0.054892, 0.027056 
  477, 0.119903, 0.057467, 0.030767 
  478, 0.119903, 0.056995, 0.039235 
  479, 0.119903, 0.052883, 0.033122 
  480, 0.119903, 0.054565, 0.034783 
  481, 0.119903, 0.069977, 0.033331 
  482, 0.119903, 0.064466, 0.034182 
  483, 0.119903, 0.069620, 0.032776 
  484, 0.119903, 0.071105, 0.036270 
  485, 0.119903, 0.071109, 0.034232 
  486, 0.119903, 0.067504, 0.024197 
  487, 0.119903, 0.060822, 0.030186 
  488, 0.119903, 0.047487, 0.032369 
  489, 0.119903, 0.055634, 0.036504 
  490, 0.119903, 0.066945, 0.032864 
  491, 0.119903, 0.059584, 0.032749 
  492, 0.119903, 0.066131, 0.033238 
  493, 0.119903, 0.062430, 0.035632 
  494, 0.119903, 0.068176, 0.031048 
  495, 0.119903, 0.067482, 0.038622 
  496, 0.119903, 0.063957, 0.037704 
  497, 0.119903, 0.047041, 0.027008 
  498, 0.119903, 0.062660, 0.034992 
  499, 0.119903, 0.056721, 0.033394 
  500, 0.119903, 0.053438, 0.027900 
  501, 0.119903, 0.051002, 0.025970 
  502, 0.119903, 0.052513, 0.029996 
  503, 0.119903, 0.057016, 0.030141 
  504, 0.119903, 0.057743, 0.028969 
  505, 0.119903, 0.047471, 0.026957 
  506, 0.119903, 0.050752, 0.035053 
  507, 0.119903, 0.051793, 0.030862 
  508, 0.119903, 0.050998, 0.030676 
  509, 0.119903, 0.057001, 0.039426 
  510, 0.119903, 0.059331, 0.040410 
  511, 0.119903, 0.053329, 0.030051 
  512, 0.119903, 0.063463, 0.027940 
  513, 0.119903, 0.073511, 0.033011 
  514, 0.119903, 0.059858, 0.032135 
  515, 0.119903, 0.060663, 0.032320 
  516, 0.119903, 0.064071, 0.031644 
  517, 0.119903, 0.049600, 0.031166 
  518, 0.119903, 0.062436, 0.038679 
  519, 0.119903, 0.068655, 0.034613 
  520, 0.119903, 0.071663, 0.031529 
  521, 0.119903, 0.073071, 0.031534 
  522, 0.119903, 0.060060, 0.026543 
  523, 0.119903, 0.059983, 0.030211 
  524, 0.119903, 0.062827, 0.027471 
  525, 0.119903, 0.065006, 0.031833 
  526, 0.119903, 0.064145, 0.029841 
  527, 0.119903, 0.065820, 0.030688 
  528, 0.119903, 0.057722, 0.030072 
  529, 0.119903, 0.066898, 0.037015 
  530, 0.119903, 0.066116, 0.032866 
  531, 0.119903, 0.052899, 0.029896 
  532, 0.119903, 0.064184, 0.034112 
  533, 0.119903, 0.066166, 0.030925 
  534, 0.119903, 0.060041, 0.035818 
  535, 0.119903, 0.060353, 0.036640 
  536, 0.119903, 0.054198, 0.034618 
  537, 0.119903, 0.045940, 0.027629 
  538, 0.119903, 0.045280, 0.029861 
  539, 0.119903, 0.045017, 0.030276 
  540, 0.119903, 0.051695, 0.032139 
  541, 0.119903, 0.063942, 0.033687 
  542, 0.119903, 0.058259, 0.033703 
  543, 0.119903, 0.063425, 0.037731 
  544, 0.119903, 0.059572, 0.039922 
  545, 0.119903, 0.070014, 0.035072 
  546, 0.119903, 0.055212, 0.026169 
  547, 0.119903, 0.054274, 0.028952 
  548, 0.119903, 0.058299, 0.028474 
  549, 0.119903, 0.053395, 0.025883 
  550, 0.119903, 0.052752, 0.034674 
  551, 0.119903, 0.055842, 0.030481 
  552, 0.119903, 0.063993, 0.038340 
  553, 0.119903, 0.059635, 0.029824 
  554, 0.119903, 0.050624, 0.027089 
  555, 0.119903, 0.052366, 0.031430 
  556, 0.119903, 0.065254, 0.031968 
  557, 0.119903, 0.064785, 0.033602 
  558, 0.119903, 0.070510, 0.033397 
  559, 0.119903, 0.057834, 0.029180 
  560, 0.119903, 0.072220, 0.034732 
  561, 0.119903, 0.068252, 0.030398 
  562, 0.119903, 0.056473, 0.025606 
  563, 0.119903, 0.062860, 0.026133 
  564, 0.119903, 0.061387, 0.026597 
  565, 0.119903, 0.058813, 0.029577 
  566, 0.119903, 0.056429, 0.035639 
  567, 0.119903, 0.059297, 0.032509 
  568, 0.119903, 0.065264, 0.031554 
  569, 0.119903, 0.056962, 0.024670 
  570, 0.119903, 0.061678, 0.028818 
  571, 0.119903, 0.062049, 0.028045 
  572, 0.119903, 0.057117, 0.032187 
  573, 0.119903, 0.062633, 0.033709 
  574, 0.119903, 0.073597, 0.032465 
  575, 0.119903, 0.065596, 0.022883 
  576, 0.119903, 0.055572, 0.029367 
  577, 0.119903, 0.055668, 0.033380 
  578, 0.119903, 0.044988, 0.030377 
  579, 0.119903, 0.043959, 0.031274 
  580, 0.119903, 0.053520, 0.031980 
  581, 0.119903, 0.057027, 0.030428 
  582, 0.119903, 0.059052, 0.033197 
  583, 0.119903, 0.076613, 0.038176 
  584, 0.119903, 0.079376, 0.035196 
  585, 0.119903, 0.075477, 0.026484 
  586, 0.119903, 0.056528, 0.025427 
  587, 0.119903, 0.060371, 0.030074 
  588, 0.119903, 0.063734, 0.033814 
  589, 0.119903, 0.067804, 0.032011 
  590, 0.119903, 0.068711, 0.035706 
  591, 0.119903, 0.059922, 0.025429 
  592, 0.119903, 0.054691, 0.030362 
  593, 0.119903, 0.063516, 0.032655 
  594, 0.119903, 0.056177, 0.033397 
  595, 0.119903, 0.068560, 0.038627 
  596, 0.119903, 0.065218, 0.036904 
  597, 0.119903, 0.051567, 0.032580 
  598, 0.119903, 0.064497, 0.033276 
  599, 0.119903, 0.062534, 0.021591 
  600, 0.119903, 0.062441, 0.028204 
  601, 0.119903, 0.055275, 0.035515 
  602, 0.119903, 0.051036, 0.032930 
  603, 0.119903, 0.053279, 0.032963 
  604, 0.119903, 0.063759, 0.030742 
  605, 0.119903, 0.061708, 0.036698 
  606, 0.119903, 0.068468, 0.037003 
  607, 0.119903, 0.077989, 0.035672 
  608, 0.119903, 0.075746, 0.038279 
  609, 0.119903, 0.070997, 0.034542 
  610, 0.119903, 0.077313, 0.033464 
  611, 0.119903, 0.085422, 0.035188 
  612, 0.119903, 0.077439, 0.022656 
  613, 0.119903, 0.073353, 0.025870 
  614, 0.119903, 0.075487, 0.033844 
  615, 0.119903, 0.071307, 0.028583 
  616, 0.119903, 0.068779, 0.033340 
  617, 0.119903, 0.075306, 0.031747 
  618, 0.119903, 0.065626, 0.037007 
  619, 0.119903, 0.068277, 0.033933 
  620, 0.119903, 0.057995, 0.026281 
  621, 0.119903, 0.057163, 0.032296 
  622, 0.119903, 0.058407, 0.035768 
  623, 0.119903, 0.071398, 0.039496 
  624, 0.119903, 0.067343, 0.039868 
  625, 0.119903, 0.069596, 0.036434 
  626, 0.119903, 0.064150, 0.032584 
  627, 0.119903, 0.066532, 0.029899 
  628, 0.119903, 0.062723, 0.032984 
  629, 0.119903, 0.060825, 0.037313 
  630, 0.119903, 0.058287, 0.034812 
  631, 0.119903, 0.065713, 0.034912 
  632, 0.119903, 0.054677, 0.033111 
  633, 0.119903, 0.046487, 0.029786 
  634, 0.119903, 0.047276, 0.029969 
  635, 0.119903, 0.062438, 0.037673 
  636, 0.119903, 0.054574, 0.032649 
  637, 0.119903, 0.062692, 0.033700 
  638, 0.119903, 0.064296, 0.026495 
  639, 0.119903, 0.062491, 0.030207 
  640, 0.119903, 0.059279, 0.028752 
  641, 0.119903, 0.068198, 0.026962 
  642, 0.119903, 0.057393, 0.033489 
  643, 0.119903, 0.059406, 0.031405 
  644, 0.119903, 0.072567, 0.030124 
  645, 0.119903, 0.069161, 0.033832 
  646, 0.119903, 0.072439, 0.031368 
  647, 0.119903, 0.065231, 0.023640 
  648, 0.119903, 0.044004, 0.017553 
  649, 0.119903, 0.045901, 0.032437 
  650, 0.119903, 0.061794, 0.036036 
  651, 0.119903, 0.058665, 0.029055 
  652, 0.119903, 0.056448, 0.029207 
  653, 0.119903, 0.060983, 0.035994 
  654, 0.119903, 0.068778, 0.032605 
  655, 0.119903, 0.056577, 0.029204 
  656, 0.119903, 0.055108, 0.025653 
  657, 0.119903, 0.057289, 0.028792 
  658, 0.119903, 0.064248, 0.033329 
  659, 0.119903, 0.068570, 0.030367 
  660, 0.119903, 0.066709, 0.031583 
  661, 0.119903, 0.063274, 0.034824 
  662, 0.119903, 0.053836, 0.025291 
  663, 0.119903, 0.050383, 0.033774 
  664, 0.119903, 0.055906, 0.041472 
  665, 0.119903, 0.073352, 0.039172 
  666, 0.119903, 0.060595, 0.033326 
  667, 0.119903, 0.054037, 0.030961 
  668, 0.119903, 0.055023, 0.028972 
  669, 0.119903, 0.045622, 0.031954 
  670, 0.119903, 0.056665, 0.037288 
  671, 0.119903, 0.058234, 0.036700 
  672, 0.119903, 0.044379, 0.020295 
  673, 0.119903, 0.041338, 0.024793 
  674, 0.119903, 0.042226, 0.030310 
  675, 0.119903, 0.064322, 0.040071 
  676, 0.119903, 0.061664, 0.038524 
  677, 0.119903, 0.051645, 0.029373 
  678, 0.119903, 0.056515, 0.035168 
  679, 0.119903, 0.056896, 0.033849 
  680, 0.119903, 0.054576, 0.029249 
  681, 0.119903, 0.060330, 0.030080 
  682, 0.119903, 0.057348, 0.031581 
  683, 0.119903, 0.070406, 0.030826 
  684, 0.119903, 0.061068, 0.032722 
  685, 0.119903, 0.070199, 0.033314 
  686, 0.119903, 0.058019, 0.033253 
  687, 0.119903, 0.068062, 0.037977 
  688, 0.119903, 0.057632, 0.028691 
  689, 0.119903, 0.059136, 0.029130 
  690, 0.119903, 0.060511, 0.030193 
  691, 0.119903, 0.049967, 0.033025 
  692, 0.119903, 0.061845, 0.031767 
  693, 0.119903, 0.057005, 0.028389 
  694, 0.119903, 0.056192, 0.028890 
  695, 0.119903, 0.065195, 0.037662 
  696, 0.119903, 0.061322, 0.031609 
  697, 0.119903, 0.065016, 0.035137 
  698, 0.119903, 0.060122, 0.031814 
  699, 0.119903, 0.058160, 0.029946 
  700, 0.119903, 0.056314, 0.037882 
  701, 0.119903, 0.051249, 0.024422 
  702, 0.119903, 0.049226, 0.029337 
  703, 0.119903, 0.048372, 0.034410 
  704, 0.119903, 0.064752, 0.041202 
  705, 0.119903, 0.074878, 0.035342 
  706, 0.119903, 0.072832, 0.033730 
  707, 0.119903, 0.076665, 0.033479 
  708, 0.119903, 0.072722, 0.032290 
  709, 0.119903, 0.064931, 0.032821 
  710, 0.119903, 0.057678, 0.029849 
  711, 0.119903, 0.054014, 0.025703 
  712, 0.119903, 0.046810, 0.030366 
  713, 0.119903, 0.044410, 0.029559 
  714, 0.119903, 0.050361, 0.030040 
  715, 0.119903, 0.050808, 0.029545 
  716, 0.119903, 0.053298, 0.032271 
  717, 0.119903, 0.052577, 0.036060 
  718, 0.119903, 0.056393, 0.030823 
  719, 0.119903, 0.060747, 0.034163 
  720, 0.119903, 0.066719, 0.029641 
  721, 0.119903, 0.048100, 0.021503 
  722, 0.119903, 0.055362, 0.035601 
  723, 0.119903, 0.049379, 0.028555 
  724, 0.119903, 0.042004, 0.029470 
  725, 0.119903, 0.063339, 0.041274 
  726, 0.119903, 0.061300, 0.034080 
  727, 0.119903, 0.061541, 0.029446 
  728, 0.119903, 0.065719, 0.032029 
  729, 0.119903, 0.061187, 0.030671 
  730, 0.119903, 0.061285, 0.035453 
  731, 0.119903, 0.067804, 0.033018 
  732, 0.119903, 0.085489, 0.032385 
  733, 0.119903, 0.065886, 0.035210 
  734, 0.119903, 0.067023, 0.032145 
  735, 0.119903, 0.071072, 0.036108 
  736, 0.119903, 0.073312, 0.033951 
  737, 0.119903, 0.065524, 0.028040 
  738, 0.119903, 0.067463, 0.027285 
  739, 0.119903, 0.058272, 0.034047 
  740, 0.119903, 0.064486, 0.040541 
  741, 0.119903, 0.055625, 0.030026 
  742, 0.119903, 0.055999, 0.037973 
  743, 0.119903, 0.066821, 0.033940 
  744, 0.119903, 0.054649, 0.036469 
  745, 0.119903, 0.050971, 0.031599 
  746, 0.119903, 0.052804, 0.030646 
  747, 0.119903, 0.053361, 0.034148 
  748, 0.119903, 0.054103, 0.032578 
  749, 0.119903, 0.058838, 0.033331 
  750, 0.119903, 0.054073, 0.039220 
  751, 0.119903, 0.060101, 0.038098 
  752, 0.119903, 0.064288, 0.032639 
  753, 0.119903, 0.071599, 0.037360 
  754, 0.119903, 0.062632, 0.032452 
  755, 0.119903, 0.065378, 0.030427 
  756, 0.119903, 0.074910, 0.028651 
  757, 0.119903, 0.058654, 0.025724 
  758, 0.119903, 0.059820, 0.036144 
  759, 0.119903, 0.054106, 0.032552 
  760, 0.119903, 0.072061, 0.033335 
  761, 0.119903, 0.063881, 0.029997 
  762, 0.119903, 0.072482, 0.031441 
  763, 0.119903, 0.066331, 0.035547 
  764, 0.119903, 0.061892, 0.032961 
  765, 0.119903, 0.052254, 0.028644 
  766, 0.119903, 0.060143, 0.029158 
  767, 0.119903, 0.044396, 0.028822 
  768, 0.119903, 0.067839, 0.037963 
  769, 0.119903, 0.063264, 0.037491 
  770, 0.119903, 0.066652, 0.035427 
  771, 0.119903, 0.058462, 0.033408 
  772, 0.119903, 0.055820, 0.035846 
  773, 0.119903, 0.064956, 0.036033 
  774, 0.119903, 0.058867, 0.033131 
  775, 0.119903, 0.058192, 0.030481 
  776, 0.119903, 0.066884, 0.026173 
  777, 0.119903, 0.062563, 0.031205 
  778, 0.119903, 0.045316, 0.028185 
  779, 0.119903, 0.041945, 0.024503 
  780, 0.119903, 0.044798, 0.031341 
  781, 0.119903, 0.046020, 0.026966 
  782, 0.119903, 0.043628, 0.025680 
  783, 0.119903, 0.060092, 0.039675 
  784, 0.119903, 0.053713, 0.033943 
  785, 0.119903, 0.064659, 0.033657 
  786, 0.119903, 0.062699, 0.027739 
  787, 0.119903, 0.068393, 0.031949 
  788, 0.119903, 0.066924, 0.032424 
  789, 0.119903, 0.070815, 0.035360 
  790, 0.119903, 0.055690, 0.028924 
  791, 0.119903, 0.056138, 0.033589 
  792, 0.119903, 0.073954, 0.037399 
  793, 0.119903, 0.072725, 0.028241 
  794, 0.119903, 0.064241, 0.035038 
  795, 0.119903, 0.062000, 0.027570 
  796, 0.119903, 0.070619, 0.026800 
  797, 0.119903, 0.064003, 0.033277 
  798, 0.119903, 0.066079, 0.032265 
  799, 0.119903, 0.058278, 0.021762 
  800, 0.119903, 0.065377, 0.035577 
  801, 0.119903, 0.060190, 0.032970 
  802, 0.119903, 0.063576, 0.034969 
  803, 0.119903, 0.060660, 0.025988 
  804, 0.119903, 0.043976, 0.018580 
  805, 0.119903, 0.049900, 0.034212 
  806, 0.119903, 0.058432, 0.029069 
  807, 0.119903, 0.049417, 0.025040 
  808, 0.119903, 0.049405, 0.034189 
  809, 0.119903, 0.066540, 0.039513 
  810, 0.119903, 0.063231, 0.030122 
  811, 0.119903, 0.070261, 0.030048 
  812, 0.119903, 0.062171, 0.033129 
  813, 0.119903, 0.058229, 0.031697 
  814, 0.119903, 0.062370, 0.032544 
  815, 0.119903, 0.062396, 0.036034 
  816, 0.119903, 0.057551, 0.032781 
  817, 0.119903, 0.059628, 0.031474 
  818, 0.119903, 0.062345, 0.033301 
  819, 0.119903, 0.053003, 0.031255 
  820, 0.119903, 0.046053, 0.028300 
  821, 0.119903, 0.055228, 0.032842 
  822, 0.119903, 0.048867, 0.027435 
  823, 0.119903, 0.048406, 0.029894 
  824, 0.119903, 0.043188, 0.025622 
  825, 0.119903, 0.056516, 0.036710 
  826, 0.119903, 0.055670, 0.039046 
  827, 0.119903, 0.065248, 0.033987 
  828, 0.119903, 0.056876, 0.027572 
  829, 0.119903, 0.049719, 0.030652 
  830, 0.119903, 0.048435, 0.032107 
  831, 0.119903, 0.042820, 0.023533 
  832, 0.119903, 0.058569, 0.034500 
  833, 0.119903, 0.055462, 0.026925 
  834, 0.119903, 0.055992, 0.036981 
  835, 0.119903, 0.052926, 0.030894 
  836, 0.119903, 0.069890, 0.034533 
  837, 0.119903, 0.053330, 0.029206 
  838, 0.119903, 0.053349, 0.032470 
  839, 0.119903, 0.057062, 0.037820 
  840, 0.119903, 0.051439, 0.031430 
  841, 0.119903, 0.044129, 0.034131 
  842, 0.119903, 0.052566, 0.033263 
  843, 0.119903, 0.050277, 0.032760 
  844, 0.119903, 0.054065, 0.028815 
  845, 0.119903, 0.061484, 0.034844 
  846, 0.119903, 0.061761, 0.031333 
  847, 0.119903, 0.056991, 0.028531 
  848, 0.119903, 0.048254, 0.032675 
  849, 0.119903, 0.051145, 0.038328 
  850, 0.119903, 0.064731, 0.037694 
  851, 0.119903, 0.062313, 0.033519 
  852, 0.119903, 0.070160, 0.030020 
  853, 0.119903, 0.057693, 0.030828 
  854, 0.119903, 0.056398, 0.032381 
  855, 0.119903, 0.055644, 0.033389 
  856, 0.119903, 0.066525, 0.039929 
  857, 0.119903, 0.061490, 0.033938 
  858, 0.119903, 0.058813, 0.033088 
  859, 0.119903, 0.054613, 0.031611 
  860, 0.119903, 0.064640, 0.038354 
  861, 0.119903, 0.056322, 0.030997 
  862, 0.119903, 0.056723, 0.029090 
  863, 0.119903, 0.056576, 0.032523 
  864, 0.119903, 0.062734, 0.033993 
  865, 0.119903, 0.064742, 0.037644 
  866, 0.119903, 0.049307, 0.026462 
  867, 0.119903, 0.048336, 0.026961 
  868, 0.119903, 0.056624, 0.032471 
  869, 0.119903, 0.062725, 0.034111 
  870, 0.119903, 0.075120, 0.036012 
  871, 0.119903, 0.075338, 0.033856 
  872, 0.119903, 0.070153, 0.030132 
  873, 0.119903, 0.068788, 0.027057 
  874, 0.119903, 0.066203, 0.031380 
  875, 0.119903, 0.063589, 0.031162 
  876, 0.119903, 0.056897, 0.028456 
  877, 0.119903, 0.051234, 0.030649 
  878, 0.119903, 0.047250, 0.031451 
  879, 0.119903, 0.059635, 0.036625 
  880, 0.119903, 0.059125, 0.035684 
  881, 0.119903, 0.070367, 0.034869 
  882, 0.119903, 0.075595, 0.029528 
  883, 0.119903, 0.052101, 0.023249 
  884, 0.119903, 0.051896, 0.032221 
  885, 0.119903, 0.049032, 0.028514 
  886, 0.119903, 0.051785, 0.036453 
  887, 0.119903, 0.045458, 0.033342 
  888, 0.119903, 0.055240, 0.036256 
  889, 0.119903, 0.054000, 0.028196 
  890, 0.119903, 0.048625, 0.023659 
  891, 0.119903, 0.057099, 0.028798 
  892, 0.119903, 0.054602, 0.033369 
  893, 0.119903, 0.052158, 0.027646 
  894, 0.119903, 0.053310, 0.032933 
  895, 0.119903, 0.058187, 0.037702 
  896, 0.119903, 0.058703, 0.034215 
  897, 0.119903, 0.061335, 0.033610 
  898, 0.119903, 0.057995, 0.034454 
  899, 0.119903, 0.056003, 0.033572 
  900, 0.119903, 0.055844, 0.034225 
  901, 0.119903, 0.051766, 0.023742 
  902, 0.119903, 0.049786, 0.026588 
  903, 0.119903, 0.050068, 0.030101 
  904, 0.119903, 0.059386, 0.034661 
  905, 0.119903, 0.054232, 0.029818 
  906, 0.119903, 0.052488, 0.030831 
  907, 0.119903, 0.059560, 0.037623 
  908, 0.119903, 0.067054, 0.037880 
  909, 0.119903, 0.064828, 0.029936 
  910, 0.119903, 0.056230, 0.027819 
  911, 0.119903, 0.044895, 0.028804 
  912, 0.119903, 0.053188, 0.038221 
  913, 0.119903, 0.061846, 0.037656 
  914, 0.119903, 0.069960, 0.038670 
  915, 0.119903, 0.071159, 0.037489 
  916, 0.119903, 0.065469, 0.039127 
  917, 0.119903, 0.071566, 0.033244 
  918, 0.119903, 0.062829, 0.034621 
  919, 0.119903, 0.071254, 0.035701 
  920, 0.119903, 0.066739, 0.033413 
  921, 0.119903, 0.063654, 0.032866 
  922, 0.119903, 0.070417, 0.034134 
  923, 0.119903, 0.064522, 0.033878 
  924, 0.119903, 0.064782, 0.029376 
  925, 0.119903, 0.063186, 0.033085 
  926, 0.119903, 0.059999, 0.033704 
  927, 0.119903, 0.056306, 0.023043 
  928, 0.119903, 0.054240, 0.027799 
  929, 0.119903, 0.065085, 0.032628 
  930, 0.119903, 0.065543, 0.028611 
  931, 0.119903, 0.063536, 0.028882 
  932, 0.119903, 0.059262, 0.028794 
  933, 0.119903, 0.074784, 0.035201 
  934, 0.119903, 0.062556, 0.030714 
  935, 0.119903, 0.060375, 0.030283 
  936, 0.119903, 0.068863, 0.038413 
  937, 0.119903, 0.065935, 0.036721 
  938, 0.119903, 0.064154, 0.037235 
  939, 0.119903, 0.064847, 0.036072 
  940, 0.119903, 0.064708, 0.034008 
  941, 0.119903, 0.066374, 0.034097 
  942, 0.119903, 0.054695, 0.024226 
  943, 0.119903, 0.051441, 0.028045 
  944, 0.119903, 0.054190, 0.032670 
  945, 0.119903, 0.050059, 0.029656 
  946, 0.119903, 0.050247, 0.032015 
  947, 0.119903, 0.058907, 0.032884 
  948, 0.119903, 0.068695, 0.035846 
  949, 0.119903, 0.067411, 0.035602 
  950, 0.119903, 0.079335, 0.035417 
  951, 0.119903, 0.070792, 0.025673 
  952, 0.119903, 0.064871, 0.025466 
  953, 0.119903, 0.059765, 0.024434 
  954, 0.119903, 0.063375, 0.035765 
  955, 0.119903, 0.061241, 0.033443 
  956, 0.119903, 0.077241, 0.032174 
  957, 0.119903, 0.080125, 0.033417 
  958, 0.119903, 0.073846, 0.031970 
  959, 0.119903, 0.076741, 0.026601 
  960, 0.119903, 0.072113, 0.027546 
  961, 0.119903, 0.070478, 0.032217 
  962, 0.119903, 0.066921, 0.031629 
  963, 0.119903, 0.052702, 0.031323 
  964, 0.119903, 0.055218, 0.034066 
  965, 0.119903, 0.053406, 0.032178 
  966, 0.119903, 0.051971, 0.027085 
  967, 0.119903, 0.060187, 0.031795 
  968, 0.119903, 0.052952, 0.030590 
  969, 0.119903, 0.063218, 0.039373 
  970, 0.119903, 0.055174, 0.026598 
  971, 0.119903, 0.053563, 0.027660 
  972, 0.119903, 0.053399, 0.029813 
  973, 0.119903, 0.046154, 0.030435 
  974, 0.119903, 0.061000, 0.041702 
  975, 0.119903, 0.075395, 0.031429 
  976, 0.119903, 0.068225, 0.032188 
  977, 0.119903, 0.079665, 0.033206 
  978, 0.119903, 0.077967, 0.031718 
  979, 0.119903, 0.063434, 0.025714 
  980, 0.119903, 0.059654, 0.024173 
  981, 0.119903, 0.055598, 0.023182 
  982, 0.119903, 0.052641, 0.029821 
  983, 0.119903, 0.057222, 0.035117 
  984, 0.119903, 0.073522, 0.040944 
  985, 0.119903, 0.063456, 0.033399 
  986, 0.119903, 0.070924, 0.036529 
  987, 0.119903, 0.063312, 0.033131 
  988, 0.119903, 0.062209, 0.029007 
  989, 0.119903, 0.051618, 0.025853 
  990, 0.119903, 0.050249, 0.031170 
  991, 0.119903, 0.071175, 0.037134 
  992, 0.119903, 0.066678, 0.035148 
  993, 0.119903, 0.060190, 0.033771 
  994, 0.119903, 0.056657, 0.037241 
  995, 0.119903, 0.066055, 0.039120 
  996, 0.119903, 0.062128, 0.031693 
  997, 0.119903, 0.054964, 0.024098 
  998, 0.119903, 0.053451, 0.025185 
  999, 0.119903, 0.051045, 0.034446 
 1000, 0.119903, 0.056386, 0.031937  
Execute time is:965.660900 ms


 Simulation completed

 Best member: 

 var(0) = 0
 var(1) = 0
 var(2) = 0
 var(3) = 0
 var(4) = 0
 var(5) = 0
 var(6) = 0
 var(7) = 0
 var(8) = 0
 var(9) = 0
 var(10) = 0
 var(11) = 0
 var(12) = 0
 var(13) = 0
 var(14) = 0
 var(15) = 0
 var(16) = 1
 var(17) = 0
 var(18) = 0
 var(19) = 0
 var(20) = 0
 var(21) = 1
 var(22) = 0
 var(23) = 0
 var(24) = 0
 var(25) = 0
 var(26) = 0
 var(27) = 0
 var(28) = 1
 var(29) = 0
 var(30) = 1
 var(31) = 1
 var(32) = 0
 var(33) = 0
 var(34) = 0
 var(35) = 0
 var(36) = 0
 var(37) = 0
 var(38) = 0
 var(39) = 0
 var(40) = 0
 var(41) = 0
 var(42) = 0
 var(43) = 0
 var(44) = 0
 var(45) = 1
 var(46) = 0
 var(47) = 0
 var(48) = 0
 var(49) = 0
 var(50) = 0
 var(51) = 1
 var(52) = 0
 var(53) = 0
 var(54) = 0
 var(55) = 1
 var(56) = 1
 var(57) = 0
 var(58) = 0
 var(59) = 0
 var(60) = 0
 var(61) = 0
 var(62) = 0
 var(63) = 0
 var(64) = 0
 var(65) = 0
 var(66) = 0
 var(67) = 0
 var(68) = 0
 var(69) = 0
 var(70) = 0
 var(71) = 0
 var(72) = 0
 var(73) = 0
 var(74) = 0
 var(75) = 0
 var(76) = 0
 var(77) = 0
 var(78) = 0
 var(79) = 0
 var(80) = 0
 var(81) = 0
 var(82) = 0
 var(83) = 0
 var(84) = 0
 var(85) = 0
 var(86) = 0
 var(87) = 0
 var(88) = 1
 var(89) = 0
 var(90) = 0
 var(91) = 0
 var(92) = 0
 var(93) = 0
 var(94) = 0
 var(95) = 0
 var(96) = 0
 var(97) = 0
 var(98) = 0
 var(99) = 0

 Best fitness = 0.119903