11--15最大流值为：45
最可靠最大流分布概率为 ： 0.345447
状态划分算法消耗的内存为：25.6797
状态划分算法运行时间(ms) ： 124594
---------------------------------
流分布如下: 
---------------------------------
0   0   0   0   0   0   0   0   0   0   0   0   0   0   0   
0   0   0   0   0   0   0   0   0   0   0   0   0   0   0   
0   0   0   0   0   0   0   0   0   0   0   0   0   0   0   
0   0   0   0   0   0   0   0   0   0   0   0   0   0   15  
0   0   0   0   0   0   0   0   0   0   0   0   0   0   15  
0   0   0   0   0   0   0   0   0   0   0   0   0   0   0   
0   0   0   0   15  0   0   0   0   0   0   0   0   0   0   
0   0   0   0   0   0   0   0   0   0   0   0   0   0   15  
0   0   0   0   0   0   0   0   0   0   0   0   0   0   0   
0   0   0   0   0   0   0   0   0   0   0   0   0   0   0   
0   0   0   15  0   0   0   0   0   0   0   15  0   15  0   
0   0   0   0   0   0   0   0   0   0   0   0   0   15  0   
0   0   0   0   0   0   0   0   0   0   0   0   0   0   0   
0   0   0   0   0   0   15  15  0   0   0   0   0   0   0   
0   0   0   0   0   0   0   0   0   0   0   0   0   0   0   
---------------------------------
关键边输出如下：
---------------------------------
29   A         30        0.469836  0.624951  
27   A         30        0.634035  0.777049  
8    A         30        0.634035  0.823017  
13   A         30        0.621219  0.76458   
28   A         30        0.484148  0.675604  
21   A         30        0.535435  0.699182  
16   B         45        0.340746  0.0437531 
33   B         45        0.340746  0.0979324 
38   B         45        0.340746  0.114271  
39   B         45        0.340746  0.114732  
2    b         45        0.345447  0.143906  
3    b         45        0.345447  0.213842  
4    b         45        0.345447  0.246161  
5    b         45        0.345447  0.247111  
6    b         45        0.345447  0.375027  
7    b         45        0.345447  0.397634  
9    b         45        0.345447  0.457011  
10   b         45        0.345447  0.558666  
12   b         45        0.345447  0.652573  
14   b         45        0.345447  0.764499  
15   b         45        0.345447  0.883502  
17   b         45        0.345447  0.902631  
18   b         45        0.345447  0.92617   
19   b         45        0.345447  0.952662  
20   b         45        0.345447  1.00526   
22   b         45        0.345447  1.1166    
23   b         45        0.345447  1.23826   
25   b         45        0.345447  1.3658    
26   b         45        0.345447  1.43545   
30   b         45        0.345447  1.49517   
31   b         45        0.345447  1.60576   
32   b         45        0.345447  1.69383   
34   b         45        0.345447  1.72005   
37   b         45        0.345447  1.73294   
40   b         45        0.345447  1.79383   
1    C         45        0.345447  0.432955  
11   C         45        0.345447  0.432955  
24   C         45        0.345447  0.432955  
35   C         45        0.345447  0.432955  
36   C         45        0.345447  0.432955  
41   C         45        0.345447  0.432955  
42   C         45        0.345447  0.432955  
---------------------------------
---------------------------------

