1--11最大流值为：15
最可靠最大流分布概率为 ： 0.550143
状态划分算法消耗的内存为：21.0508
状态划分算法运行时间(ms) ： 132.488
---------------------------------
流分布如下: 
---------------------------------
0   0   0   0   0   0   0   0   0   0   0   0   15  0   0   
0   0   0   0   0   0   0   0   0   0   0   0   0   0   0   
0   0   0   0   0   0   0   0   0   0   0   0   0   0   0   
0   0   0   0   0   0   0   0   0   0   0   0   0   0   0   
0   0   0   0   0   0   0   0   0   0   0   0   0   0   0   
0   0   0   0   0   0   0   0   0   0   0   0   0   0   0   
0   0   0   0   0   0   0   0   0   0   0   0   0   0   0   
0   0   0   0   0   0   0   0   0   0   0   0   0   0   15  
0   0   0   0   0   0   0   0   0   0   0   0   0   0   0   
0   0   0   0   0   0   0   0   0   0   0   0   0   0   0   
0   0   0   0   0   0   0   0   0   0   0   0   0   0   0   
0   0   0   0   0   0   0   0   0   0   0   0   0   0   0   
0   0   0   0   0   0   0   0   0   0   0   0   0   15  0   
0   0   0   0   0   0   0   15  0   0   0   0   0   0   0   
0   0   0   0   0   0   0   0   0   0   15  0   0   0   0   
---------------------------------
关键边输出如下：
---------------------------------
20   A         0         0         0         
1    B         15        0.544261  0.191189  
13   B         15        0.544261  0.277522  
16   B         15        0.544261  0.348029  
18   B         15        0.544261  0.388843  
2    b         15        0.550143  0.288432  
3    b         15        0.550143  0.42893   
5    b         15        0.550143  0.431056  
6    b         15        0.550143  0.685065  
7    b         15        0.550143  0.730557  
8    b         15        0.550143  0.852321  
9    b         15        0.550143  0.93956   
10   b         15        0.550143  1.12478   
11   b         15        0.550143  1.36571   
19   b         15        0.550143  1.41875   
4    C         15        0.550143  0.872712  
12   C         15        0.550143  0.872712  
14   C         15        0.550143  0.872712  
15   C         15        0.550143  0.872712  
17   C         15        0.550143  0.872712  
20   C         15        0.550143  0.872712  
---------------------------------
---------------------------------

