g    #    1
s    8    14
e    1    6    5    0.509283    1
e    2    8    8    0.760563    2
e    4    1    19    0.561903    3
e    4    2    31    0.898435    4
e    4    5    40    0.811637    5
e    4    6    2    0.931237    6
e    5    3    33    0.829347    7
e    5    7    18    0.891243    8
e    5    8    22    0.858647    9
e    6    7    9    0.9156    10
e    7    3    4    0.863615    11
e    7    4    13    0.686818    12
e    7    8    27    0.629936    13
e    8    4    6    0.930222    14
g    #    2
s    8    14
e    1    3    5    0.509283    1
e    1    8    8    0.760563    2
e    2    7    19    0.561903    3
e    2    8    31    0.898435    4
e    3    4    40    0.811637    5
e    3    7    2    0.931237    6
e    4    7    33    0.829347    7
e    6    2    18    0.891243    8
e    6    4    22    0.858647    9
e    7    1    9    0.9156    10
e    7    6    4    0.863615    11
e    7    8    13    0.686818    12
e    8    5    27    0.629936    13
e    8    6    6    0.930222    14
g    #    3
s    8    14
e    1    2    5    0.565745    1
e    1    6    8    0.677158    2
e    1    7    19    0.563811    3
e    2    3    31    0.961438    4
e    3    5    40    0.85895    5
e    4    3    2    0.508487    6
e    4    5    33    0.829523    7
e    5    1    18    0.777522    8
e    6    2    22    0.728042    9
e    6    3    9    0.870085    10
e    7    5    4    0.801654    11
e    8    1    13    0.562252    12
e    8    3    27    0.898615    13
e    8    4    6    0.909306    14
g    #    4
s    8    14
e    1    5    5    0.565745    1
e    1    7    8    0.677158    2
e    2    1    19    0.563811    3
e    2    3    31    0.961438    4
e    2    5    40    0.85895    5
e    3    1    2    0.508487    6
e    3    6    33    0.829523    7
e    4    1    18    0.777522    8
e    4    2    22    0.728042    9
e    4    3    9    0.870085    10
e    5    8    4    0.801654    11
e    6    2    13    0.562252    12
e    7    5    27    0.898615    13
e    8    6    6    0.909306    14
g    #    5
s    8    14
e    1    6    5    0.565745    1
e    1    7    8    0.677158    2
e    2    6    19    0.563811    3
e    2    7    31    0.961438    4
e    3    2    40    0.85895    5
e    4    3    2    0.508487    6
e    4    6    33    0.829523    7
e    5    2    18    0.777522    8
e    6    7    22    0.728042    9
e    6    8    9    0.870085    10
e    7    4    4    0.801654    11
e    7    5    13    0.562252    12
e    8    4    27    0.898615    13
e    8    7    6    0.909306    14
g    #    0




