1--3最大流值为：30
最可靠最大流分布概率为 ： 0.012557
状态划分算法消耗的内存为：4.85547
状态划分算法运行时间(ms) ： 50.6312
---------------------------------
流分布如下: 
---------------------------------
0   0   0   12  0   0   0   0   12  6   
0   0   0   0   0   0   0   0   0   0   
0   0   0   0   0   0   0   0   0   0   
0   0   14  0   1   0   0   0   0   0   
0   0   1   0   0   0   0   0   0   0   
0   0   0   0   0   0   0   0   0   0   
0   0   0   3   0   0   0   0   0   0   
0   0   0   0   0   0   3   0   0   0   
0   0   12  0   0   0   0   0   0   0   
0   0   3   0   0   0   0   3   0   0   
---------------------------------
关键边输出如下：
---------------------------------
15   S         18        0.022859  0.022859  
1    S         18        0.0357915 0.0480398 
2    S         18        0.0649019 0.104826  
3    S         24        0.271694  0.364671  
17   S         27        0.0164463 0.0164463 
11   S         27        0.139823  0.187672  
13   S         27        0.139823  0.187672  
18   S         27        0.139823  0.187672  
4    S         29        0.0242616 0.0242616 
7    S         29        0.034203  0.034203  
5    S         29        0.034203  0.034203  
12   S         30        0.012557  0.012557  
8    S         30        0.012557  0.012557  
14   S         30        0.012557  0.012557  
9    S         30        0.012557  0.012557  
16   S         30        0.012557  0.012557  
10   S         30        0.012557  0.012557  
6    S         30        0.012557  0.012557  
---------------------------------
---------------------------------

1--3最大流值为：30
最可靠最大流分布概率为 ： 0.012557
状态划分算法消耗的内存为：4.86719
状态划分算法运行时间(ms) ： 49.8808
---------------------------------
流分布如下: 
---------------------------------
0   0   0   12  0   0   0   0   12  6   
0   0   0   0   0   0   0   0   0   0   
0   0   0   0   0   0   0   0   0   0   
0   0   14  0   1   0   0   0   0   0   
0   0   1   0   0   0   0   0   0   0   
0   0   0   0   0   0   0   0   0   0   
0   0   0   3   0   0   0   0   0   0   
0   0   0   0   0   0   3   0   0   0   
0   0   12  0   0   0   0   0   0   0   
0   0   3   0   0   0   0   3   0   0   
---------------------------------
关键边输出如下：
---------------------------------
15   S         18        0.022859  0.022859  
1    S         18        0.0357915 0.0480398 
2    S         18        0.0649019 0.104826  
3    S         24        0.271694  0.364671  
17   S         27        0.0164463 0.0164463 
11   S         27        0.139823  0.187672  
13   S         27        0.139823  0.187672  
18   S         27        0.139823  0.187672  
4    S         29        0.0242616 0.0242616 
7    S         29        0.034203  0.034203  
5    S         29        0.034203  0.034203  
12   S         30        0.012557  0.012557  
8    S         30        0.012557  0.012557  
14   S         30        0.012557  0.012557  
9    S         30        0.012557  0.012557  
16   S         30        0.012557  0.012557  
10   S         30        0.012557  0.012557  
6    S         30        0.012557  0.012557  
---------------------------------
---------------------------------

1--3最大流值为：30
最可靠最大流分布概率为 ： 0.012557
状态划分算法消耗的内存为：4.97656
状态划分算法运行时间(ms) ： 48.9885
---------------------------------
流分布如下: 
---------------------------------
0   0   0   12  0   0   0   0   12  6   
0   0   0   0   0   0   0   0   0   0   
0   0   0   0   0   0   0   0   0   0   
0   0   14  0   1   0   0   0   0   0   
0   0   1   0   0   0   0   0   0   0   
0   0   0   0   0   0   0   0   0   0   
0   0   0   3   0   0   0   0   0   0   
0   0   0   0   0   0   3   0   0   0   
0   0   12  0   0   0   0   0   0   0   
0   0   3   0   0   0   0   3   0   0   
---------------------------------
关键边输出如下：
---------------------------------
15   S         18        0.022859  0.022859  
1    S         18        0.0357915 0.0480398 
2    S         18        0.0649019 0.104826  
3    S         24        0.271694  0.364671  
17   S         27        0.0164463 0.0164463 
11   S         27        0.139823  0.187672  
13   S         27        0.139823  0.187672  
18   S         27        0.139823  0.187672  
4    S         29        0.0242616 0.0242616 
7    S         29        0.034203  0.034203  
5    S         29        0.034203  0.034203  
12   S         30        0.012557  0.012557  
8    S         30        0.012557  0.012557  
14   S         30        0.012557  0.012557  
9    S         30        0.012557  0.012557  
16   S         30        0.012557  0.012557  
10   S         30        0.012557  0.012557  
6    S         30        0.012557  0.012557  
---------------------------------
---------------------------------

1--3最大流值为：30
最可靠最大流分布概率为 ： 0.012557
状态划分算法消耗的内存为：4.84375
状态划分算法运行时间(ms) ： 49.0383
---------------------------------
流分布如下: 
---------------------------------
0   0   0   12  0   0   0   0   12  6   
0   0   0   0   0   0   0   0   0   0   
0   0   0   0   0   0   0   0   0   0   
0   0   14  0   1   0   0   0   0   0   
0   0   1   0   0   0   0   0   0   0   
0   0   0   0   0   0   0   0   0   0   
0   0   0   3   0   0   0   0   0   0   
0   0   0   0   0   0   3   0   0   0   
0   0   12  0   0   0   0   0   0   0   
0   0   3   0   0   0   0   3   0   0   
---------------------------------
关键边输出如下：
---------------------------------
15   S         18        0.022859  0.022859  
1    S         18        0.0357915 0.0480398 
2    S         18        0.0649019 0.104826  
3    S         24        0.271694  0.364671  
17   S         27        0.0164463 0.0164463 
11   S         27        0.139823  0.187672  
13   S         27        0.139823  0.187672  
18   S         27        0.139823  0.187672  
4    S         29        0.0242616 0.0242616 
7    S         29        0.034203  0.034203  
5    S         29        0.034203  0.034203  
12   S         30        0.012557  0.012557  
8    S         30        0.012557  0.012557  
14   S         30        0.012557  0.012557  
9    S         30        0.012557  0.012557  
16   S         30        0.012557  0.012557  
10   S         30        0.012557  0.012557  
6    S         30        0.012557  0.012557  
---------------------------------
---------------------------------

1--3最大流值为：30
最可靠最大流分布概率为 ： 0.012557
状态划分算法消耗的内存为：4.87891
状态划分算法运行时间(ms) ： 48.99
---------------------------------
流分布如下: 
---------------------------------
0   0   0   12  0   0   0   0   12  6   
0   0   0   0   0   0   0   0   0   0   
0   0   0   0   0   0   0   0   0   0   
0   0   14  0   1   0   0   0   0   0   
0   0   1   0   0   0   0   0   0   0   
0   0   0   0   0   0   0   0   0   0   
0   0   0   3   0   0   0   0   0   0   
0   0   0   0   0   0   3   0   0   0   
0   0   12  0   0   0   0   0   0   0   
0   0   3   0   0   0   0   3   0   0   
---------------------------------
关键边输出如下：
---------------------------------
15   S         18        0.022859  0.022859  
1    S         18        0.0357915 0.0480398 
2    S         18        0.0649019 0.104826  
3    S         24        0.271694  0.364671  
17   S         27        0.0164463 0.0164463 
11   S         27        0.139823  0.187672  
13   S         27        0.139823  0.187672  
18   S         27        0.139823  0.187672  
4    S         29        0.0242616 0.0242616 
7    S         29        0.034203  0.034203  
5    S         29        0.034203  0.034203  
12   S         30        0.012557  0.012557  
8    S         30        0.012557  0.012557  
14   S         30        0.012557  0.012557  
9    S         30        0.012557  0.012557  
16   S         30        0.012557  0.012557  
10   S         30        0.012557  0.012557  
6    S         30        0.012557  0.012557  
---------------------------------
---------------------------------

1--3最大流值为：30
最可靠最大流分布概率为 ： 0.012557
状态划分算法消耗的内存为：4.96875
状态划分算法运行时间(ms) ： 49.1159
---------------------------------
流分布如下: 
---------------------------------
0   0   0   12  0   0   0   0   12  6   
0   0   0   0   0   0   0   0   0   0   
0   0   0   0   0   0   0   0   0   0   
0   0   14  0   1   0   0   0   0   0   
0   0   1   0   0   0   0   0   0   0   
0   0   0   0   0   0   0   0   0   0   
0   0   0   3   0   0   0   0   0   0   
0   0   0   0   0   0   3   0   0   0   
0   0   12  0   0   0   0   0   0   0   
0   0   3   0   0   0   0   3   0   0   
---------------------------------
关键边输出如下：
---------------------------------
15   S         18        0.022859  0.022859  
1    S         18        0.0357915 0.0480398 
2    S         18        0.0649019 0.104826  
3    S         24        0.271694  0.364671  
17   S         27        0.0164463 0.0164463 
11   S         27        0.139823  0.187672  
13   S         27        0.139823  0.187672  
18   S         27        0.139823  0.187672  
4    S         29        0.0242616 0.0242616 
7    S         29        0.034203  0.034203  
5    S         29        0.034203  0.034203  
12   S         30        0.012557  0.012557  
8    S         30        0.012557  0.012557  
14   S         30        0.012557  0.012557  
9    S         30        0.012557  0.012557  
16   S         30        0.012557  0.012557  
10   S         30        0.012557  0.012557  
6    S         30        0.012557  0.012557  
---------------------------------
---------------------------------

1--3最大流值为：30
最可靠最大流分布概率为 ： 0.012557
状态划分算法消耗的内存为：4.96875
状态划分算法运行时间(ms) ： 49.0211
---------------------------------
流分布如下: 
---------------------------------
0   0   0   12  0   0   0   0   12  6   
0   0   0   0   0   0   0   0   0   0   
0   0   0   0   0   0   0   0   0   0   
0   0   14  0   1   0   0   0   0   0   
0   0   1   0   0   0   0   0   0   0   
0   0   0   0   0   0   0   0   0   0   
0   0   0   3   0   0   0   0   0   0   
0   0   0   0   0   0   3   0   0   0   
0   0   12  0   0   0   0   0   0   0   
0   0   3   0   0   0   0   3   0   0   
---------------------------------
关键边输出如下：
---------------------------------
15   S         18        0.022859  0.022859  
1    S         18        0.0357915 0.0480398 
2    S         18        0.0649019 0.104826  
3    S         24        0.271694  0.364671  
17   S         27        0.0164463 0.0164463 
11   S         27        0.139823  0.187672  
13   S         27        0.139823  0.187672  
18   S         27        0.139823  0.187672  
4    S         29        0.0242616 0.0242616 
7    S         29        0.034203  0.034203  
5    S         29        0.034203  0.034203  
12   S         30        0.012557  0.012557  
8    S         30        0.012557  0.012557  
14   S         30        0.012557  0.012557  
9    S         30        0.012557  0.012557  
16   S         30        0.012557  0.012557  
10   S         30        0.012557  0.012557  
6    S         30        0.012557  0.012557  
---------------------------------
---------------------------------

1--3最大流值为：30
最可靠最大流分布概率为 ： 0.012557
状态划分算法消耗的内存为：4.98047
状态划分算法运行时间(ms) ： 49.3716
---------------------------------
流分布如下: 
---------------------------------
0   0   0   12  0   0   0   0   12  6   
0   0   0   0   0   0   0   0   0   0   
0   0   0   0   0   0   0   0   0   0   
0   0   14  0   1   0   0   0   0   0   
0   0   1   0   0   0   0   0   0   0   
0   0   0   0   0   0   0   0   0   0   
0   0   0   3   0   0   0   0   0   0   
0   0   0   0   0   0   3   0   0   0   
0   0   12  0   0   0   0   0   0   0   
0   0   3   0   0   0   0   3   0   0   
---------------------------------
关键边输出如下：
---------------------------------
15   S         18        0.022859  0.022859  
1    S         18        0.0357915 0.0480398 
2    S         18        0.0649019 0.104826  
3    S         24        0.271694  0.364671  
17   S         27        0.0164463 0.0164463 
11   S         27        0.139823  0.187672  
13   S         27        0.139823  0.187672  
18   S         27        0.139823  0.187672  
4    S         29        0.0242616 0.0242616 
7    S         29        0.034203  0.034203  
5    S         29        0.034203  0.034203  
12   S         30        0.012557  0.012557  
8    S         30        0.012557  0.012557  
14   S         30        0.012557  0.012557  
9    S         30        0.012557  0.012557  
16   S         30        0.012557  0.012557  
10   S         30        0.012557  0.012557  
6    S         30        0.012557  0.012557  
---------------------------------
---------------------------------

1--3最大流值为：30
最可靠最大流分布概率为 ： 0.012557
状态划分算法消耗的内存为：4.96484
状态划分算法运行时间(ms) ： 49.2053
---------------------------------
流分布如下: 
---------------------------------
0   0   0   12  0   0   0   0   12  6   
0   0   0   0   0   0   0   0   0   0   
0   0   0   0   0   0   0   0   0   0   
0   0   14  0   1   0   0   0   0   0   
0   0   1   0   0   0   0   0   0   0   
0   0   0   0   0   0   0   0   0   0   
0   0   0   3   0   0   0   0   0   0   
0   0   0   0   0   0   3   0   0   0   
0   0   12  0   0   0   0   0   0   0   
0   0   3   0   0   0   0   3   0   0   
---------------------------------
关键边输出如下：
---------------------------------
15   S         18        0.022859  0.022859  
1    S         18        0.0357915 0.0480398 
2    S         18        0.0649019 0.104826  
3    S         24        0.271694  0.364671  
17   S         27        0.0164463 0.0164463 
11   S         27        0.139823  0.187672  
13   S         27        0.139823  0.187672  
18   S         27        0.139823  0.187672  
4    S         29        0.0242616 0.0242616 
7    S         29        0.034203  0.034203  
5    S         29        0.034203  0.034203  
12   S         30        0.012557  0.012557  
8    S         30        0.012557  0.012557  
14   S         30        0.012557  0.012557  
9    S         30        0.012557  0.012557  
16   S         30        0.012557  0.012557  
10   S         30        0.012557  0.012557  
6    S         30        0.012557  0.012557  
---------------------------------
---------------------------------

1--3最大流值为：30
最可靠最大流分布概率为 ： 0.012557
状态划分算法消耗的内存为：4.97656
状态划分算法运行时间(ms) ： 48.5717
---------------------------------
流分布如下: 
---------------------------------
0   0   0   12  0   0   0   0   12  6   
0   0   0   0   0   0   0   0   0   0   
0   0   0   0   0   0   0   0   0   0   
0   0   14  0   1   0   0   0   0   0   
0   0   1   0   0   0   0   0   0   0   
0   0   0   0   0   0   0   0   0   0   
0   0   0   3   0   0   0   0   0   0   
0   0   0   0   0   0   3   0   0   0   
0   0   12  0   0   0   0   0   0   0   
0   0   3   0   0   0   0   3   0   0   
---------------------------------
关键边输出如下：
---------------------------------
15   S         18        0.022859  0.022859  
1    S         18        0.0357915 0.0480398 
2    S         18        0.0649019 0.104826  
3    S         24        0.271694  0.364671  
17   S         27        0.0164463 0.0164463 
11   S         27        0.139823  0.187672  
13   S         27        0.139823  0.187672  
18   S         27        0.139823  0.187672  
4    S         29        0.0242616 0.0242616 
7    S         29        0.034203  0.034203  
5    S         29        0.034203  0.034203  
12   S         30        0.012557  0.012557  
8    S         30        0.012557  0.012557  
14   S         30        0.012557  0.012557  
9    S         30        0.012557  0.012557  
16   S         30        0.012557  0.012557  
10   S         30        0.012557  0.012557  
6    S         30        0.012557  0.012557  
---------------------------------
---------------------------------

