8--1最大流值为：63
最可靠最大流分布概率为 ： 0.0652329
状态划分算法消耗的内存为：4.97656
状态划分算法运行时间(ms) ： 34.4166
---------------------------------
流分布如下: 
---------------------------------
0   0   0   0   0   0   0   0   0   0   
22  0   0   0   0   0   0   0   0   0   
38  0   0   0   0   0   0   0   0   0   
0   0   0   0   0   0   0   0   0   0   
0   0   0   0   0   0   0   0   0   0   
3   0   0   0   0   0   0   0   0   0   
0   0   0   0   0   0   0   0   0   0   
0   22  38  0   0   0   0   0   0   3   
0   0   0   0   0   0   0   0   0   0   
0   0   0   0   0   3   0   0   0   0   
---------------------------------
关键边输出如下：
---------------------------------
5    S         25        0.154844  0.181542  
14   S         37        0.0523351 0.0905905 
2    S         41        0.148274  0.148274  
13   S         41        0.148274  0.163443  
17   S         60        0.185343  0.185343  
18   S         60        0.185343  0.185343  
10   S         63        0.0466866 0.0466866 
11   S         63        0.0652329 0.0652329 
9    S         63        0.0652329 0.0764802 
7    S         63        0.0652329 0.0764802 
8    S         63        0.0652329 0.0764802 
12   S         63        0.0652329 0.0764802 
3    S         63        0.0652329 0.0764802 
4    S         63        0.0652329 0.0764802 
15   S         63        0.0652329 0.0764802 
16   S         63        0.0652329 0.0764802 
1    S         63        0.0652329 0.0764802 
6    S         63        0.0652329 0.0764802 
---------------------------------
---------------------------------

8--1最大流值为：63
最可靠最大流分布概率为 ： 0.0652329
状态划分算法消耗的内存为：4.96875
状态划分算法运行时间(ms) ： 34.6644
---------------------------------
流分布如下: 
---------------------------------
0   0   0   0   0   0   0   0   0   0   
22  0   0   0   0   0   0   0   0   0   
38  0   0   0   0   0   0   0   0   0   
0   0   0   0   0   0   0   0   0   0   
0   0   0   0   0   0   0   0   0   0   
3   0   0   0   0   0   0   0   0   0   
0   0   0   0   0   0   0   0   0   0   
0   22  38  0   0   0   0   0   0   3   
0   0   0   0   0   0   0   0   0   0   
0   0   0   0   0   3   0   0   0   0   
---------------------------------
关键边输出如下：
---------------------------------
5    S         25        0.154844  0.181542  
14   S         37        0.0523351 0.0905905 
2    S         41        0.148274  0.148274  
13   S         41        0.148274  0.163443  
17   S         60        0.185343  0.185343  
18   S         60        0.185343  0.185343  
10   S         63        0.0466866 0.0466866 
11   S         63        0.0652329 0.0652329 
9    S         63        0.0652329 0.0764802 
7    S         63        0.0652329 0.0764802 
8    S         63        0.0652329 0.0764802 
12   S         63        0.0652329 0.0764802 
3    S         63        0.0652329 0.0764802 
4    S         63        0.0652329 0.0764802 
15   S         63        0.0652329 0.0764802 
16   S         63        0.0652329 0.0764802 
1    S         63        0.0652329 0.0764802 
6    S         63        0.0652329 0.0764802 
---------------------------------
---------------------------------

8--1最大流值为：63
最可靠最大流分布概率为 ： 0.0652329
状态划分算法消耗的内存为：4.87891
状态划分算法运行时间(ms) ： 34.7691
---------------------------------
流分布如下: 
---------------------------------
0   0   0   0   0   0   0   0   0   0   
22  0   0   0   0   0   0   0   0   0   
38  0   0   0   0   0   0   0   0   0   
0   0   0   0   0   0   0   0   0   0   
0   0   0   0   0   0   0   0   0   0   
3   0   0   0   0   0   0   0   0   0   
0   0   0   0   0   0   0   0   0   0   
0   22  38  0   0   0   0   0   0   3   
0   0   0   0   0   0   0   0   0   0   
0   0   0   0   0   3   0   0   0   0   
---------------------------------
关键边输出如下：
---------------------------------
5    S         25        0.154844  0.181542  
14   S         37        0.0523351 0.0905905 
2    S         41        0.148274  0.148274  
13   S         41        0.148274  0.163443  
17   S         60        0.185343  0.185343  
18   S         60        0.185343  0.185343  
10   S         63        0.0466866 0.0466866 
11   S         63        0.0652329 0.0652329 
9    S         63        0.0652329 0.0764802 
7    S         63        0.0652329 0.0764802 
8    S         63        0.0652329 0.0764802 
12   S         63        0.0652329 0.0764802 
3    S         63        0.0652329 0.0764802 
4    S         63        0.0652329 0.0764802 
15   S         63        0.0652329 0.0764802 
16   S         63        0.0652329 0.0764802 
1    S         63        0.0652329 0.0764802 
6    S         63        0.0652329 0.0764802 
---------------------------------
---------------------------------

8--1最大流值为：63
最可靠最大流分布概率为 ： 0.0652329
状态划分算法消耗的内存为：4.95703
状态划分算法运行时间(ms) ： 35.0009
---------------------------------
流分布如下: 
---------------------------------
0   0   0   0   0   0   0   0   0   0   
22  0   0   0   0   0   0   0   0   0   
38  0   0   0   0   0   0   0   0   0   
0   0   0   0   0   0   0   0   0   0   
0   0   0   0   0   0   0   0   0   0   
3   0   0   0   0   0   0   0   0   0   
0   0   0   0   0   0   0   0   0   0   
0   22  38  0   0   0   0   0   0   3   
0   0   0   0   0   0   0   0   0   0   
0   0   0   0   0   3   0   0   0   0   
---------------------------------
关键边输出如下：
---------------------------------
5    S         25        0.154844  0.181542  
14   S         37        0.0523351 0.0905905 
2    S         41        0.148274  0.148274  
13   S         41        0.148274  0.163443  
17   S         60        0.185343  0.185343  
18   S         60        0.185343  0.185343  
10   S         63        0.0466866 0.0466866 
11   S         63        0.0652329 0.0652329 
9    S         63        0.0652329 0.0764802 
7    S         63        0.0652329 0.0764802 
8    S         63        0.0652329 0.0764802 
12   S         63        0.0652329 0.0764802 
3    S         63        0.0652329 0.0764802 
4    S         63        0.0652329 0.0764802 
15   S         63        0.0652329 0.0764802 
16   S         63        0.0652329 0.0764802 
1    S         63        0.0652329 0.0764802 
6    S         63        0.0652329 0.0764802 
---------------------------------
---------------------------------

8--1最大流值为：63
最可靠最大流分布概率为 ： 0.0652329
状态划分算法消耗的内存为：4.87891
状态划分算法运行时间(ms) ： 34.7945
---------------------------------
流分布如下: 
---------------------------------
0   0   0   0   0   0   0   0   0   0   
22  0   0   0   0   0   0   0   0   0   
38  0   0   0   0   0   0   0   0   0   
0   0   0   0   0   0   0   0   0   0   
0   0   0   0   0   0   0   0   0   0   
3   0   0   0   0   0   0   0   0   0   
0   0   0   0   0   0   0   0   0   0   
0   22  38  0   0   0   0   0   0   3   
0   0   0   0   0   0   0   0   0   0   
0   0   0   0   0   3   0   0   0   0   
---------------------------------
关键边输出如下：
---------------------------------
5    S         25        0.154844  0.181542  
14   S         37        0.0523351 0.0905905 
2    S         41        0.148274  0.148274  
13   S         41        0.148274  0.163443  
17   S         60        0.185343  0.185343  
18   S         60        0.185343  0.185343  
10   S         63        0.0466866 0.0466866 
11   S         63        0.0652329 0.0652329 
9    S         63        0.0652329 0.0764802 
7    S         63        0.0652329 0.0764802 
8    S         63        0.0652329 0.0764802 
12   S         63        0.0652329 0.0764802 
3    S         63        0.0652329 0.0764802 
4    S         63        0.0652329 0.0764802 
15   S         63        0.0652329 0.0764802 
16   S         63        0.0652329 0.0764802 
1    S         63        0.0652329 0.0764802 
6    S         63        0.0652329 0.0764802 
---------------------------------
---------------------------------

8--1最大流值为：63
最可靠最大流分布概率为 ： 0.0652329
状态划分算法消耗的内存为：4.96875
状态划分算法运行时间(ms) ： 35.2436
---------------------------------
流分布如下: 
---------------------------------
0   0   0   0   0   0   0   0   0   0   
22  0   0   0   0   0   0   0   0   0   
38  0   0   0   0   0   0   0   0   0   
0   0   0   0   0   0   0   0   0   0   
0   0   0   0   0   0   0   0   0   0   
3   0   0   0   0   0   0   0   0   0   
0   0   0   0   0   0   0   0   0   0   
0   22  38  0   0   0   0   0   0   3   
0   0   0   0   0   0   0   0   0   0   
0   0   0   0   0   3   0   0   0   0   
---------------------------------
关键边输出如下：
---------------------------------
5    S         25        0.154844  0.181542  
14   S         37        0.0523351 0.0905905 
2    S         41        0.148274  0.148274  
13   S         41        0.148274  0.163443  
17   S         60        0.185343  0.185343  
18   S         60        0.185343  0.185343  
10   S         63        0.0466866 0.0466866 
11   S         63        0.0652329 0.0652329 
9    S         63        0.0652329 0.0764802 
7    S         63        0.0652329 0.0764802 
8    S         63        0.0652329 0.0764802 
12   S         63        0.0652329 0.0764802 
3    S         63        0.0652329 0.0764802 
4    S         63        0.0652329 0.0764802 
15   S         63        0.0652329 0.0764802 
16   S         63        0.0652329 0.0764802 
1    S         63        0.0652329 0.0764802 
6    S         63        0.0652329 0.0764802 
---------------------------------
---------------------------------

8--1最大流值为：63
最可靠最大流分布概率为 ： 0.0652329
状态划分算法消耗的内存为：4.88672
状态划分算法运行时间(ms) ： 34.4163
---------------------------------
流分布如下: 
---------------------------------
0   0   0   0   0   0   0   0   0   0   
22  0   0   0   0   0   0   0   0   0   
38  0   0   0   0   0   0   0   0   0   
0   0   0   0   0   0   0   0   0   0   
0   0   0   0   0   0   0   0   0   0   
3   0   0   0   0   0   0   0   0   0   
0   0   0   0   0   0   0   0   0   0   
0   22  38  0   0   0   0   0   0   3   
0   0   0   0   0   0   0   0   0   0   
0   0   0   0   0   3   0   0   0   0   
---------------------------------
关键边输出如下：
---------------------------------
5    S         25        0.154844  0.181542  
14   S         37        0.0523351 0.0905905 
2    S         41        0.148274  0.148274  
13   S         41        0.148274  0.163443  
17   S         60        0.185343  0.185343  
18   S         60        0.185343  0.185343  
10   S         63        0.0466866 0.0466866 
11   S         63        0.0652329 0.0652329 
9    S         63        0.0652329 0.0764802 
7    S         63        0.0652329 0.0764802 
8    S         63        0.0652329 0.0764802 
12   S         63        0.0652329 0.0764802 
3    S         63        0.0652329 0.0764802 
4    S         63        0.0652329 0.0764802 
15   S         63        0.0652329 0.0764802 
16   S         63        0.0652329 0.0764802 
1    S         63        0.0652329 0.0764802 
6    S         63        0.0652329 0.0764802 
---------------------------------
---------------------------------

8--1最大流值为：63
最可靠最大流分布概率为 ： 0.0652329
状态划分算法消耗的内存为：4.87891
状态划分算法运行时间(ms) ： 34.9204
---------------------------------
流分布如下: 
---------------------------------
0   0   0   0   0   0   0   0   0   0   
22  0   0   0   0   0   0   0   0   0   
38  0   0   0   0   0   0   0   0   0   
0   0   0   0   0   0   0   0   0   0   
0   0   0   0   0   0   0   0   0   0   
3   0   0   0   0   0   0   0   0   0   
0   0   0   0   0   0   0   0   0   0   
0   22  38  0   0   0   0   0   0   3   
0   0   0   0   0   0   0   0   0   0   
0   0   0   0   0   3   0   0   0   0   
---------------------------------
关键边输出如下：
---------------------------------
5    S         25        0.154844  0.181542  
14   S         37        0.0523351 0.0905905 
2    S         41        0.148274  0.148274  
13   S         41        0.148274  0.163443  
17   S         60        0.185343  0.185343  
18   S         60        0.185343  0.185343  
10   S         63        0.0466866 0.0466866 
11   S         63        0.0652329 0.0652329 
9    S         63        0.0652329 0.0764802 
7    S         63        0.0652329 0.0764802 
8    S         63        0.0652329 0.0764802 
12   S         63        0.0652329 0.0764802 
3    S         63        0.0652329 0.0764802 
4    S         63        0.0652329 0.0764802 
15   S         63        0.0652329 0.0764802 
16   S         63        0.0652329 0.0764802 
1    S         63        0.0652329 0.0764802 
6    S         63        0.0652329 0.0764802 
---------------------------------
---------------------------------

8--1最大流值为：63
最可靠最大流分布概率为 ： 0.0652329
状态划分算法消耗的内存为：4.82031
状态划分算法运行时间(ms) ： 34.627
---------------------------------
流分布如下: 
---------------------------------
0   0   0   0   0   0   0   0   0   0   
22  0   0   0   0   0   0   0   0   0   
38  0   0   0   0   0   0   0   0   0   
0   0   0   0   0   0   0   0   0   0   
0   0   0   0   0   0   0   0   0   0   
3   0   0   0   0   0   0   0   0   0   
0   0   0   0   0   0   0   0   0   0   
0   22  38  0   0   0   0   0   0   3   
0   0   0   0   0   0   0   0   0   0   
0   0   0   0   0   3   0   0   0   0   
---------------------------------
关键边输出如下：
---------------------------------
5    S         25        0.154844  0.181542  
14   S         37        0.0523351 0.0905905 
2    S         41        0.148274  0.148274  
13   S         41        0.148274  0.163443  
17   S         60        0.185343  0.185343  
18   S         60        0.185343  0.185343  
10   S         63        0.0466866 0.0466866 
11   S         63        0.0652329 0.0652329 
9    S         63        0.0652329 0.0764802 
7    S         63        0.0652329 0.0764802 
8    S         63        0.0652329 0.0764802 
12   S         63        0.0652329 0.0764802 
3    S         63        0.0652329 0.0764802 
4    S         63        0.0652329 0.0764802 
15   S         63        0.0652329 0.0764802 
16   S         63        0.0652329 0.0764802 
1    S         63        0.0652329 0.0764802 
6    S         63        0.0652329 0.0764802 
---------------------------------
---------------------------------

8--1最大流值为：63
最可靠最大流分布概率为 ： 0.0652329
状态划分算法消耗的内存为：4.86719
状态划分算法运行时间(ms) ： 34.9047
---------------------------------
流分布如下: 
---------------------------------
0   0   0   0   0   0   0   0   0   0   
22  0   0   0   0   0   0   0   0   0   
38  0   0   0   0   0   0   0   0   0   
0   0   0   0   0   0   0   0   0   0   
0   0   0   0   0   0   0   0   0   0   
3   0   0   0   0   0   0   0   0   0   
0   0   0   0   0   0   0   0   0   0   
0   22  38  0   0   0   0   0   0   3   
0   0   0   0   0   0   0   0   0   0   
0   0   0   0   0   3   0   0   0   0   
---------------------------------
关键边输出如下：
---------------------------------
5    S         25        0.154844  0.181542  
14   S         37        0.0523351 0.0905905 
2    S         41        0.148274  0.148274  
13   S         41        0.148274  0.163443  
17   S         60        0.185343  0.185343  
18   S         60        0.185343  0.185343  
10   S         63        0.0466866 0.0466866 
11   S         63        0.0652329 0.0652329 
9    S         63        0.0652329 0.0764802 
7    S         63        0.0652329 0.0764802 
8    S         63        0.0652329 0.0764802 
12   S         63        0.0652329 0.0764802 
3    S         63        0.0652329 0.0764802 
4    S         63        0.0652329 0.0764802 
15   S         63        0.0652329 0.0764802 
16   S         63        0.0652329 0.0764802 
1    S         63        0.0652329 0.0764802 
6    S         63        0.0652329 0.0764802 
---------------------------------
---------------------------------

