2--8最大流值为：52
最可靠最大流分布概率为 ： 0.028081
状态划分算法消耗的内存为：4.9375
状态划分算法运行时间(ms) ： 77.2743
---------------------------------
流分布如下: 
---------------------------------
0   0   0   0   0   0   0   12  0   0   
0   0   36  13  0   0   0   0   0   3   
12  0   0   0   0   0   12  25  0   0   
0   0   13  0   0   0   0   0   0   0   
0   0   0   0   0   0   0   0   0   0   
0   0   0   0   0   0   0   0   0   0   
0   0   0   0   0   0   0   12  0   0   
0   0   0   0   0   0   0   0   0   0   
0   0   0   0   0   0   0   0   0   0   
0   0   0   0   0   0   0   3   0   0   
---------------------------------
关键边输出如下：
---------------------------------
8    S         27        0.10724   0.18948   
3    S         29        0.0493885 0.0493885 
1    S         40        0.0364294 0.0518934 
7    S         40        0.084732  0.146914  
15   S         40        0.084732  0.146914  
18   S         49        0.0844196 0.0964273 
4    S         51        0.0525766 0.0525766 
10   S         51        0.0525766 0.0525766 
5    S         52        0.0193889 0.0193889 
6    S         52        0.0206563 0.0294247 
2    S         52        0.028081  0.028081  
9    S         52        0.028081  0.0320752 
13   S         52        0.028081  0.0408437 
14   S         52        0.028081  0.0408437 
11   S         52        0.028081  0.0408437 
16   S         52        0.028081  0.0408437 
17   S         52        0.028081  0.0408437 
12   S         52        0.028081  0.0408437 
---------------------------------
---------------------------------

2--8最大流值为：52
最可靠最大流分布概率为 ： 0.028081
状态划分算法消耗的内存为：4.97266
状态划分算法运行时间(ms) ： 77.3962
---------------------------------
流分布如下: 
---------------------------------
0   0   0   0   0   0   0   12  0   0   
0   0   36  13  0   0   0   0   0   3   
12  0   0   0   0   0   12  25  0   0   
0   0   13  0   0   0   0   0   0   0   
0   0   0   0   0   0   0   0   0   0   
0   0   0   0   0   0   0   0   0   0   
0   0   0   0   0   0   0   12  0   0   
0   0   0   0   0   0   0   0   0   0   
0   0   0   0   0   0   0   0   0   0   
0   0   0   0   0   0   0   3   0   0   
---------------------------------
关键边输出如下：
---------------------------------
8    S         27        0.10724   0.18948   
3    S         29        0.0493885 0.0493885 
1    S         40        0.0364294 0.0518934 
7    S         40        0.084732  0.146914  
15   S         40        0.084732  0.146914  
18   S         49        0.0844196 0.0964273 
4    S         51        0.0525766 0.0525766 
10   S         51        0.0525766 0.0525766 
5    S         52        0.0193889 0.0193889 
6    S         52        0.0206563 0.0294247 
2    S         52        0.028081  0.028081  
9    S         52        0.028081  0.0320752 
13   S         52        0.028081  0.0408437 
14   S         52        0.028081  0.0408437 
11   S         52        0.028081  0.0408437 
16   S         52        0.028081  0.0408437 
17   S         52        0.028081  0.0408437 
12   S         52        0.028081  0.0408437 
---------------------------------
---------------------------------

2--8最大流值为：52
最可靠最大流分布概率为 ： 0.028081
状态划分算法消耗的内存为：4.96484
状态划分算法运行时间(ms) ： 77.9848
---------------------------------
流分布如下: 
---------------------------------
0   0   0   0   0   0   0   12  0   0   
0   0   36  13  0   0   0   0   0   3   
12  0   0   0   0   0   12  25  0   0   
0   0   13  0   0   0   0   0   0   0   
0   0   0   0   0   0   0   0   0   0   
0   0   0   0   0   0   0   0   0   0   
0   0   0   0   0   0   0   12  0   0   
0   0   0   0   0   0   0   0   0   0   
0   0   0   0   0   0   0   0   0   0   
0   0   0   0   0   0   0   3   0   0   
---------------------------------
关键边输出如下：
---------------------------------
8    S         27        0.10724   0.18948   
3    S         29        0.0493885 0.0493885 
1    S         40        0.0364294 0.0518934 
7    S         40        0.084732  0.146914  
15   S         40        0.084732  0.146914  
18   S         49        0.0844196 0.0964273 
4    S         51        0.0525766 0.0525766 
10   S         51        0.0525766 0.0525766 
5    S         52        0.0193889 0.0193889 
6    S         52        0.0206563 0.0294247 
2    S         52        0.028081  0.028081  
9    S         52        0.028081  0.0320752 
13   S         52        0.028081  0.0408437 
14   S         52        0.028081  0.0408437 
11   S         52        0.028081  0.0408437 
16   S         52        0.028081  0.0408437 
17   S         52        0.028081  0.0408437 
12   S         52        0.028081  0.0408437 
---------------------------------
---------------------------------

2--8最大流值为：52
最可靠最大流分布概率为 ： 0.028081
状态划分算法消耗的内存为：4.87891
状态划分算法运行时间(ms) ： 77.9716
---------------------------------
流分布如下: 
---------------------------------
0   0   0   0   0   0   0   12  0   0   
0   0   36  13  0   0   0   0   0   3   
12  0   0   0   0   0   12  25  0   0   
0   0   13  0   0   0   0   0   0   0   
0   0   0   0   0   0   0   0   0   0   
0   0   0   0   0   0   0   0   0   0   
0   0   0   0   0   0   0   12  0   0   
0   0   0   0   0   0   0   0   0   0   
0   0   0   0   0   0   0   0   0   0   
0   0   0   0   0   0   0   3   0   0   
---------------------------------
关键边输出如下：
---------------------------------
8    S         27        0.10724   0.18948   
3    S         29        0.0493885 0.0493885 
1    S         40        0.0364294 0.0518934 
7    S         40        0.084732  0.146914  
15   S         40        0.084732  0.146914  
18   S         49        0.0844196 0.0964273 
4    S         51        0.0525766 0.0525766 
10   S         51        0.0525766 0.0525766 
5    S         52        0.0193889 0.0193889 
6    S         52        0.0206563 0.0294247 
2    S         52        0.028081  0.028081  
9    S         52        0.028081  0.0320752 
13   S         52        0.028081  0.0408437 
14   S         52        0.028081  0.0408437 
11   S         52        0.028081  0.0408437 
16   S         52        0.028081  0.0408437 
17   S         52        0.028081  0.0408437 
12   S         52        0.028081  0.0408437 
---------------------------------
---------------------------------

2--8最大流值为：52
最可靠最大流分布概率为 ： 0.028081
状态划分算法消耗的内存为：4.9375
状态划分算法运行时间(ms) ： 78.22
---------------------------------
流分布如下: 
---------------------------------
0   0   0   0   0   0   0   12  0   0   
0   0   36  13  0   0   0   0   0   3   
12  0   0   0   0   0   12  25  0   0   
0   0   13  0   0   0   0   0   0   0   
0   0   0   0   0   0   0   0   0   0   
0   0   0   0   0   0   0   0   0   0   
0   0   0   0   0   0   0   12  0   0   
0   0   0   0   0   0   0   0   0   0   
0   0   0   0   0   0   0   0   0   0   
0   0   0   0   0   0   0   3   0   0   
---------------------------------
关键边输出如下：
---------------------------------
8    S         27        0.10724   0.18948   
3    S         29        0.0493885 0.0493885 
1    S         40        0.0364294 0.0518934 
7    S         40        0.084732  0.146914  
15   S         40        0.084732  0.146914  
18   S         49        0.0844196 0.0964273 
4    S         51        0.0525766 0.0525766 
10   S         51        0.0525766 0.0525766 
5    S         52        0.0193889 0.0193889 
6    S         52        0.0206563 0.0294247 
2    S         52        0.028081  0.028081  
9    S         52        0.028081  0.0320752 
13   S         52        0.028081  0.0408437 
14   S         52        0.028081  0.0408437 
11   S         52        0.028081  0.0408437 
16   S         52        0.028081  0.0408437 
17   S         52        0.028081  0.0408437 
12   S         52        0.028081  0.0408437 
---------------------------------
---------------------------------

2--8最大流值为：52
最可靠最大流分布概率为 ： 0.028081
状态划分算法消耗的内存为：4.96484
状态划分算法运行时间(ms) ： 77.271
---------------------------------
流分布如下: 
---------------------------------
0   0   0   0   0   0   0   12  0   0   
0   0   36  13  0   0   0   0   0   3   
12  0   0   0   0   0   12  25  0   0   
0   0   13  0   0   0   0   0   0   0   
0   0   0   0   0   0   0   0   0   0   
0   0   0   0   0   0   0   0   0   0   
0   0   0   0   0   0   0   12  0   0   
0   0   0   0   0   0   0   0   0   0   
0   0   0   0   0   0   0   0   0   0   
0   0   0   0   0   0   0   3   0   0   
---------------------------------
关键边输出如下：
---------------------------------
8    S         27        0.10724   0.18948   
3    S         29        0.0493885 0.0493885 
1    S         40        0.0364294 0.0518934 
7    S         40        0.084732  0.146914  
15   S         40        0.084732  0.146914  
18   S         49        0.0844196 0.0964273 
4    S         51        0.0525766 0.0525766 
10   S         51        0.0525766 0.0525766 
5    S         52        0.0193889 0.0193889 
6    S         52        0.0206563 0.0294247 
2    S         52        0.028081  0.028081  
9    S         52        0.028081  0.0320752 
13   S         52        0.028081  0.0408437 
14   S         52        0.028081  0.0408437 
11   S         52        0.028081  0.0408437 
16   S         52        0.028081  0.0408437 
17   S         52        0.028081  0.0408437 
12   S         52        0.028081  0.0408437 
---------------------------------
---------------------------------

2--8最大流值为：52
最可靠最大流分布概率为 ： 0.028081
状态划分算法消耗的内存为：4.89063
状态划分算法运行时间(ms) ： 77.5991
---------------------------------
流分布如下: 
---------------------------------
0   0   0   0   0   0   0   12  0   0   
0   0   36  13  0   0   0   0   0   3   
12  0   0   0   0   0   12  25  0   0   
0   0   13  0   0   0   0   0   0   0   
0   0   0   0   0   0   0   0   0   0   
0   0   0   0   0   0   0   0   0   0   
0   0   0   0   0   0   0   12  0   0   
0   0   0   0   0   0   0   0   0   0   
0   0   0   0   0   0   0   0   0   0   
0   0   0   0   0   0   0   3   0   0   
---------------------------------
关键边输出如下：
---------------------------------
8    S         27        0.10724   0.18948   
3    S         29        0.0493885 0.0493885 
1    S         40        0.0364294 0.0518934 
7    S         40        0.084732  0.146914  
15   S         40        0.084732  0.146914  
18   S         49        0.0844196 0.0964273 
4    S         51        0.0525766 0.0525766 
10   S         51        0.0525766 0.0525766 
5    S         52        0.0193889 0.0193889 
6    S         52        0.0206563 0.0294247 
2    S         52        0.028081  0.028081  
9    S         52        0.028081  0.0320752 
13   S         52        0.028081  0.0408437 
14   S         52        0.028081  0.0408437 
11   S         52        0.028081  0.0408437 
16   S         52        0.028081  0.0408437 
17   S         52        0.028081  0.0408437 
12   S         52        0.028081  0.0408437 
---------------------------------
---------------------------------

2--8最大流值为：52
最可靠最大流分布概率为 ： 0.028081
状态划分算法消耗的内存为：4.85156
状态划分算法运行时间(ms) ： 76.8134
---------------------------------
流分布如下: 
---------------------------------
0   0   0   0   0   0   0   12  0   0   
0   0   36  13  0   0   0   0   0   3   
12  0   0   0   0   0   12  25  0   0   
0   0   13  0   0   0   0   0   0   0   
0   0   0   0   0   0   0   0   0   0   
0   0   0   0   0   0   0   0   0   0   
0   0   0   0   0   0   0   12  0   0   
0   0   0   0   0   0   0   0   0   0   
0   0   0   0   0   0   0   0   0   0   
0   0   0   0   0   0   0   3   0   0   
---------------------------------
关键边输出如下：
---------------------------------
8    S         27        0.10724   0.18948   
3    S         29        0.0493885 0.0493885 
1    S         40        0.0364294 0.0518934 
7    S         40        0.084732  0.146914  
15   S         40        0.084732  0.146914  
18   S         49        0.0844196 0.0964273 
4    S         51        0.0525766 0.0525766 
10   S         51        0.0525766 0.0525766 
5    S         52        0.0193889 0.0193889 
6    S         52        0.0206563 0.0294247 
2    S         52        0.028081  0.028081  
9    S         52        0.028081  0.0320752 
13   S         52        0.028081  0.0408437 
14   S         52        0.028081  0.0408437 
11   S         52        0.028081  0.0408437 
16   S         52        0.028081  0.0408437 
17   S         52        0.028081  0.0408437 
12   S         52        0.028081  0.0408437 
---------------------------------
---------------------------------

2--8最大流值为：52
最可靠最大流分布概率为 ： 0.028081
状态划分算法消耗的内存为：4.97656
状态划分算法运行时间(ms) ： 77.5511
---------------------------------
流分布如下: 
---------------------------------
0   0   0   0   0   0   0   12  0   0   
0   0   36  13  0   0   0   0   0   3   
12  0   0   0   0   0   12  25  0   0   
0   0   13  0   0   0   0   0   0   0   
0   0   0   0   0   0   0   0   0   0   
0   0   0   0   0   0   0   0   0   0   
0   0   0   0   0   0   0   12  0   0   
0   0   0   0   0   0   0   0   0   0   
0   0   0   0   0   0   0   0   0   0   
0   0   0   0   0   0   0   3   0   0   
---------------------------------
关键边输出如下：
---------------------------------
8    S         27        0.10724   0.18948   
3    S         29        0.0493885 0.0493885 
1    S         40        0.0364294 0.0518934 
7    S         40        0.084732  0.146914  
15   S         40        0.084732  0.146914  
18   S         49        0.0844196 0.0964273 
4    S         51        0.0525766 0.0525766 
10   S         51        0.0525766 0.0525766 
5    S         52        0.0193889 0.0193889 
6    S         52        0.0206563 0.0294247 
2    S         52        0.028081  0.028081  
9    S         52        0.028081  0.0320752 
13   S         52        0.028081  0.0408437 
14   S         52        0.028081  0.0408437 
11   S         52        0.028081  0.0408437 
16   S         52        0.028081  0.0408437 
17   S         52        0.028081  0.0408437 
12   S         52        0.028081  0.0408437 
---------------------------------
---------------------------------

2--8最大流值为：52
最可靠最大流分布概率为 ： 0.028081
状态划分算法消耗的内存为：4.96484
状态划分算法运行时间(ms) ： 77.4113
---------------------------------
流分布如下: 
---------------------------------
0   0   0   0   0   0   0   12  0   0   
0   0   36  13  0   0   0   0   0   3   
12  0   0   0   0   0   12  25  0   0   
0   0   13  0   0   0   0   0   0   0   
0   0   0   0   0   0   0   0   0   0   
0   0   0   0   0   0   0   0   0   0   
0   0   0   0   0   0   0   12  0   0   
0   0   0   0   0   0   0   0   0   0   
0   0   0   0   0   0   0   0   0   0   
0   0   0   0   0   0   0   3   0   0   
---------------------------------
关键边输出如下：
---------------------------------
8    S         27        0.10724   0.18948   
3    S         29        0.0493885 0.0493885 
1    S         40        0.0364294 0.0518934 
7    S         40        0.084732  0.146914  
15   S         40        0.084732  0.146914  
18   S         49        0.0844196 0.0964273 
4    S         51        0.0525766 0.0525766 
10   S         51        0.0525766 0.0525766 
5    S         52        0.0193889 0.0193889 
6    S         52        0.0206563 0.0294247 
2    S         52        0.028081  0.028081  
9    S         52        0.028081  0.0320752 
13   S         52        0.028081  0.0408437 
14   S         52        0.028081  0.0408437 
11   S         52        0.028081  0.0408437 
16   S         52        0.028081  0.0408437 
17   S         52        0.028081  0.0408437 
12   S         52        0.028081  0.0408437 
---------------------------------
---------------------------------

