1--4最大流值为：47
最可靠最大流分布概率为 ： 0.0355748
状态划分算法消耗的内存为：4.89453
状态划分算法运行时间(ms) ： 125.541
---------------------------------
流分布如下: 
---------------------------------
0   12  35  0   0   0   0   0   0   0   
0   0   0   0   12  0   0   0   0   0   
0   0   0   0   35  0   0   0   0   0   
0   0   0   0   0   0   0   0   0   0   
0   0   0   22  0   0   25  0   0   0   
0   0   0   0   0   0   0   0   0   0   
0   0   0   22  0   0   0   0   0   3   
0   0   0   0   0   0   0   0   0   0   
0   0   0   0   0   0   0   0   0   0   
0   0   0   3   0   0   0   0   0   0   
---------------------------------
关键边输出如下：
---------------------------------
2    S         12        0.362531  0.507309  
13   S         25        0.0744889 0.147428  
9    S         25        0.107421  0.168792  
10   S         28        0.0288944 0.0522679 
1    S         37        0.0940541 0.0940541 
5    S         41        0.008673760.0101841 
3    S         43        0.0199682 0.0199682 
17   S         44        0.0605819 0.0605819 
14   S         47        0.0251292 0.0360633 
11   S         47        0.0355748 0.0411026 
4    S         47        0.0355748 0.0413772 
12   S         47        0.0355748 0.0439019 
7    S         47        0.0355748 0.0439019 
6    S         47        0.0355748 0.0439019 
15   S         47        0.0355748 0.0439019 
16   S         47        0.0355748 0.0439019 
8    S         47        0.0355748 0.0439019 
18   S         47        0.0355748 0.0439019 
---------------------------------
---------------------------------

1--4最大流值为：47
最可靠最大流分布概率为 ： 0.0355748
状态划分算法消耗的内存为：4.98438
状态划分算法运行时间(ms) ： 125.732
---------------------------------
流分布如下: 
---------------------------------
0   12  35  0   0   0   0   0   0   0   
0   0   0   0   12  0   0   0   0   0   
0   0   0   0   35  0   0   0   0   0   
0   0   0   0   0   0   0   0   0   0   
0   0   0   22  0   0   25  0   0   0   
0   0   0   0   0   0   0   0   0   0   
0   0   0   22  0   0   0   0   0   3   
0   0   0   0   0   0   0   0   0   0   
0   0   0   0   0   0   0   0   0   0   
0   0   0   3   0   0   0   0   0   0   
---------------------------------
关键边输出如下：
---------------------------------
2    S         12        0.362531  0.507309  
13   S         25        0.0744889 0.147428  
9    S         25        0.107421  0.168792  
10   S         28        0.0288944 0.0522679 
1    S         37        0.0940541 0.0940541 
5    S         41        0.008673760.0101841 
3    S         43        0.0199682 0.0199682 
17   S         44        0.0605819 0.0605819 
14   S         47        0.0251292 0.0360633 
11   S         47        0.0355748 0.0411026 
4    S         47        0.0355748 0.0413772 
12   S         47        0.0355748 0.0439019 
7    S         47        0.0355748 0.0439019 
6    S         47        0.0355748 0.0439019 
15   S         47        0.0355748 0.0439019 
16   S         47        0.0355748 0.0439019 
8    S         47        0.0355748 0.0439019 
18   S         47        0.0355748 0.0439019 
---------------------------------
---------------------------------

1--4最大流值为：47
最可靠最大流分布概率为 ： 0.0355748
状态划分算法消耗的内存为：4.98438
状态划分算法运行时间(ms) ： 125.999
---------------------------------
流分布如下: 
---------------------------------
0   12  35  0   0   0   0   0   0   0   
0   0   0   0   12  0   0   0   0   0   
0   0   0   0   35  0   0   0   0   0   
0   0   0   0   0   0   0   0   0   0   
0   0   0   22  0   0   25  0   0   0   
0   0   0   0   0   0   0   0   0   0   
0   0   0   22  0   0   0   0   0   3   
0   0   0   0   0   0   0   0   0   0   
0   0   0   0   0   0   0   0   0   0   
0   0   0   3   0   0   0   0   0   0   
---------------------------------
关键边输出如下：
---------------------------------
2    S         12        0.362531  0.507309  
13   S         25        0.0744889 0.147428  
9    S         25        0.107421  0.168792  
10   S         28        0.0288944 0.0522679 
1    S         37        0.0940541 0.0940541 
5    S         41        0.008673760.0101841 
3    S         43        0.0199682 0.0199682 
17   S         44        0.0605819 0.0605819 
14   S         47        0.0251292 0.0360633 
11   S         47        0.0355748 0.0411026 
4    S         47        0.0355748 0.0413772 
12   S         47        0.0355748 0.0439019 
7    S         47        0.0355748 0.0439019 
6    S         47        0.0355748 0.0439019 
15   S         47        0.0355748 0.0439019 
16   S         47        0.0355748 0.0439019 
8    S         47        0.0355748 0.0439019 
18   S         47        0.0355748 0.0439019 
---------------------------------
---------------------------------

1--4最大流值为：47
最可靠最大流分布概率为 ： 0.0355748
状态划分算法消耗的内存为：4.97266
状态划分算法运行时间(ms) ： 127.151
---------------------------------
流分布如下: 
---------------------------------
0   12  35  0   0   0   0   0   0   0   
0   0   0   0   12  0   0   0   0   0   
0   0   0   0   35  0   0   0   0   0   
0   0   0   0   0   0   0   0   0   0   
0   0   0   22  0   0   25  0   0   0   
0   0   0   0   0   0   0   0   0   0   
0   0   0   22  0   0   0   0   0   3   
0   0   0   0   0   0   0   0   0   0   
0   0   0   0   0   0   0   0   0   0   
0   0   0   3   0   0   0   0   0   0   
---------------------------------
关键边输出如下：
---------------------------------
2    S         12        0.362531  0.507309  
13   S         25        0.0744889 0.147428  
9    S         25        0.107421  0.168792  
10   S         28        0.0288944 0.0522679 
1    S         37        0.0940541 0.0940541 
5    S         41        0.008673760.0101841 
3    S         43        0.0199682 0.0199682 
17   S         44        0.0605819 0.0605819 
14   S         47        0.0251292 0.0360633 
11   S         47        0.0355748 0.0411026 
4    S         47        0.0355748 0.0413772 
12   S         47        0.0355748 0.0439019 
7    S         47        0.0355748 0.0439019 
6    S         47        0.0355748 0.0439019 
15   S         47        0.0355748 0.0439019 
16   S         47        0.0355748 0.0439019 
8    S         47        0.0355748 0.0439019 
18   S         47        0.0355748 0.0439019 
---------------------------------
---------------------------------

1--4最大流值为：47
最可靠最大流分布概率为 ： 0.0355748
状态划分算法消耗的内存为：4.95703
状态划分算法运行时间(ms) ： 124.266
---------------------------------
流分布如下: 
---------------------------------
0   12  35  0   0   0   0   0   0   0   
0   0   0   0   12  0   0   0   0   0   
0   0   0   0   35  0   0   0   0   0   
0   0   0   0   0   0   0   0   0   0   
0   0   0   22  0   0   25  0   0   0   
0   0   0   0   0   0   0   0   0   0   
0   0   0   22  0   0   0   0   0   3   
0   0   0   0   0   0   0   0   0   0   
0   0   0   0   0   0   0   0   0   0   
0   0   0   3   0   0   0   0   0   0   
---------------------------------
关键边输出如下：
---------------------------------
2    S         12        0.362531  0.507309  
13   S         25        0.0744889 0.147428  
9    S         25        0.107421  0.168792  
10   S         28        0.0288944 0.0522679 
1    S         37        0.0940541 0.0940541 
5    S         41        0.008673760.0101841 
3    S         43        0.0199682 0.0199682 
17   S         44        0.0605819 0.0605819 
14   S         47        0.0251292 0.0360633 
11   S         47        0.0355748 0.0411026 
4    S         47        0.0355748 0.0413772 
12   S         47        0.0355748 0.0439019 
7    S         47        0.0355748 0.0439019 
6    S         47        0.0355748 0.0439019 
15   S         47        0.0355748 0.0439019 
16   S         47        0.0355748 0.0439019 
8    S         47        0.0355748 0.0439019 
18   S         47        0.0355748 0.0439019 
---------------------------------
---------------------------------

1--4最大流值为：47
最可靠最大流分布概率为 ： 0.0355748
状态划分算法消耗的内存为：4.94922
状态划分算法运行时间(ms) ： 124.064
---------------------------------
流分布如下: 
---------------------------------
0   12  35  0   0   0   0   0   0   0   
0   0   0   0   12  0   0   0   0   0   
0   0   0   0   35  0   0   0   0   0   
0   0   0   0   0   0   0   0   0   0   
0   0   0   22  0   0   25  0   0   0   
0   0   0   0   0   0   0   0   0   0   
0   0   0   22  0   0   0   0   0   3   
0   0   0   0   0   0   0   0   0   0   
0   0   0   0   0   0   0   0   0   0   
0   0   0   3   0   0   0   0   0   0   
---------------------------------
关键边输出如下：
---------------------------------
2    S         12        0.362531  0.507309  
13   S         25        0.0744889 0.147428  
9    S         25        0.107421  0.168792  
10   S         28        0.0288944 0.0522679 
1    S         37        0.0940541 0.0940541 
5    S         41        0.008673760.0101841 
3    S         43        0.0199682 0.0199682 
17   S         44        0.0605819 0.0605819 
14   S         47        0.0251292 0.0360633 
11   S         47        0.0355748 0.0411026 
4    S         47        0.0355748 0.0413772 
12   S         47        0.0355748 0.0439019 
7    S         47        0.0355748 0.0439019 
6    S         47        0.0355748 0.0439019 
15   S         47        0.0355748 0.0439019 
16   S         47        0.0355748 0.0439019 
8    S         47        0.0355748 0.0439019 
18   S         47        0.0355748 0.0439019 
---------------------------------
---------------------------------

1--4最大流值为：47
最可靠最大流分布概率为 ： 0.0355748
状态划分算法消耗的内存为：4.94141
状态划分算法运行时间(ms) ： 123.972
---------------------------------
流分布如下: 
---------------------------------
0   12  35  0   0   0   0   0   0   0   
0   0   0   0   12  0   0   0   0   0   
0   0   0   0   35  0   0   0   0   0   
0   0   0   0   0   0   0   0   0   0   
0   0   0   22  0   0   25  0   0   0   
0   0   0   0   0   0   0   0   0   0   
0   0   0   22  0   0   0   0   0   3   
0   0   0   0   0   0   0   0   0   0   
0   0   0   0   0   0   0   0   0   0   
0   0   0   3   0   0   0   0   0   0   
---------------------------------
关键边输出如下：
---------------------------------
2    S         12        0.362531  0.507309  
13   S         25        0.0744889 0.147428  
9    S         25        0.107421  0.168792  
10   S         28        0.0288944 0.0522679 
1    S         37        0.0940541 0.0940541 
5    S         41        0.008673760.0101841 
3    S         43        0.0199682 0.0199682 
17   S         44        0.0605819 0.0605819 
14   S         47        0.0251292 0.0360633 
11   S         47        0.0355748 0.0411026 
4    S         47        0.0355748 0.0413772 
12   S         47        0.0355748 0.0439019 
7    S         47        0.0355748 0.0439019 
6    S         47        0.0355748 0.0439019 
15   S         47        0.0355748 0.0439019 
16   S         47        0.0355748 0.0439019 
8    S         47        0.0355748 0.0439019 
18   S         47        0.0355748 0.0439019 
---------------------------------
---------------------------------

1--4最大流值为：47
最可靠最大流分布概率为 ： 0.0355748
状态划分算法消耗的内存为：4.97656
状态划分算法运行时间(ms) ： 123.348
---------------------------------
流分布如下: 
---------------------------------
0   12  35  0   0   0   0   0   0   0   
0   0   0   0   12  0   0   0   0   0   
0   0   0   0   35  0   0   0   0   0   
0   0   0   0   0   0   0   0   0   0   
0   0   0   22  0   0   25  0   0   0   
0   0   0   0   0   0   0   0   0   0   
0   0   0   22  0   0   0   0   0   3   
0   0   0   0   0   0   0   0   0   0   
0   0   0   0   0   0   0   0   0   0   
0   0   0   3   0   0   0   0   0   0   
---------------------------------
关键边输出如下：
---------------------------------
2    S         12        0.362531  0.507309  
13   S         25        0.0744889 0.147428  
9    S         25        0.107421  0.168792  
10   S         28        0.0288944 0.0522679 
1    S         37        0.0940541 0.0940541 
5    S         41        0.008673760.0101841 
3    S         43        0.0199682 0.0199682 
17   S         44        0.0605819 0.0605819 
14   S         47        0.0251292 0.0360633 
11   S         47        0.0355748 0.0411026 
4    S         47        0.0355748 0.0413772 
12   S         47        0.0355748 0.0439019 
7    S         47        0.0355748 0.0439019 
6    S         47        0.0355748 0.0439019 
15   S         47        0.0355748 0.0439019 
16   S         47        0.0355748 0.0439019 
8    S         47        0.0355748 0.0439019 
18   S         47        0.0355748 0.0439019 
---------------------------------
---------------------------------

1--4最大流值为：47
最可靠最大流分布概率为 ： 0.0355748
状态划分算法消耗的内存为：4.97266
状态划分算法运行时间(ms) ： 125.075
---------------------------------
流分布如下: 
---------------------------------
0   12  35  0   0   0   0   0   0   0   
0   0   0   0   12  0   0   0   0   0   
0   0   0   0   35  0   0   0   0   0   
0   0   0   0   0   0   0   0   0   0   
0   0   0   22  0   0   25  0   0   0   
0   0   0   0   0   0   0   0   0   0   
0   0   0   22  0   0   0   0   0   3   
0   0   0   0   0   0   0   0   0   0   
0   0   0   0   0   0   0   0   0   0   
0   0   0   3   0   0   0   0   0   0   
---------------------------------
关键边输出如下：
---------------------------------
2    S         12        0.362531  0.507309  
13   S         25        0.0744889 0.147428  
9    S         25        0.107421  0.168792  
10   S         28        0.0288944 0.0522679 
1    S         37        0.0940541 0.0940541 
5    S         41        0.008673760.0101841 
3    S         43        0.0199682 0.0199682 
17   S         44        0.0605819 0.0605819 
14   S         47        0.0251292 0.0360633 
11   S         47        0.0355748 0.0411026 
4    S         47        0.0355748 0.0413772 
12   S         47        0.0355748 0.0439019 
7    S         47        0.0355748 0.0439019 
6    S         47        0.0355748 0.0439019 
15   S         47        0.0355748 0.0439019 
16   S         47        0.0355748 0.0439019 
8    S         47        0.0355748 0.0439019 
18   S         47        0.0355748 0.0439019 
---------------------------------
---------------------------------

1--4最大流值为：47
最可靠最大流分布概率为 ： 0.0355748
状态划分算法消耗的内存为：4.97656
状态划分算法运行时间(ms) ： 124.513
---------------------------------
流分布如下: 
---------------------------------
0   12  35  0   0   0   0   0   0   0   
0   0   0   0   12  0   0   0   0   0   
0   0   0   0   35  0   0   0   0   0   
0   0   0   0   0   0   0   0   0   0   
0   0   0   22  0   0   25  0   0   0   
0   0   0   0   0   0   0   0   0   0   
0   0   0   22  0   0   0   0   0   3   
0   0   0   0   0   0   0   0   0   0   
0   0   0   0   0   0   0   0   0   0   
0   0   0   3   0   0   0   0   0   0   
---------------------------------
关键边输出如下：
---------------------------------
2    S         12        0.362531  0.507309  
13   S         25        0.0744889 0.147428  
9    S         25        0.107421  0.168792  
10   S         28        0.0288944 0.0522679 
1    S         37        0.0940541 0.0940541 
5    S         41        0.008673760.0101841 
3    S         43        0.0199682 0.0199682 
17   S         44        0.0605819 0.0605819 
14   S         47        0.0251292 0.0360633 
11   S         47        0.0355748 0.0411026 
4    S         47        0.0355748 0.0413772 
12   S         47        0.0355748 0.0439019 
7    S         47        0.0355748 0.0439019 
6    S         47        0.0355748 0.0439019 
15   S         47        0.0355748 0.0439019 
16   S         47        0.0355748 0.0439019 
8    S         47        0.0355748 0.0439019 
18   S         47        0.0355748 0.0439019 
---------------------------------
---------------------------------

