3--4最大流值为：55
最可靠最大流分布概率为 ： 0.0597624
状态划分算法消耗的内存为：4.85938
状态划分算法运行时间(ms) ： 124.493
---------------------------------
流分布如下: 
---------------------------------
0   0   0   0   0   0   0   0   0   0   
0   0   0   0   0   0   0   0   0   0   
0   0   0   38  0   3   14  0   0   0   
0   0   0   0   0   0   0   0   0   0   
0   0   0   0   0   0   0   0   0   0   
0   0   0   0   0   0   0   0   0   3   
0   0   0   17  0   0   0   0   0   0   
0   0   0   0   0   0   0   0   0   0   
0   0   0   0   0   0   0   0   0   0   
0   0   0   0   0   0   3   0   0   0   
---------------------------------
关键边输出如下：
---------------------------------
5    S         17        0.109103  0.169758  
12   S         38        0.54776   0.54776   
7    S         41        0.0891653 0.138736  
18   S         52        0.22457   0.22457   
11   S         55        0.0475751 0.0475751 
6    S         55        0.0475751 0.0811785 
4    S         55        0.0597624 0.0687702 
3    S         55        0.0597624 0.0707101 
8    S         55        0.0597624 0.0882128 
15   S         55        0.0597624 0.0893128 
2    S         55        0.0597624 0.0926001 
16   S         55        0.0597624 0.092794  
9    S         55        0.0597624 0.092794  
1    S         55        0.0597624 0.0928866 
14   S         55        0.0597624 0.092905  
10   S         55        0.0597624 0.0929866 
17   S         55        0.0597624 0.0929866 
13   S         55        0.0597624 0.0929866 
---------------------------------
---------------------------------

3--4最大流值为：55
最可靠最大流分布概率为 ： 0.0597624
状态划分算法消耗的内存为：4.94531
状态划分算法运行时间(ms) ： 122.623
---------------------------------
流分布如下: 
---------------------------------
0   0   0   0   0   0   0   0   0   0   
0   0   0   0   0   0   0   0   0   0   
0   0   0   38  0   3   14  0   0   0   
0   0   0   0   0   0   0   0   0   0   
0   0   0   0   0   0   0   0   0   0   
0   0   0   0   0   0   0   0   0   3   
0   0   0   17  0   0   0   0   0   0   
0   0   0   0   0   0   0   0   0   0   
0   0   0   0   0   0   0   0   0   0   
0   0   0   0   0   0   3   0   0   0   
---------------------------------
关键边输出如下：
---------------------------------
5    S         17        0.109103  0.169758  
12   S         38        0.54776   0.54776   
7    S         41        0.0891653 0.138736  
18   S         52        0.22457   0.22457   
11   S         55        0.0475751 0.0475751 
6    S         55        0.0475751 0.0811785 
4    S         55        0.0597624 0.0687702 
3    S         55        0.0597624 0.0707101 
8    S         55        0.0597624 0.0882128 
15   S         55        0.0597624 0.0893128 
2    S         55        0.0597624 0.0926001 
16   S         55        0.0597624 0.092794  
9    S         55        0.0597624 0.092794  
1    S         55        0.0597624 0.0928866 
14   S         55        0.0597624 0.092905  
10   S         55        0.0597624 0.0929866 
17   S         55        0.0597624 0.0929866 
13   S         55        0.0597624 0.0929866 
---------------------------------
---------------------------------

3--4最大流值为：55
最可靠最大流分布概率为 ： 0.0597624
状态划分算法消耗的内存为：4.95313
状态划分算法运行时间(ms) ： 122.615
---------------------------------
流分布如下: 
---------------------------------
0   0   0   0   0   0   0   0   0   0   
0   0   0   0   0   0   0   0   0   0   
0   0   0   38  0   3   14  0   0   0   
0   0   0   0   0   0   0   0   0   0   
0   0   0   0   0   0   0   0   0   0   
0   0   0   0   0   0   0   0   0   3   
0   0   0   17  0   0   0   0   0   0   
0   0   0   0   0   0   0   0   0   0   
0   0   0   0   0   0   0   0   0   0   
0   0   0   0   0   0   3   0   0   0   
---------------------------------
关键边输出如下：
---------------------------------
5    S         17        0.109103  0.169758  
12   S         38        0.54776   0.54776   
7    S         41        0.0891653 0.138736  
18   S         52        0.22457   0.22457   
11   S         55        0.0475751 0.0475751 
6    S         55        0.0475751 0.0811785 
4    S         55        0.0597624 0.0687702 
3    S         55        0.0597624 0.0707101 
8    S         55        0.0597624 0.0882128 
15   S         55        0.0597624 0.0893128 
2    S         55        0.0597624 0.0926001 
16   S         55        0.0597624 0.092794  
9    S         55        0.0597624 0.092794  
1    S         55        0.0597624 0.0928866 
14   S         55        0.0597624 0.092905  
10   S         55        0.0597624 0.0929866 
17   S         55        0.0597624 0.0929866 
13   S         55        0.0597624 0.0929866 
---------------------------------
---------------------------------

3--4最大流值为：55
最可靠最大流分布概率为 ： 0.0597624
状态划分算法消耗的内存为：4.87891
状态划分算法运行时间(ms) ： 123.256
---------------------------------
流分布如下: 
---------------------------------
0   0   0   0   0   0   0   0   0   0   
0   0   0   0   0   0   0   0   0   0   
0   0   0   38  0   3   14  0   0   0   
0   0   0   0   0   0   0   0   0   0   
0   0   0   0   0   0   0   0   0   0   
0   0   0   0   0   0   0   0   0   3   
0   0   0   17  0   0   0   0   0   0   
0   0   0   0   0   0   0   0   0   0   
0   0   0   0   0   0   0   0   0   0   
0   0   0   0   0   0   3   0   0   0   
---------------------------------
关键边输出如下：
---------------------------------
5    S         17        0.109103  0.169758  
12   S         38        0.54776   0.54776   
7    S         41        0.0891653 0.138736  
18   S         52        0.22457   0.22457   
11   S         55        0.0475751 0.0475751 
6    S         55        0.0475751 0.0811785 
4    S         55        0.0597624 0.0687702 
3    S         55        0.0597624 0.0707101 
8    S         55        0.0597624 0.0882128 
15   S         55        0.0597624 0.0893128 
2    S         55        0.0597624 0.0926001 
16   S         55        0.0597624 0.092794  
9    S         55        0.0597624 0.092794  
1    S         55        0.0597624 0.0928866 
14   S         55        0.0597624 0.092905  
10   S         55        0.0597624 0.0929866 
17   S         55        0.0597624 0.0929866 
13   S         55        0.0597624 0.0929866 
---------------------------------
---------------------------------

3--4最大流值为：55
最可靠最大流分布概率为 ： 0.0597624
状态划分算法消耗的内存为：4.94922
状态划分算法运行时间(ms) ： 120.391
---------------------------------
流分布如下: 
---------------------------------
0   0   0   0   0   0   0   0   0   0   
0   0   0   0   0   0   0   0   0   0   
0   0   0   38  0   3   14  0   0   0   
0   0   0   0   0   0   0   0   0   0   
0   0   0   0   0   0   0   0   0   0   
0   0   0   0   0   0   0   0   0   3   
0   0   0   17  0   0   0   0   0   0   
0   0   0   0   0   0   0   0   0   0   
0   0   0   0   0   0   0   0   0   0   
0   0   0   0   0   0   3   0   0   0   
---------------------------------
关键边输出如下：
---------------------------------
5    S         17        0.109103  0.169758  
12   S         38        0.54776   0.54776   
7    S         41        0.0891653 0.138736  
18   S         52        0.22457   0.22457   
11   S         55        0.0475751 0.0475751 
6    S         55        0.0475751 0.0811785 
4    S         55        0.0597624 0.0687702 
3    S         55        0.0597624 0.0707101 
8    S         55        0.0597624 0.0882128 
15   S         55        0.0597624 0.0893128 
2    S         55        0.0597624 0.0926001 
16   S         55        0.0597624 0.092794  
9    S         55        0.0597624 0.092794  
1    S         55        0.0597624 0.0928866 
14   S         55        0.0597624 0.092905  
10   S         55        0.0597624 0.0929866 
17   S         55        0.0597624 0.0929866 
13   S         55        0.0597624 0.0929866 
---------------------------------
---------------------------------

3--4最大流值为：55
最可靠最大流分布概率为 ： 0.0597624
状态划分算法消耗的内存为：4.97266
状态划分算法运行时间(ms) ： 123.503
---------------------------------
流分布如下: 
---------------------------------
0   0   0   0   0   0   0   0   0   0   
0   0   0   0   0   0   0   0   0   0   
0   0   0   38  0   3   14  0   0   0   
0   0   0   0   0   0   0   0   0   0   
0   0   0   0   0   0   0   0   0   0   
0   0   0   0   0   0   0   0   0   3   
0   0   0   17  0   0   0   0   0   0   
0   0   0   0   0   0   0   0   0   0   
0   0   0   0   0   0   0   0   0   0   
0   0   0   0   0   0   3   0   0   0   
---------------------------------
关键边输出如下：
---------------------------------
5    S         17        0.109103  0.169758  
12   S         38        0.54776   0.54776   
7    S         41        0.0891653 0.138736  
18   S         52        0.22457   0.22457   
11   S         55        0.0475751 0.0475751 
6    S         55        0.0475751 0.0811785 
4    S         55        0.0597624 0.0687702 
3    S         55        0.0597624 0.0707101 
8    S         55        0.0597624 0.0882128 
15   S         55        0.0597624 0.0893128 
2    S         55        0.0597624 0.0926001 
16   S         55        0.0597624 0.092794  
9    S         55        0.0597624 0.092794  
1    S         55        0.0597624 0.0928866 
14   S         55        0.0597624 0.092905  
10   S         55        0.0597624 0.0929866 
17   S         55        0.0597624 0.0929866 
13   S         55        0.0597624 0.0929866 
---------------------------------
---------------------------------

3--4最大流值为：55
最可靠最大流分布概率为 ： 0.0597624
状态划分算法消耗的内存为：4.96094
状态划分算法运行时间(ms) ： 122.171
---------------------------------
流分布如下: 
---------------------------------
0   0   0   0   0   0   0   0   0   0   
0   0   0   0   0   0   0   0   0   0   
0   0   0   38  0   3   14  0   0   0   
0   0   0   0   0   0   0   0   0   0   
0   0   0   0   0   0   0   0   0   0   
0   0   0   0   0   0   0   0   0   3   
0   0   0   17  0   0   0   0   0   0   
0   0   0   0   0   0   0   0   0   0   
0   0   0   0   0   0   0   0   0   0   
0   0   0   0   0   0   3   0   0   0   
---------------------------------
关键边输出如下：
---------------------------------
5    S         17        0.109103  0.169758  
12   S         38        0.54776   0.54776   
7    S         41        0.0891653 0.138736  
18   S         52        0.22457   0.22457   
11   S         55        0.0475751 0.0475751 
6    S         55        0.0475751 0.0811785 
4    S         55        0.0597624 0.0687702 
3    S         55        0.0597624 0.0707101 
8    S         55        0.0597624 0.0882128 
15   S         55        0.0597624 0.0893128 
2    S         55        0.0597624 0.0926001 
16   S         55        0.0597624 0.092794  
9    S         55        0.0597624 0.092794  
1    S         55        0.0597624 0.0928866 
14   S         55        0.0597624 0.092905  
10   S         55        0.0597624 0.0929866 
17   S         55        0.0597624 0.0929866 
13   S         55        0.0597624 0.0929866 
---------------------------------
---------------------------------

3--4最大流值为：55
最可靠最大流分布概率为 ： 0.0597624
状态划分算法消耗的内存为：4.95313
状态划分算法运行时间(ms) ： 122.908
---------------------------------
流分布如下: 
---------------------------------
0   0   0   0   0   0   0   0   0   0   
0   0   0   0   0   0   0   0   0   0   
0   0   0   38  0   3   14  0   0   0   
0   0   0   0   0   0   0   0   0   0   
0   0   0   0   0   0   0   0   0   0   
0   0   0   0   0   0   0   0   0   3   
0   0   0   17  0   0   0   0   0   0   
0   0   0   0   0   0   0   0   0   0   
0   0   0   0   0   0   0   0   0   0   
0   0   0   0   0   0   3   0   0   0   
---------------------------------
关键边输出如下：
---------------------------------
5    S         17        0.109103  0.169758  
12   S         38        0.54776   0.54776   
7    S         41        0.0891653 0.138736  
18   S         52        0.22457   0.22457   
11   S         55        0.0475751 0.0475751 
6    S         55        0.0475751 0.0811785 
4    S         55        0.0597624 0.0687702 
3    S         55        0.0597624 0.0707101 
8    S         55        0.0597624 0.0882128 
15   S         55        0.0597624 0.0893128 
2    S         55        0.0597624 0.0926001 
16   S         55        0.0597624 0.092794  
9    S         55        0.0597624 0.092794  
1    S         55        0.0597624 0.0928866 
14   S         55        0.0597624 0.092905  
10   S         55        0.0597624 0.0929866 
17   S         55        0.0597624 0.0929866 
13   S         55        0.0597624 0.0929866 
---------------------------------
---------------------------------

3--4最大流值为：55
最可靠最大流分布概率为 ： 0.0597624
状态划分算法消耗的内存为：4.95313
状态划分算法运行时间(ms) ： 131.422
---------------------------------
流分布如下: 
---------------------------------
0   0   0   0   0   0   0   0   0   0   
0   0   0   0   0   0   0   0   0   0   
0   0   0   38  0   3   14  0   0   0   
0   0   0   0   0   0   0   0   0   0   
0   0   0   0   0   0   0   0   0   0   
0   0   0   0   0   0   0   0   0   3   
0   0   0   17  0   0   0   0   0   0   
0   0   0   0   0   0   0   0   0   0   
0   0   0   0   0   0   0   0   0   0   
0   0   0   0   0   0   3   0   0   0   
---------------------------------
关键边输出如下：
---------------------------------
5    S         17        0.109103  0.169758  
12   S         38        0.54776   0.54776   
7    S         41        0.0891653 0.138736  
18   S         52        0.22457   0.22457   
11   S         55        0.0475751 0.0475751 
6    S         55        0.0475751 0.0811785 
4    S         55        0.0597624 0.0687702 
3    S         55        0.0597624 0.0707101 
8    S         55        0.0597624 0.0882128 
15   S         55        0.0597624 0.0893128 
2    S         55        0.0597624 0.0926001 
16   S         55        0.0597624 0.092794  
9    S         55        0.0597624 0.092794  
1    S         55        0.0597624 0.0928866 
14   S         55        0.0597624 0.092905  
10   S         55        0.0597624 0.0929866 
17   S         55        0.0597624 0.0929866 
13   S         55        0.0597624 0.0929866 
---------------------------------
---------------------------------

3--4最大流值为：55
最可靠最大流分布概率为 ： 0.0597624
状态划分算法消耗的内存为：4.95703
状态划分算法运行时间(ms) ： 123.432
---------------------------------
流分布如下: 
---------------------------------
0   0   0   0   0   0   0   0   0   0   
0   0   0   0   0   0   0   0   0   0   
0   0   0   38  0   3   14  0   0   0   
0   0   0   0   0   0   0   0   0   0   
0   0   0   0   0   0   0   0   0   0   
0   0   0   0   0   0   0   0   0   3   
0   0   0   17  0   0   0   0   0   0   
0   0   0   0   0   0   0   0   0   0   
0   0   0   0   0   0   0   0   0   0   
0   0   0   0   0   0   3   0   0   0   
---------------------------------
关键边输出如下：
---------------------------------
5    S         17        0.109103  0.169758  
12   S         38        0.54776   0.54776   
7    S         41        0.0891653 0.138736  
18   S         52        0.22457   0.22457   
11   S         55        0.0475751 0.0475751 
6    S         55        0.0475751 0.0811785 
4    S         55        0.0597624 0.0687702 
3    S         55        0.0597624 0.0707101 
8    S         55        0.0597624 0.0882128 
15   S         55        0.0597624 0.0893128 
2    S         55        0.0597624 0.0926001 
16   S         55        0.0597624 0.092794  
9    S         55        0.0597624 0.092794  
1    S         55        0.0597624 0.0928866 
14   S         55        0.0597624 0.092905  
10   S         55        0.0597624 0.0929866 
17   S         55        0.0597624 0.0929866 
13   S         55        0.0597624 0.0929866 
---------------------------------
---------------------------------

