10--8最大流值为：32
最可靠最大流分布概率为 ： 0.107603
状态划分算法消耗的内存为：4.94531
状态划分算法运行时间(ms) ： 58.7593
---------------------------------
流分布如下: 
---------------------------------
0   0   0   0   0   0   0   0   0   0   0   0   
0   0   0   0   0   0   0   0   0   0   0   19  
0   0   0   0   0   0   0   0   0   0   0   0   
0   0   0   0   0   19  0   0   0   0   0   0   
0   0   0   0   0   0   0   0   0   0   0   0   
0   0   0   0   0   0   0   32  0   0   0   0   
0   0   0   0   0   0   0   0   0   0   0   0   
0   0   0   0   0   0   0   0   0   0   0   0   
0   0   0   0   0   0   0   0   0   0   0   0   
0   19  0   0   0   13  0   0   0   0   0   0   
0   0   0   7   0   0   0   0   0   0   0   0   
0   0   0   12  0   0   0   0   0   0   7   0   
---------------------------------
关键边输出如下：
---------------------------------
5    S         13        0.714152  0.731688  
17   S         13        0.714152  0.73206   
11   S         14        0.16768   0.16768   
18   S         19        0.140469  0.140469  
19   S         25        0.198278  0.20569   
22   S         25        0.198278  0.20569   
7    S         27        0.119749  0.119749  
21   S         29        0.16735   0.16735   
9    S         32        0.107603  0.107603  
10   S         32        0.107603  0.107603  
3    S         32        0.107603  0.107603  
12   S         32        0.107603  0.107603  
13   S         32        0.107603  0.107603  
14   S         32        0.107603  0.107603  
15   S         32        0.107603  0.107603  
16   S         32        0.107603  0.107603  
4    S         32        0.107603  0.107603  
1    S         32        0.107603  0.107603  
6    S         32        0.107603  0.107603  
20   S         32        0.107603  0.107603  
2    S         32        0.107603  0.107603  
8    S         32        0.107603  0.107603  
---------------------------------
---------------------------------

10--8最大流值为：32
最可靠最大流分布概率为 ： 0.107603
状态划分算法消耗的内存为：4.96875
状态划分算法运行时间(ms) ： 59.235
---------------------------------
流分布如下: 
---------------------------------
0   0   0   0   0   0   0   0   0   0   0   0   
0   0   0   0   0   0   0   0   0   0   0   19  
0   0   0   0   0   0   0   0   0   0   0   0   
0   0   0   0   0   19  0   0   0   0   0   0   
0   0   0   0   0   0   0   0   0   0   0   0   
0   0   0   0   0   0   0   32  0   0   0   0   
0   0   0   0   0   0   0   0   0   0   0   0   
0   0   0   0   0   0   0   0   0   0   0   0   
0   0   0   0   0   0   0   0   0   0   0   0   
0   19  0   0   0   13  0   0   0   0   0   0   
0   0   0   7   0   0   0   0   0   0   0   0   
0   0   0   12  0   0   0   0   0   0   7   0   
---------------------------------
关键边输出如下：
---------------------------------
5    S         13        0.714152  0.731688  
17   S         13        0.714152  0.73206   
11   S         14        0.16768   0.16768   
18   S         19        0.140469  0.140469  
19   S         25        0.198278  0.20569   
22   S         25        0.198278  0.20569   
7    S         27        0.119749  0.119749  
21   S         29        0.16735   0.16735   
9    S         32        0.107603  0.107603  
10   S         32        0.107603  0.107603  
3    S         32        0.107603  0.107603  
12   S         32        0.107603  0.107603  
13   S         32        0.107603  0.107603  
14   S         32        0.107603  0.107603  
15   S         32        0.107603  0.107603  
16   S         32        0.107603  0.107603  
4    S         32        0.107603  0.107603  
1    S         32        0.107603  0.107603  
6    S         32        0.107603  0.107603  
20   S         32        0.107603  0.107603  
2    S         32        0.107603  0.107603  
8    S         32        0.107603  0.107603  
---------------------------------
---------------------------------

10--8最大流值为：32
最可靠最大流分布概率为 ： 0.107603
状态划分算法消耗的内存为：4.97656
状态划分算法运行时间(ms) ： 60.9673
---------------------------------
流分布如下: 
---------------------------------
0   0   0   0   0   0   0   0   0   0   0   0   
0   0   0   0   0   0   0   0   0   0   0   19  
0   0   0   0   0   0   0   0   0   0   0   0   
0   0   0   0   0   19  0   0   0   0   0   0   
0   0   0   0   0   0   0   0   0   0   0   0   
0   0   0   0   0   0   0   32  0   0   0   0   
0   0   0   0   0   0   0   0   0   0   0   0   
0   0   0   0   0   0   0   0   0   0   0   0   
0   0   0   0   0   0   0   0   0   0   0   0   
0   19  0   0   0   13  0   0   0   0   0   0   
0   0   0   7   0   0   0   0   0   0   0   0   
0   0   0   12  0   0   0   0   0   0   7   0   
---------------------------------
关键边输出如下：
---------------------------------
5    S         13        0.714152  0.731688  
17   S         13        0.714152  0.73206   
11   S         14        0.16768   0.16768   
18   S         19        0.140469  0.140469  
19   S         25        0.198278  0.20569   
22   S         25        0.198278  0.20569   
7    S         27        0.119749  0.119749  
21   S         29        0.16735   0.16735   
9    S         32        0.107603  0.107603  
10   S         32        0.107603  0.107603  
3    S         32        0.107603  0.107603  
12   S         32        0.107603  0.107603  
13   S         32        0.107603  0.107603  
14   S         32        0.107603  0.107603  
15   S         32        0.107603  0.107603  
16   S         32        0.107603  0.107603  
4    S         32        0.107603  0.107603  
1    S         32        0.107603  0.107603  
6    S         32        0.107603  0.107603  
20   S         32        0.107603  0.107603  
2    S         32        0.107603  0.107603  
8    S         32        0.107603  0.107603  
---------------------------------
---------------------------------

10--8最大流值为：32
最可靠最大流分布概率为 ： 0.107603
状态划分算法消耗的内存为：4.85938
状态划分算法运行时间(ms) ： 58.676
---------------------------------
流分布如下: 
---------------------------------
0   0   0   0   0   0   0   0   0   0   0   0   
0   0   0   0   0   0   0   0   0   0   0   19  
0   0   0   0   0   0   0   0   0   0   0   0   
0   0   0   0   0   19  0   0   0   0   0   0   
0   0   0   0   0   0   0   0   0   0   0   0   
0   0   0   0   0   0   0   32  0   0   0   0   
0   0   0   0   0   0   0   0   0   0   0   0   
0   0   0   0   0   0   0   0   0   0   0   0   
0   0   0   0   0   0   0   0   0   0   0   0   
0   19  0   0   0   13  0   0   0   0   0   0   
0   0   0   7   0   0   0   0   0   0   0   0   
0   0   0   12  0   0   0   0   0   0   7   0   
---------------------------------
关键边输出如下：
---------------------------------
5    S         13        0.714152  0.731688  
17   S         13        0.714152  0.73206   
11   S         14        0.16768   0.16768   
18   S         19        0.140469  0.140469  
19   S         25        0.198278  0.20569   
22   S         25        0.198278  0.20569   
7    S         27        0.119749  0.119749  
21   S         29        0.16735   0.16735   
9    S         32        0.107603  0.107603  
10   S         32        0.107603  0.107603  
3    S         32        0.107603  0.107603  
12   S         32        0.107603  0.107603  
13   S         32        0.107603  0.107603  
14   S         32        0.107603  0.107603  
15   S         32        0.107603  0.107603  
16   S         32        0.107603  0.107603  
4    S         32        0.107603  0.107603  
1    S         32        0.107603  0.107603  
6    S         32        0.107603  0.107603  
20   S         32        0.107603  0.107603  
2    S         32        0.107603  0.107603  
8    S         32        0.107603  0.107603  
---------------------------------
---------------------------------

10--8最大流值为：32
最可靠最大流分布概率为 ： 0.107603
状态划分算法消耗的内存为：4.96875
状态划分算法运行时间(ms) ： 59.0313
---------------------------------
流分布如下: 
---------------------------------
0   0   0   0   0   0   0   0   0   0   0   0   
0   0   0   0   0   0   0   0   0   0   0   19  
0   0   0   0   0   0   0   0   0   0   0   0   
0   0   0   0   0   19  0   0   0   0   0   0   
0   0   0   0   0   0   0   0   0   0   0   0   
0   0   0   0   0   0   0   32  0   0   0   0   
0   0   0   0   0   0   0   0   0   0   0   0   
0   0   0   0   0   0   0   0   0   0   0   0   
0   0   0   0   0   0   0   0   0   0   0   0   
0   19  0   0   0   13  0   0   0   0   0   0   
0   0   0   7   0   0   0   0   0   0   0   0   
0   0   0   12  0   0   0   0   0   0   7   0   
---------------------------------
关键边输出如下：
---------------------------------
5    S         13        0.714152  0.731688  
17   S         13        0.714152  0.73206   
11   S         14        0.16768   0.16768   
18   S         19        0.140469  0.140469  
19   S         25        0.198278  0.20569   
22   S         25        0.198278  0.20569   
7    S         27        0.119749  0.119749  
21   S         29        0.16735   0.16735   
9    S         32        0.107603  0.107603  
10   S         32        0.107603  0.107603  
3    S         32        0.107603  0.107603  
12   S         32        0.107603  0.107603  
13   S         32        0.107603  0.107603  
14   S         32        0.107603  0.107603  
15   S         32        0.107603  0.107603  
16   S         32        0.107603  0.107603  
4    S         32        0.107603  0.107603  
1    S         32        0.107603  0.107603  
6    S         32        0.107603  0.107603  
20   S         32        0.107603  0.107603  
2    S         32        0.107603  0.107603  
8    S         32        0.107603  0.107603  
---------------------------------
---------------------------------

10--8最大流值为：32
最可靠最大流分布概率为 ： 0.107603
状态划分算法消耗的内存为：4.97656
状态划分算法运行时间(ms) ： 59.5843
---------------------------------
流分布如下: 
---------------------------------
0   0   0   0   0   0   0   0   0   0   0   0   
0   0   0   0   0   0   0   0   0   0   0   19  
0   0   0   0   0   0   0   0   0   0   0   0   
0   0   0   0   0   19  0   0   0   0   0   0   
0   0   0   0   0   0   0   0   0   0   0   0   
0   0   0   0   0   0   0   32  0   0   0   0   
0   0   0   0   0   0   0   0   0   0   0   0   
0   0   0   0   0   0   0   0   0   0   0   0   
0   0   0   0   0   0   0   0   0   0   0   0   
0   19  0   0   0   13  0   0   0   0   0   0   
0   0   0   7   0   0   0   0   0   0   0   0   
0   0   0   12  0   0   0   0   0   0   7   0   
---------------------------------
关键边输出如下：
---------------------------------
5    S         13        0.714152  0.731688  
17   S         13        0.714152  0.73206   
11   S         14        0.16768   0.16768   
18   S         19        0.140469  0.140469  
19   S         25        0.198278  0.20569   
22   S         25        0.198278  0.20569   
7    S         27        0.119749  0.119749  
21   S         29        0.16735   0.16735   
9    S         32        0.107603  0.107603  
10   S         32        0.107603  0.107603  
3    S         32        0.107603  0.107603  
12   S         32        0.107603  0.107603  
13   S         32        0.107603  0.107603  
14   S         32        0.107603  0.107603  
15   S         32        0.107603  0.107603  
16   S         32        0.107603  0.107603  
4    S         32        0.107603  0.107603  
1    S         32        0.107603  0.107603  
6    S         32        0.107603  0.107603  
20   S         32        0.107603  0.107603  
2    S         32        0.107603  0.107603  
8    S         32        0.107603  0.107603  
---------------------------------
---------------------------------

10--8最大流值为：32
最可靠最大流分布概率为 ： 0.107603
状态划分算法消耗的内存为：4.96484
状态划分算法运行时间(ms) ： 59.2229
---------------------------------
流分布如下: 
---------------------------------
0   0   0   0   0   0   0   0   0   0   0   0   
0   0   0   0   0   0   0   0   0   0   0   19  
0   0   0   0   0   0   0   0   0   0   0   0   
0   0   0   0   0   19  0   0   0   0   0   0   
0   0   0   0   0   0   0   0   0   0   0   0   
0   0   0   0   0   0   0   32  0   0   0   0   
0   0   0   0   0   0   0   0   0   0   0   0   
0   0   0   0   0   0   0   0   0   0   0   0   
0   0   0   0   0   0   0   0   0   0   0   0   
0   19  0   0   0   13  0   0   0   0   0   0   
0   0   0   7   0   0   0   0   0   0   0   0   
0   0   0   12  0   0   0   0   0   0   7   0   
---------------------------------
关键边输出如下：
---------------------------------
5    S         13        0.714152  0.731688  
17   S         13        0.714152  0.73206   
11   S         14        0.16768   0.16768   
18   S         19        0.140469  0.140469  
19   S         25        0.198278  0.20569   
22   S         25        0.198278  0.20569   
7    S         27        0.119749  0.119749  
21   S         29        0.16735   0.16735   
9    S         32        0.107603  0.107603  
10   S         32        0.107603  0.107603  
3    S         32        0.107603  0.107603  
12   S         32        0.107603  0.107603  
13   S         32        0.107603  0.107603  
14   S         32        0.107603  0.107603  
15   S         32        0.107603  0.107603  
16   S         32        0.107603  0.107603  
4    S         32        0.107603  0.107603  
1    S         32        0.107603  0.107603  
6    S         32        0.107603  0.107603  
20   S         32        0.107603  0.107603  
2    S         32        0.107603  0.107603  
8    S         32        0.107603  0.107603  
---------------------------------
---------------------------------

10--8最大流值为：32
最可靠最大流分布概率为 ： 0.107603
状态划分算法消耗的内存为：4.97266
状态划分算法运行时间(ms) ： 59.7433
---------------------------------
流分布如下: 
---------------------------------
0   0   0   0   0   0   0   0   0   0   0   0   
0   0   0   0   0   0   0   0   0   0   0   19  
0   0   0   0   0   0   0   0   0   0   0   0   
0   0   0   0   0   19  0   0   0   0   0   0   
0   0   0   0   0   0   0   0   0   0   0   0   
0   0   0   0   0   0   0   32  0   0   0   0   
0   0   0   0   0   0   0   0   0   0   0   0   
0   0   0   0   0   0   0   0   0   0   0   0   
0   0   0   0   0   0   0   0   0   0   0   0   
0   19  0   0   0   13  0   0   0   0   0   0   
0   0   0   7   0   0   0   0   0   0   0   0   
0   0   0   12  0   0   0   0   0   0   7   0   
---------------------------------
关键边输出如下：
---------------------------------
5    S         13        0.714152  0.731688  
17   S         13        0.714152  0.73206   
11   S         14        0.16768   0.16768   
18   S         19        0.140469  0.140469  
19   S         25        0.198278  0.20569   
22   S         25        0.198278  0.20569   
7    S         27        0.119749  0.119749  
21   S         29        0.16735   0.16735   
9    S         32        0.107603  0.107603  
10   S         32        0.107603  0.107603  
3    S         32        0.107603  0.107603  
12   S         32        0.107603  0.107603  
13   S         32        0.107603  0.107603  
14   S         32        0.107603  0.107603  
15   S         32        0.107603  0.107603  
16   S         32        0.107603  0.107603  
4    S         32        0.107603  0.107603  
1    S         32        0.107603  0.107603  
6    S         32        0.107603  0.107603  
20   S         32        0.107603  0.107603  
2    S         32        0.107603  0.107603  
8    S         32        0.107603  0.107603  
---------------------------------
---------------------------------

10--8最大流值为：32
最可靠最大流分布概率为 ： 0.107603
状态划分算法消耗的内存为：4.875
状态划分算法运行时间(ms) ： 58.9634
---------------------------------
流分布如下: 
---------------------------------
0   0   0   0   0   0   0   0   0   0   0   0   
0   0   0   0   0   0   0   0   0   0   0   19  
0   0   0   0   0   0   0   0   0   0   0   0   
0   0   0   0   0   19  0   0   0   0   0   0   
0   0   0   0   0   0   0   0   0   0   0   0   
0   0   0   0   0   0   0   32  0   0   0   0   
0   0   0   0   0   0   0   0   0   0   0   0   
0   0   0   0   0   0   0   0   0   0   0   0   
0   0   0   0   0   0   0   0   0   0   0   0   
0   19  0   0   0   13  0   0   0   0   0   0   
0   0   0   7   0   0   0   0   0   0   0   0   
0   0   0   12  0   0   0   0   0   0   7   0   
---------------------------------
关键边输出如下：
---------------------------------
5    S         13        0.714152  0.731688  
17   S         13        0.714152  0.73206   
11   S         14        0.16768   0.16768   
18   S         19        0.140469  0.140469  
19   S         25        0.198278  0.20569   
22   S         25        0.198278  0.20569   
7    S         27        0.119749  0.119749  
21   S         29        0.16735   0.16735   
9    S         32        0.107603  0.107603  
10   S         32        0.107603  0.107603  
3    S         32        0.107603  0.107603  
12   S         32        0.107603  0.107603  
13   S         32        0.107603  0.107603  
14   S         32        0.107603  0.107603  
15   S         32        0.107603  0.107603  
16   S         32        0.107603  0.107603  
4    S         32        0.107603  0.107603  
1    S         32        0.107603  0.107603  
6    S         32        0.107603  0.107603  
20   S         32        0.107603  0.107603  
2    S         32        0.107603  0.107603  
8    S         32        0.107603  0.107603  
---------------------------------
---------------------------------

10--8最大流值为：32
最可靠最大流分布概率为 ： 0.107603
状态划分算法消耗的内存为：4.97656
状态划分算法运行时间(ms) ： 60.6042
---------------------------------
流分布如下: 
---------------------------------
0   0   0   0   0   0   0   0   0   0   0   0   
0   0   0   0   0   0   0   0   0   0   0   19  
0   0   0   0   0   0   0   0   0   0   0   0   
0   0   0   0   0   19  0   0   0   0   0   0   
0   0   0   0   0   0   0   0   0   0   0   0   
0   0   0   0   0   0   0   32  0   0   0   0   
0   0   0   0   0   0   0   0   0   0   0   0   
0   0   0   0   0   0   0   0   0   0   0   0   
0   0   0   0   0   0   0   0   0   0   0   0   
0   19  0   0   0   13  0   0   0   0   0   0   
0   0   0   7   0   0   0   0   0   0   0   0   
0   0   0   12  0   0   0   0   0   0   7   0   
---------------------------------
关键边输出如下：
---------------------------------
5    S         13        0.714152  0.731688  
17   S         13        0.714152  0.73206   
11   S         14        0.16768   0.16768   
18   S         19        0.140469  0.140469  
19   S         25        0.198278  0.20569   
22   S         25        0.198278  0.20569   
7    S         27        0.119749  0.119749  
21   S         29        0.16735   0.16735   
9    S         32        0.107603  0.107603  
10   S         32        0.107603  0.107603  
3    S         32        0.107603  0.107603  
12   S         32        0.107603  0.107603  
13   S         32        0.107603  0.107603  
14   S         32        0.107603  0.107603  
15   S         32        0.107603  0.107603  
16   S         32        0.107603  0.107603  
4    S         32        0.107603  0.107603  
1    S         32        0.107603  0.107603  
6    S         32        0.107603  0.107603  
20   S         32        0.107603  0.107603  
2    S         32        0.107603  0.107603  
8    S         32        0.107603  0.107603  
---------------------------------
---------------------------------

