6--5最大流值为：26
最可靠最大流分布概率为 ： 0.132277
状态划分算法消耗的内存为：4.97656
状态划分算法运行时间(ms) ： 1291.57
---------------------------------
流分布如下: 
---------------------------------
0   0   0   0   13  0   0   0   0   0   0   0   
0   0   0   0   0   0   0   0   0   0   0   0   
0   0   0   0   13  0   0   0   0   0   0   0   
0   0   0   0   0   0   0   0   0   0   0   0   
0   0   0   0   0   0   0   0   0   0   0   0   
0   0   0   0   0   0   13  0   13  0   0   0   
13  0   0   0   0   0   0   0   0   0   0   0   
0   0   0   0   0   0   0   0   0   0   0   0   
0   0   0   0   0   0   0   0   0   0   0   13  
0   0   13  0   0   0   0   0   0   0   0   0   
0   0   0   0   0   0   0   0   0   0   0   0   
0   0   0   0   0   0   0   0   0   13  0   0   
---------------------------------
关键边输出如下：
---------------------------------
1    S         13        0.214936  0.358489  
18   S         13        0.615423  0.665555  
4    S         13        0.615423  0.668847  
11   S         26        0.0686003 0.144563  
14   S         26        0.0686003 0.144563  
12   S         26        0.0724632 0.118602  
17   S         26        0.116865  0.180901  
22   S         26        0.116865  0.201068  
3    S         26        0.132277  0.18397   
15   S         26        0.132277  0.197258  
19   S         26        0.132277  0.206791  
10   S         26        0.132277  0.211118  
13   S         26        0.132277  0.211862  
7    S         26        0.132277  0.212123  
9    S         26        0.132277  0.21225   
20   S         26        0.132277  0.213619  
2    S         26        0.132277  0.214369  
8    S         26        0.132277  0.218845  
21   S         26        0.132277  0.219552  
16   S         26        0.132277  0.219715  
5    S         26        0.132277  0.21978   
6    S         26        0.132277  0.21978   
---------------------------------
---------------------------------

6--5最大流值为：26
最可靠最大流分布概率为 ： 0.132277
状态划分算法消耗的内存为：5.01172
状态划分算法运行时间(ms) ： 1290.88
---------------------------------
流分布如下: 
---------------------------------
0   0   0   0   13  0   0   0   0   0   0   0   
0   0   0   0   0   0   0   0   0   0   0   0   
0   0   0   0   13  0   0   0   0   0   0   0   
0   0   0   0   0   0   0   0   0   0   0   0   
0   0   0   0   0   0   0   0   0   0   0   0   
0   0   0   0   0   0   13  0   13  0   0   0   
13  0   0   0   0   0   0   0   0   0   0   0   
0   0   0   0   0   0   0   0   0   0   0   0   
0   0   0   0   0   0   0   0   0   0   0   13  
0   0   13  0   0   0   0   0   0   0   0   0   
0   0   0   0   0   0   0   0   0   0   0   0   
0   0   0   0   0   0   0   0   0   13  0   0   
---------------------------------
关键边输出如下：
---------------------------------
1    S         13        0.214936  0.358489  
18   S         13        0.615423  0.665555  
4    S         13        0.615423  0.668847  
11   S         26        0.0686003 0.144563  
14   S         26        0.0686003 0.144563  
12   S         26        0.0724632 0.118602  
17   S         26        0.116865  0.180901  
22   S         26        0.116865  0.201068  
3    S         26        0.132277  0.18397   
15   S         26        0.132277  0.197258  
19   S         26        0.132277  0.206791  
10   S         26        0.132277  0.211118  
13   S         26        0.132277  0.211862  
7    S         26        0.132277  0.212123  
9    S         26        0.132277  0.21225   
20   S         26        0.132277  0.213619  
2    S         26        0.132277  0.214369  
8    S         26        0.132277  0.218845  
21   S         26        0.132277  0.219552  
16   S         26        0.132277  0.219715  
5    S         26        0.132277  0.21978   
6    S         26        0.132277  0.21978   
---------------------------------
---------------------------------

6--5最大流值为：26
最可靠最大流分布概率为 ： 0.132277
状态划分算法消耗的内存为：4.99609
状态划分算法运行时间(ms) ： 1289.97
---------------------------------
流分布如下: 
---------------------------------
0   0   0   0   13  0   0   0   0   0   0   0   
0   0   0   0   0   0   0   0   0   0   0   0   
0   0   0   0   13  0   0   0   0   0   0   0   
0   0   0   0   0   0   0   0   0   0   0   0   
0   0   0   0   0   0   0   0   0   0   0   0   
0   0   0   0   0   0   13  0   13  0   0   0   
13  0   0   0   0   0   0   0   0   0   0   0   
0   0   0   0   0   0   0   0   0   0   0   0   
0   0   0   0   0   0   0   0   0   0   0   13  
0   0   13  0   0   0   0   0   0   0   0   0   
0   0   0   0   0   0   0   0   0   0   0   0   
0   0   0   0   0   0   0   0   0   13  0   0   
---------------------------------
关键边输出如下：
---------------------------------
1    S         13        0.214936  0.358489  
18   S         13        0.615423  0.665555  
4    S         13        0.615423  0.668847  
11   S         26        0.0686003 0.144563  
14   S         26        0.0686003 0.144563  
12   S         26        0.0724632 0.118602  
17   S         26        0.116865  0.180901  
22   S         26        0.116865  0.201068  
3    S         26        0.132277  0.18397   
15   S         26        0.132277  0.197258  
19   S         26        0.132277  0.206791  
10   S         26        0.132277  0.211118  
13   S         26        0.132277  0.211862  
7    S         26        0.132277  0.212123  
9    S         26        0.132277  0.21225   
20   S         26        0.132277  0.213619  
2    S         26        0.132277  0.214369  
8    S         26        0.132277  0.218845  
21   S         26        0.132277  0.219552  
16   S         26        0.132277  0.219715  
5    S         26        0.132277  0.21978   
6    S         26        0.132277  0.21978   
---------------------------------
---------------------------------

6--5最大流值为：26
最可靠最大流分布概率为 ： 0.132277
状态划分算法消耗的内存为：4.96875
状态划分算法运行时间(ms) ： 1311.09
---------------------------------
流分布如下: 
---------------------------------
0   0   0   0   13  0   0   0   0   0   0   0   
0   0   0   0   0   0   0   0   0   0   0   0   
0   0   0   0   13  0   0   0   0   0   0   0   
0   0   0   0   0   0   0   0   0   0   0   0   
0   0   0   0   0   0   0   0   0   0   0   0   
0   0   0   0   0   0   13  0   13  0   0   0   
13  0   0   0   0   0   0   0   0   0   0   0   
0   0   0   0   0   0   0   0   0   0   0   0   
0   0   0   0   0   0   0   0   0   0   0   13  
0   0   13  0   0   0   0   0   0   0   0   0   
0   0   0   0   0   0   0   0   0   0   0   0   
0   0   0   0   0   0   0   0   0   13  0   0   
---------------------------------
关键边输出如下：
---------------------------------
1    S         13        0.214936  0.358489  
18   S         13        0.615423  0.665555  
4    S         13        0.615423  0.668847  
11   S         26        0.0686003 0.144563  
14   S         26        0.0686003 0.144563  
12   S         26        0.0724632 0.118602  
17   S         26        0.116865  0.180901  
22   S         26        0.116865  0.201068  
3    S         26        0.132277  0.18397   
15   S         26        0.132277  0.197258  
19   S         26        0.132277  0.206791  
10   S         26        0.132277  0.211118  
13   S         26        0.132277  0.211862  
7    S         26        0.132277  0.212123  
9    S         26        0.132277  0.21225   
20   S         26        0.132277  0.213619  
2    S         26        0.132277  0.214369  
8    S         26        0.132277  0.218845  
21   S         26        0.132277  0.219552  
16   S         26        0.132277  0.219715  
5    S         26        0.132277  0.21978   
6    S         26        0.132277  0.21978   
---------------------------------
---------------------------------

6--5最大流值为：26
最可靠最大流分布概率为 ： 0.132277
状态划分算法消耗的内存为：5
状态划分算法运行时间(ms) ： 1293.05
---------------------------------
流分布如下: 
---------------------------------
0   0   0   0   13  0   0   0   0   0   0   0   
0   0   0   0   0   0   0   0   0   0   0   0   
0   0   0   0   13  0   0   0   0   0   0   0   
0   0   0   0   0   0   0   0   0   0   0   0   
0   0   0   0   0   0   0   0   0   0   0   0   
0   0   0   0   0   0   13  0   13  0   0   0   
13  0   0   0   0   0   0   0   0   0   0   0   
0   0   0   0   0   0   0   0   0   0   0   0   
0   0   0   0   0   0   0   0   0   0   0   13  
0   0   13  0   0   0   0   0   0   0   0   0   
0   0   0   0   0   0   0   0   0   0   0   0   
0   0   0   0   0   0   0   0   0   13  0   0   
---------------------------------
关键边输出如下：
---------------------------------
1    S         13        0.214936  0.358489  
18   S         13        0.615423  0.665555  
4    S         13        0.615423  0.668847  
11   S         26        0.0686003 0.144563  
14   S         26        0.0686003 0.144563  
12   S         26        0.0724632 0.118602  
17   S         26        0.116865  0.180901  
22   S         26        0.116865  0.201068  
3    S         26        0.132277  0.18397   
15   S         26        0.132277  0.197258  
19   S         26        0.132277  0.206791  
10   S         26        0.132277  0.211118  
13   S         26        0.132277  0.211862  
7    S         26        0.132277  0.212123  
9    S         26        0.132277  0.21225   
20   S         26        0.132277  0.213619  
2    S         26        0.132277  0.214369  
8    S         26        0.132277  0.218845  
21   S         26        0.132277  0.219552  
16   S         26        0.132277  0.219715  
5    S         26        0.132277  0.21978   
6    S         26        0.132277  0.21978   
---------------------------------
---------------------------------

6--5最大流值为：26
最可靠最大流分布概率为 ： 0.132277
状态划分算法消耗的内存为：4.95703
状态划分算法运行时间(ms) ： 1288.24
---------------------------------
流分布如下: 
---------------------------------
0   0   0   0   13  0   0   0   0   0   0   0   
0   0   0   0   0   0   0   0   0   0   0   0   
0   0   0   0   13  0   0   0   0   0   0   0   
0   0   0   0   0   0   0   0   0   0   0   0   
0   0   0   0   0   0   0   0   0   0   0   0   
0   0   0   0   0   0   13  0   13  0   0   0   
13  0   0   0   0   0   0   0   0   0   0   0   
0   0   0   0   0   0   0   0   0   0   0   0   
0   0   0   0   0   0   0   0   0   0   0   13  
0   0   13  0   0   0   0   0   0   0   0   0   
0   0   0   0   0   0   0   0   0   0   0   0   
0   0   0   0   0   0   0   0   0   13  0   0   
---------------------------------
关键边输出如下：
---------------------------------
1    S         13        0.214936  0.358489  
18   S         13        0.615423  0.665555  
4    S         13        0.615423  0.668847  
11   S         26        0.0686003 0.144563  
14   S         26        0.0686003 0.144563  
12   S         26        0.0724632 0.118602  
17   S         26        0.116865  0.180901  
22   S         26        0.116865  0.201068  
3    S         26        0.132277  0.18397   
15   S         26        0.132277  0.197258  
19   S         26        0.132277  0.206791  
10   S         26        0.132277  0.211118  
13   S         26        0.132277  0.211862  
7    S         26        0.132277  0.212123  
9    S         26        0.132277  0.21225   
20   S         26        0.132277  0.213619  
2    S         26        0.132277  0.214369  
8    S         26        0.132277  0.218845  
21   S         26        0.132277  0.219552  
16   S         26        0.132277  0.219715  
5    S         26        0.132277  0.21978   
6    S         26        0.132277  0.21978   
---------------------------------
---------------------------------

6--5最大流值为：26
最可靠最大流分布概率为 ： 0.132277
状态划分算法消耗的内存为：4.99219
状态划分算法运行时间(ms) ： 1289.27
---------------------------------
流分布如下: 
---------------------------------
0   0   0   0   13  0   0   0   0   0   0   0   
0   0   0   0   0   0   0   0   0   0   0   0   
0   0   0   0   13  0   0   0   0   0   0   0   
0   0   0   0   0   0   0   0   0   0   0   0   
0   0   0   0   0   0   0   0   0   0   0   0   
0   0   0   0   0   0   13  0   13  0   0   0   
13  0   0   0   0   0   0   0   0   0   0   0   
0   0   0   0   0   0   0   0   0   0   0   0   
0   0   0   0   0   0   0   0   0   0   0   13  
0   0   13  0   0   0   0   0   0   0   0   0   
0   0   0   0   0   0   0   0   0   0   0   0   
0   0   0   0   0   0   0   0   0   13  0   0   
---------------------------------
关键边输出如下：
---------------------------------
1    S         13        0.214936  0.358489  
18   S         13        0.615423  0.665555  
4    S         13        0.615423  0.668847  
11   S         26        0.0686003 0.144563  
14   S         26        0.0686003 0.144563  
12   S         26        0.0724632 0.118602  
17   S         26        0.116865  0.180901  
22   S         26        0.116865  0.201068  
3    S         26        0.132277  0.18397   
15   S         26        0.132277  0.197258  
19   S         26        0.132277  0.206791  
10   S         26        0.132277  0.211118  
13   S         26        0.132277  0.211862  
7    S         26        0.132277  0.212123  
9    S         26        0.132277  0.21225   
20   S         26        0.132277  0.213619  
2    S         26        0.132277  0.214369  
8    S         26        0.132277  0.218845  
21   S         26        0.132277  0.219552  
16   S         26        0.132277  0.219715  
5    S         26        0.132277  0.21978   
6    S         26        0.132277  0.21978   
---------------------------------
---------------------------------

6--5最大流值为：26
最可靠最大流分布概率为 ： 0.132277
状态划分算法消耗的内存为：4.96484
状态划分算法运行时间(ms) ： 1288.87
---------------------------------
流分布如下: 
---------------------------------
0   0   0   0   13  0   0   0   0   0   0   0   
0   0   0   0   0   0   0   0   0   0   0   0   
0   0   0   0   13  0   0   0   0   0   0   0   
0   0   0   0   0   0   0   0   0   0   0   0   
0   0   0   0   0   0   0   0   0   0   0   0   
0   0   0   0   0   0   13  0   13  0   0   0   
13  0   0   0   0   0   0   0   0   0   0   0   
0   0   0   0   0   0   0   0   0   0   0   0   
0   0   0   0   0   0   0   0   0   0   0   13  
0   0   13  0   0   0   0   0   0   0   0   0   
0   0   0   0   0   0   0   0   0   0   0   0   
0   0   0   0   0   0   0   0   0   13  0   0   
---------------------------------
关键边输出如下：
---------------------------------
1    S         13        0.214936  0.358489  
18   S         13        0.615423  0.665555  
4    S         13        0.615423  0.668847  
11   S         26        0.0686003 0.144563  
14   S         26        0.0686003 0.144563  
12   S         26        0.0724632 0.118602  
17   S         26        0.116865  0.180901  
22   S         26        0.116865  0.201068  
3    S         26        0.132277  0.18397   
15   S         26        0.132277  0.197258  
19   S         26        0.132277  0.206791  
10   S         26        0.132277  0.211118  
13   S         26        0.132277  0.211862  
7    S         26        0.132277  0.212123  
9    S         26        0.132277  0.21225   
20   S         26        0.132277  0.213619  
2    S         26        0.132277  0.214369  
8    S         26        0.132277  0.218845  
21   S         26        0.132277  0.219552  
16   S         26        0.132277  0.219715  
5    S         26        0.132277  0.21978   
6    S         26        0.132277  0.21978   
---------------------------------
---------------------------------

6--5最大流值为：26
最可靠最大流分布概率为 ： 0.132277
状态划分算法消耗的内存为：5.01563
状态划分算法运行时间(ms) ： 1290.82
---------------------------------
流分布如下: 
---------------------------------
0   0   0   0   13  0   0   0   0   0   0   0   
0   0   0   0   0   0   0   0   0   0   0   0   
0   0   0   0   13  0   0   0   0   0   0   0   
0   0   0   0   0   0   0   0   0   0   0   0   
0   0   0   0   0   0   0   0   0   0   0   0   
0   0   0   0   0   0   13  0   13  0   0   0   
13  0   0   0   0   0   0   0   0   0   0   0   
0   0   0   0   0   0   0   0   0   0   0   0   
0   0   0   0   0   0   0   0   0   0   0   13  
0   0   13  0   0   0   0   0   0   0   0   0   
0   0   0   0   0   0   0   0   0   0   0   0   
0   0   0   0   0   0   0   0   0   13  0   0   
---------------------------------
关键边输出如下：
---------------------------------
1    S         13        0.214936  0.358489  
18   S         13        0.615423  0.665555  
4    S         13        0.615423  0.668847  
11   S         26        0.0686003 0.144563  
14   S         26        0.0686003 0.144563  
12   S         26        0.0724632 0.118602  
17   S         26        0.116865  0.180901  
22   S         26        0.116865  0.201068  
3    S         26        0.132277  0.18397   
15   S         26        0.132277  0.197258  
19   S         26        0.132277  0.206791  
10   S         26        0.132277  0.211118  
13   S         26        0.132277  0.211862  
7    S         26        0.132277  0.212123  
9    S         26        0.132277  0.21225   
20   S         26        0.132277  0.213619  
2    S         26        0.132277  0.214369  
8    S         26        0.132277  0.218845  
21   S         26        0.132277  0.219552  
16   S         26        0.132277  0.219715  
5    S         26        0.132277  0.21978   
6    S         26        0.132277  0.21978   
---------------------------------
---------------------------------

6--5最大流值为：26
最可靠最大流分布概率为 ： 0.132277
状态划分算法消耗的内存为：4.97656
状态划分算法运行时间(ms) ： 1295.74
---------------------------------
流分布如下: 
---------------------------------
0   0   0   0   13  0   0   0   0   0   0   0   
0   0   0   0   0   0   0   0   0   0   0   0   
0   0   0   0   13  0   0   0   0   0   0   0   
0   0   0   0   0   0   0   0   0   0   0   0   
0   0   0   0   0   0   0   0   0   0   0   0   
0   0   0   0   0   0   13  0   13  0   0   0   
13  0   0   0   0   0   0   0   0   0   0   0   
0   0   0   0   0   0   0   0   0   0   0   0   
0   0   0   0   0   0   0   0   0   0   0   13  
0   0   13  0   0   0   0   0   0   0   0   0   
0   0   0   0   0   0   0   0   0   0   0   0   
0   0   0   0   0   0   0   0   0   13  0   0   
---------------------------------
关键边输出如下：
---------------------------------
1    S         13        0.214936  0.358489  
18   S         13        0.615423  0.665555  
4    S         13        0.615423  0.668847  
11   S         26        0.0686003 0.144563  
14   S         26        0.0686003 0.144563  
12   S         26        0.0724632 0.118602  
17   S         26        0.116865  0.180901  
22   S         26        0.116865  0.201068  
3    S         26        0.132277  0.18397   
15   S         26        0.132277  0.197258  
19   S         26        0.132277  0.206791  
10   S         26        0.132277  0.211118  
13   S         26        0.132277  0.211862  
7    S         26        0.132277  0.212123  
9    S         26        0.132277  0.21225   
20   S         26        0.132277  0.213619  
2    S         26        0.132277  0.214369  
8    S         26        0.132277  0.218845  
21   S         26        0.132277  0.219552  
16   S         26        0.132277  0.219715  
5    S         26        0.132277  0.21978   
6    S         26        0.132277  0.21978   
---------------------------------
---------------------------------

