12--6最大流值为：62
最可靠最大流分布概率为 ： 0.0330876
状态划分算法消耗的内存为：4.96094
状态划分算法运行时间(ms) ： 335.654
---------------------------------
流分布如下: 
---------------------------------
0   0   0   0   0   5   0   0   0   0   0   0   
0   0   0   0   0   0   29  0   0   0   0   0   
5   0   0   0   0   0   0   0   0   0   0   0   
0   0   0   0   0   0   0   0   0   0   0   0   
0   0   0   0   0   0   0   0   0   0   0   0   
0   0   0   0   0   0   0   0   0   0   0   0   
0   0   0   0   0   0   0   29  0   0   0   0   
0   0   0   0   0   29  0   0   0   0   0   0   
0   0   0   0   0   0   0   0   0   0   0   0   
0   0   0   0   0   0   0   0   0   0   0   0   
0   0   5   0   0   16  0   0   0   0   0   0   
0   29  0   0   0   12  0   0   0   0   21  0   
---------------------------------
关键边输出如下：
---------------------------------
20   S         33        0.107545  0.107545  
22   S         41        0.197821  0.22464   
21   S         50        0.0514596 0.0514596 
19   S         54        0.0498832 0.0498832 
5    S         55        0.0190023 0.0261411 
13   S         55        0.0199302 0.0398045 
12   S         55        0.0199302 0.0398045 
18   S         57        0.107355  0.107355  
6    S         57        0.107355  0.107355  
1    S         57        0.107355  0.107355  
8    S         62        0.0330876 0.0330876 
4    S         62        0.0330876 0.0330876 
2    S         62        0.0330876 0.0330876 
14   S         62        0.0330876 0.0330876 
15   S         62        0.0330876 0.0330876 
16   S         62        0.0330876 0.0330876 
17   S         62        0.0330876 0.0330876 
3    S         62        0.0330876 0.0330876 
7    S         62        0.0330876 0.0330876 
11   S         62        0.0330876 0.0330876 
9    S         62        0.0330876 0.0330876 
10   S         62        0.0330876 0.0330876 
---------------------------------
---------------------------------

12--6最大流值为：62
最可靠最大流分布概率为 ： 0.0330876
状态划分算法消耗的内存为：4.87891
状态划分算法运行时间(ms) ： 336.041
---------------------------------
流分布如下: 
---------------------------------
0   0   0   0   0   5   0   0   0   0   0   0   
0   0   0   0   0   0   29  0   0   0   0   0   
5   0   0   0   0   0   0   0   0   0   0   0   
0   0   0   0   0   0   0   0   0   0   0   0   
0   0   0   0   0   0   0   0   0   0   0   0   
0   0   0   0   0   0   0   0   0   0   0   0   
0   0   0   0   0   0   0   29  0   0   0   0   
0   0   0   0   0   29  0   0   0   0   0   0   
0   0   0   0   0   0   0   0   0   0   0   0   
0   0   0   0   0   0   0   0   0   0   0   0   
0   0   5   0   0   16  0   0   0   0   0   0   
0   29  0   0   0   12  0   0   0   0   21  0   
---------------------------------
关键边输出如下：
---------------------------------
20   S         33        0.107545  0.107545  
22   S         41        0.197821  0.22464   
21   S         50        0.0514596 0.0514596 
19   S         54        0.0498832 0.0498832 
5    S         55        0.0190023 0.0261411 
13   S         55        0.0199302 0.0398045 
12   S         55        0.0199302 0.0398045 
18   S         57        0.107355  0.107355  
6    S         57        0.107355  0.107355  
1    S         57        0.107355  0.107355  
8    S         62        0.0330876 0.0330876 
4    S         62        0.0330876 0.0330876 
2    S         62        0.0330876 0.0330876 
14   S         62        0.0330876 0.0330876 
15   S         62        0.0330876 0.0330876 
16   S         62        0.0330876 0.0330876 
17   S         62        0.0330876 0.0330876 
3    S         62        0.0330876 0.0330876 
7    S         62        0.0330876 0.0330876 
11   S         62        0.0330876 0.0330876 
9    S         62        0.0330876 0.0330876 
10   S         62        0.0330876 0.0330876 
---------------------------------
---------------------------------

12--6最大流值为：62
最可靠最大流分布概率为 ： 0.0330876
状态划分算法消耗的内存为：4.97656
状态划分算法运行时间(ms) ： 337.246
---------------------------------
流分布如下: 
---------------------------------
0   0   0   0   0   5   0   0   0   0   0   0   
0   0   0   0   0   0   29  0   0   0   0   0   
5   0   0   0   0   0   0   0   0   0   0   0   
0   0   0   0   0   0   0   0   0   0   0   0   
0   0   0   0   0   0   0   0   0   0   0   0   
0   0   0   0   0   0   0   0   0   0   0   0   
0   0   0   0   0   0   0   29  0   0   0   0   
0   0   0   0   0   29  0   0   0   0   0   0   
0   0   0   0   0   0   0   0   0   0   0   0   
0   0   0   0   0   0   0   0   0   0   0   0   
0   0   5   0   0   16  0   0   0   0   0   0   
0   29  0   0   0   12  0   0   0   0   21  0   
---------------------------------
关键边输出如下：
---------------------------------
20   S         33        0.107545  0.107545  
22   S         41        0.197821  0.22464   
21   S         50        0.0514596 0.0514596 
19   S         54        0.0498832 0.0498832 
5    S         55        0.0190023 0.0261411 
13   S         55        0.0199302 0.0398045 
12   S         55        0.0199302 0.0398045 
18   S         57        0.107355  0.107355  
6    S         57        0.107355  0.107355  
1    S         57        0.107355  0.107355  
8    S         62        0.0330876 0.0330876 
4    S         62        0.0330876 0.0330876 
2    S         62        0.0330876 0.0330876 
14   S         62        0.0330876 0.0330876 
15   S         62        0.0330876 0.0330876 
16   S         62        0.0330876 0.0330876 
17   S         62        0.0330876 0.0330876 
3    S         62        0.0330876 0.0330876 
7    S         62        0.0330876 0.0330876 
11   S         62        0.0330876 0.0330876 
9    S         62        0.0330876 0.0330876 
10   S         62        0.0330876 0.0330876 
---------------------------------
---------------------------------

12--6最大流值为：62
最可靠最大流分布概率为 ： 0.0330876
状态划分算法消耗的内存为：4.85547
状态划分算法运行时间(ms) ： 338.177
---------------------------------
流分布如下: 
---------------------------------
0   0   0   0   0   5   0   0   0   0   0   0   
0   0   0   0   0   0   29  0   0   0   0   0   
5   0   0   0   0   0   0   0   0   0   0   0   
0   0   0   0   0   0   0   0   0   0   0   0   
0   0   0   0   0   0   0   0   0   0   0   0   
0   0   0   0   0   0   0   0   0   0   0   0   
0   0   0   0   0   0   0   29  0   0   0   0   
0   0   0   0   0   29  0   0   0   0   0   0   
0   0   0   0   0   0   0   0   0   0   0   0   
0   0   0   0   0   0   0   0   0   0   0   0   
0   0   5   0   0   16  0   0   0   0   0   0   
0   29  0   0   0   12  0   0   0   0   21  0   
---------------------------------
关键边输出如下：
---------------------------------
20   S         33        0.107545  0.107545  
22   S         41        0.197821  0.22464   
21   S         50        0.0514596 0.0514596 
19   S         54        0.0498832 0.0498832 
5    S         55        0.0190023 0.0261411 
13   S         55        0.0199302 0.0398045 
12   S         55        0.0199302 0.0398045 
18   S         57        0.107355  0.107355  
6    S         57        0.107355  0.107355  
1    S         57        0.107355  0.107355  
8    S         62        0.0330876 0.0330876 
4    S         62        0.0330876 0.0330876 
2    S         62        0.0330876 0.0330876 
14   S         62        0.0330876 0.0330876 
15   S         62        0.0330876 0.0330876 
16   S         62        0.0330876 0.0330876 
17   S         62        0.0330876 0.0330876 
3    S         62        0.0330876 0.0330876 
7    S         62        0.0330876 0.0330876 
11   S         62        0.0330876 0.0330876 
9    S         62        0.0330876 0.0330876 
10   S         62        0.0330876 0.0330876 
---------------------------------
---------------------------------

12--6最大流值为：62
最可靠最大流分布概率为 ： 0.0330876
状态划分算法消耗的内存为：4.96875
状态划分算法运行时间(ms) ： 338.863
---------------------------------
流分布如下: 
---------------------------------
0   0   0   0   0   5   0   0   0   0   0   0   
0   0   0   0   0   0   29  0   0   0   0   0   
5   0   0   0   0   0   0   0   0   0   0   0   
0   0   0   0   0   0   0   0   0   0   0   0   
0   0   0   0   0   0   0   0   0   0   0   0   
0   0   0   0   0   0   0   0   0   0   0   0   
0   0   0   0   0   0   0   29  0   0   0   0   
0   0   0   0   0   29  0   0   0   0   0   0   
0   0   0   0   0   0   0   0   0   0   0   0   
0   0   0   0   0   0   0   0   0   0   0   0   
0   0   5   0   0   16  0   0   0   0   0   0   
0   29  0   0   0   12  0   0   0   0   21  0   
---------------------------------
关键边输出如下：
---------------------------------
20   S         33        0.107545  0.107545  
22   S         41        0.197821  0.22464   
21   S         50        0.0514596 0.0514596 
19   S         54        0.0498832 0.0498832 
5    S         55        0.0190023 0.0261411 
13   S         55        0.0199302 0.0398045 
12   S         55        0.0199302 0.0398045 
18   S         57        0.107355  0.107355  
6    S         57        0.107355  0.107355  
1    S         57        0.107355  0.107355  
8    S         62        0.0330876 0.0330876 
4    S         62        0.0330876 0.0330876 
2    S         62        0.0330876 0.0330876 
14   S         62        0.0330876 0.0330876 
15   S         62        0.0330876 0.0330876 
16   S         62        0.0330876 0.0330876 
17   S         62        0.0330876 0.0330876 
3    S         62        0.0330876 0.0330876 
7    S         62        0.0330876 0.0330876 
11   S         62        0.0330876 0.0330876 
9    S         62        0.0330876 0.0330876 
10   S         62        0.0330876 0.0330876 
---------------------------------
---------------------------------

12--6最大流值为：62
最可靠最大流分布概率为 ： 0.0330876
状态划分算法消耗的内存为：4.97266
状态划分算法运行时间(ms) ： 338.145
---------------------------------
流分布如下: 
---------------------------------
0   0   0   0   0   5   0   0   0   0   0   0   
0   0   0   0   0   0   29  0   0   0   0   0   
5   0   0   0   0   0   0   0   0   0   0   0   
0   0   0   0   0   0   0   0   0   0   0   0   
0   0   0   0   0   0   0   0   0   0   0   0   
0   0   0   0   0   0   0   0   0   0   0   0   
0   0   0   0   0   0   0   29  0   0   0   0   
0   0   0   0   0   29  0   0   0   0   0   0   
0   0   0   0   0   0   0   0   0   0   0   0   
0   0   0   0   0   0   0   0   0   0   0   0   
0   0   5   0   0   16  0   0   0   0   0   0   
0   29  0   0   0   12  0   0   0   0   21  0   
---------------------------------
关键边输出如下：
---------------------------------
20   S         33        0.107545  0.107545  
22   S         41        0.197821  0.22464   
21   S         50        0.0514596 0.0514596 
19   S         54        0.0498832 0.0498832 
5    S         55        0.0190023 0.0261411 
13   S         55        0.0199302 0.0398045 
12   S         55        0.0199302 0.0398045 
18   S         57        0.107355  0.107355  
6    S         57        0.107355  0.107355  
1    S         57        0.107355  0.107355  
8    S         62        0.0330876 0.0330876 
4    S         62        0.0330876 0.0330876 
2    S         62        0.0330876 0.0330876 
14   S         62        0.0330876 0.0330876 
15   S         62        0.0330876 0.0330876 
16   S         62        0.0330876 0.0330876 
17   S         62        0.0330876 0.0330876 
3    S         62        0.0330876 0.0330876 
7    S         62        0.0330876 0.0330876 
11   S         62        0.0330876 0.0330876 
9    S         62        0.0330876 0.0330876 
10   S         62        0.0330876 0.0330876 
---------------------------------
---------------------------------

12--6最大流值为：62
最可靠最大流分布概率为 ： 0.0330876
状态划分算法消耗的内存为：4.98438
状态划分算法运行时间(ms) ： 336.839
---------------------------------
流分布如下: 
---------------------------------
0   0   0   0   0   5   0   0   0   0   0   0   
0   0   0   0   0   0   29  0   0   0   0   0   
5   0   0   0   0   0   0   0   0   0   0   0   
0   0   0   0   0   0   0   0   0   0   0   0   
0   0   0   0   0   0   0   0   0   0   0   0   
0   0   0   0   0   0   0   0   0   0   0   0   
0   0   0   0   0   0   0   29  0   0   0   0   
0   0   0   0   0   29  0   0   0   0   0   0   
0   0   0   0   0   0   0   0   0   0   0   0   
0   0   0   0   0   0   0   0   0   0   0   0   
0   0   5   0   0   16  0   0   0   0   0   0   
0   29  0   0   0   12  0   0   0   0   21  0   
---------------------------------
关键边输出如下：
---------------------------------
20   S         33        0.107545  0.107545  
22   S         41        0.197821  0.22464   
21   S         50        0.0514596 0.0514596 
19   S         54        0.0498832 0.0498832 
5    S         55        0.0190023 0.0261411 
13   S         55        0.0199302 0.0398045 
12   S         55        0.0199302 0.0398045 
18   S         57        0.107355  0.107355  
6    S         57        0.107355  0.107355  
1    S         57        0.107355  0.107355  
8    S         62        0.0330876 0.0330876 
4    S         62        0.0330876 0.0330876 
2    S         62        0.0330876 0.0330876 
14   S         62        0.0330876 0.0330876 
15   S         62        0.0330876 0.0330876 
16   S         62        0.0330876 0.0330876 
17   S         62        0.0330876 0.0330876 
3    S         62        0.0330876 0.0330876 
7    S         62        0.0330876 0.0330876 
11   S         62        0.0330876 0.0330876 
9    S         62        0.0330876 0.0330876 
10   S         62        0.0330876 0.0330876 
---------------------------------
---------------------------------

12--6最大流值为：62
最可靠最大流分布概率为 ： 0.0330876
状态划分算法消耗的内存为：4.94922
状态划分算法运行时间(ms) ： 335.479
---------------------------------
流分布如下: 
---------------------------------
0   0   0   0   0   5   0   0   0   0   0   0   
0   0   0   0   0   0   29  0   0   0   0   0   
5   0   0   0   0   0   0   0   0   0   0   0   
0   0   0   0   0   0   0   0   0   0   0   0   
0   0   0   0   0   0   0   0   0   0   0   0   
0   0   0   0   0   0   0   0   0   0   0   0   
0   0   0   0   0   0   0   29  0   0   0   0   
0   0   0   0   0   29  0   0   0   0   0   0   
0   0   0   0   0   0   0   0   0   0   0   0   
0   0   0   0   0   0   0   0   0   0   0   0   
0   0   5   0   0   16  0   0   0   0   0   0   
0   29  0   0   0   12  0   0   0   0   21  0   
---------------------------------
关键边输出如下：
---------------------------------
20   S         33        0.107545  0.107545  
22   S         41        0.197821  0.22464   
21   S         50        0.0514596 0.0514596 
19   S         54        0.0498832 0.0498832 
5    S         55        0.0190023 0.0261411 
13   S         55        0.0199302 0.0398045 
12   S         55        0.0199302 0.0398045 
18   S         57        0.107355  0.107355  
6    S         57        0.107355  0.107355  
1    S         57        0.107355  0.107355  
8    S         62        0.0330876 0.0330876 
4    S         62        0.0330876 0.0330876 
2    S         62        0.0330876 0.0330876 
14   S         62        0.0330876 0.0330876 
15   S         62        0.0330876 0.0330876 
16   S         62        0.0330876 0.0330876 
17   S         62        0.0330876 0.0330876 
3    S         62        0.0330876 0.0330876 
7    S         62        0.0330876 0.0330876 
11   S         62        0.0330876 0.0330876 
9    S         62        0.0330876 0.0330876 
10   S         62        0.0330876 0.0330876 
---------------------------------
---------------------------------

12--6最大流值为：62
最可靠最大流分布概率为 ： 0.0330876
状态划分算法消耗的内存为：4.96875
状态划分算法运行时间(ms) ： 336.892
---------------------------------
流分布如下: 
---------------------------------
0   0   0   0   0   5   0   0   0   0   0   0   
0   0   0   0   0   0   29  0   0   0   0   0   
5   0   0   0   0   0   0   0   0   0   0   0   
0   0   0   0   0   0   0   0   0   0   0   0   
0   0   0   0   0   0   0   0   0   0   0   0   
0   0   0   0   0   0   0   0   0   0   0   0   
0   0   0   0   0   0   0   29  0   0   0   0   
0   0   0   0   0   29  0   0   0   0   0   0   
0   0   0   0   0   0   0   0   0   0   0   0   
0   0   0   0   0   0   0   0   0   0   0   0   
0   0   5   0   0   16  0   0   0   0   0   0   
0   29  0   0   0   12  0   0   0   0   21  0   
---------------------------------
关键边输出如下：
---------------------------------
20   S         33        0.107545  0.107545  
22   S         41        0.197821  0.22464   
21   S         50        0.0514596 0.0514596 
19   S         54        0.0498832 0.0498832 
5    S         55        0.0190023 0.0261411 
13   S         55        0.0199302 0.0398045 
12   S         55        0.0199302 0.0398045 
18   S         57        0.107355  0.107355  
6    S         57        0.107355  0.107355  
1    S         57        0.107355  0.107355  
8    S         62        0.0330876 0.0330876 
4    S         62        0.0330876 0.0330876 
2    S         62        0.0330876 0.0330876 
14   S         62        0.0330876 0.0330876 
15   S         62        0.0330876 0.0330876 
16   S         62        0.0330876 0.0330876 
17   S         62        0.0330876 0.0330876 
3    S         62        0.0330876 0.0330876 
7    S         62        0.0330876 0.0330876 
11   S         62        0.0330876 0.0330876 
9    S         62        0.0330876 0.0330876 
10   S         62        0.0330876 0.0330876 
---------------------------------
---------------------------------

12--6最大流值为：62
最可靠最大流分布概率为 ： 0.0330876
状态划分算法消耗的内存为：4.98047
状态划分算法运行时间(ms) ： 339.858
---------------------------------
流分布如下: 
---------------------------------
0   0   0   0   0   5   0   0   0   0   0   0   
0   0   0   0   0   0   29  0   0   0   0   0   
5   0   0   0   0   0   0   0   0   0   0   0   
0   0   0   0   0   0   0   0   0   0   0   0   
0   0   0   0   0   0   0   0   0   0   0   0   
0   0   0   0   0   0   0   0   0   0   0   0   
0   0   0   0   0   0   0   29  0   0   0   0   
0   0   0   0   0   29  0   0   0   0   0   0   
0   0   0   0   0   0   0   0   0   0   0   0   
0   0   0   0   0   0   0   0   0   0   0   0   
0   0   5   0   0   16  0   0   0   0   0   0   
0   29  0   0   0   12  0   0   0   0   21  0   
---------------------------------
关键边输出如下：
---------------------------------
20   S         33        0.107545  0.107545  
22   S         41        0.197821  0.22464   
21   S         50        0.0514596 0.0514596 
19   S         54        0.0498832 0.0498832 
5    S         55        0.0190023 0.0261411 
13   S         55        0.0199302 0.0398045 
12   S         55        0.0199302 0.0398045 
18   S         57        0.107355  0.107355  
6    S         57        0.107355  0.107355  
1    S         57        0.107355  0.107355  
8    S         62        0.0330876 0.0330876 
4    S         62        0.0330876 0.0330876 
2    S         62        0.0330876 0.0330876 
14   S         62        0.0330876 0.0330876 
15   S         62        0.0330876 0.0330876 
16   S         62        0.0330876 0.0330876 
17   S         62        0.0330876 0.0330876 
3    S         62        0.0330876 0.0330876 
7    S         62        0.0330876 0.0330876 
11   S         62        0.0330876 0.0330876 
9    S         62        0.0330876 0.0330876 
10   S         62        0.0330876 0.0330876 
---------------------------------
---------------------------------

