7--6最大流值为：27
最可靠最大流分布概率为 ： 0.0693474
状态划分算法消耗的内存为：4.93359
状态划分算法运行时间(ms) ： 104.595
---------------------------------
流分布如下: 
---------------------------------
0   0   0   0   0   0   0   0   0   0   0   0   
0   0   0   0   0   14  0   0   0   0   0   0   
0   14  0   0   0   0   0   0   0   0   0   0   
0   0   0   0   0   0   0   13  0   0   0   0   
0   0   0   0   0   0   0   0   0   0   0   0   
0   0   0   0   0   0   0   0   0   0   0   0   
0   0   14  0   0   0   0   0   13  0   0   0   
0   0   0   0   0   13  0   0   0   0   0   0   
0   0   0   13  0   0   0   0   0   0   0   0   
0   0   0   0   0   0   0   0   0   0   0   0   
0   0   0   0   0   0   0   0   0   0   0   0   
0   0   0   0   0   0   0   0   0   0   0   0   
---------------------------------
关键边输出如下：
---------------------------------
2    S         13        0.415914  0.550019  
18   S         14        0.298718  0.389678  
14   S         19        0.0974482 0.0974482 
20   S         20        0.129143  0.191874  
15   S         20        0.129143  0.224435  
9    S         27        0.0664402 0.0664402 
4    S         27        0.0664402 0.092097  
8    S         27        0.0693474 0.0693474 
5    S         27        0.0693474 0.0986979 
3    S         27        0.0693474 0.116918  
1    S         27        0.0693474 0.116918  
6    S         27        0.0693474 0.117452  
21   S         27        0.0693474 0.117452  
10   S         27        0.0693474 0.122031  
11   S         27        0.0693474 0.122031  
16   S         27        0.0693474 0.122031  
17   S         27        0.0693474 0.122031  
7    S         27        0.0693474 0.122031  
19   S         27        0.0693474 0.122031  
12   S         27        0.0693474 0.122031  
13   S         27        0.0693474 0.122031  
22   S         27        0.0693474 0.122031  
---------------------------------
---------------------------------

7--6最大流值为：27
最可靠最大流分布概率为 ： 0.0693474
状态划分算法消耗的内存为：4.97266
状态划分算法运行时间(ms) ： 104.281
---------------------------------
流分布如下: 
---------------------------------
0   0   0   0   0   0   0   0   0   0   0   0   
0   0   0   0   0   14  0   0   0   0   0   0   
0   14  0   0   0   0   0   0   0   0   0   0   
0   0   0   0   0   0   0   13  0   0   0   0   
0   0   0   0   0   0   0   0   0   0   0   0   
0   0   0   0   0   0   0   0   0   0   0   0   
0   0   14  0   0   0   0   0   13  0   0   0   
0   0   0   0   0   13  0   0   0   0   0   0   
0   0   0   13  0   0   0   0   0   0   0   0   
0   0   0   0   0   0   0   0   0   0   0   0   
0   0   0   0   0   0   0   0   0   0   0   0   
0   0   0   0   0   0   0   0   0   0   0   0   
---------------------------------
关键边输出如下：
---------------------------------
2    S         13        0.415914  0.550019  
18   S         14        0.298718  0.389678  
14   S         19        0.0974482 0.0974482 
20   S         20        0.129143  0.191874  
15   S         20        0.129143  0.224435  
9    S         27        0.0664402 0.0664402 
4    S         27        0.0664402 0.092097  
8    S         27        0.0693474 0.0693474 
5    S         27        0.0693474 0.0986979 
3    S         27        0.0693474 0.116918  
1    S         27        0.0693474 0.116918  
6    S         27        0.0693474 0.117452  
21   S         27        0.0693474 0.117452  
10   S         27        0.0693474 0.122031  
11   S         27        0.0693474 0.122031  
16   S         27        0.0693474 0.122031  
17   S         27        0.0693474 0.122031  
7    S         27        0.0693474 0.122031  
19   S         27        0.0693474 0.122031  
12   S         27        0.0693474 0.122031  
13   S         27        0.0693474 0.122031  
22   S         27        0.0693474 0.122031  
---------------------------------
---------------------------------

7--6最大流值为：27
最可靠最大流分布概率为 ： 0.0693474
状态划分算法消耗的内存为：4.96094
状态划分算法运行时间(ms) ： 104.014
---------------------------------
流分布如下: 
---------------------------------
0   0   0   0   0   0   0   0   0   0   0   0   
0   0   0   0   0   14  0   0   0   0   0   0   
0   14  0   0   0   0   0   0   0   0   0   0   
0   0   0   0   0   0   0   13  0   0   0   0   
0   0   0   0   0   0   0   0   0   0   0   0   
0   0   0   0   0   0   0   0   0   0   0   0   
0   0   14  0   0   0   0   0   13  0   0   0   
0   0   0   0   0   13  0   0   0   0   0   0   
0   0   0   13  0   0   0   0   0   0   0   0   
0   0   0   0   0   0   0   0   0   0   0   0   
0   0   0   0   0   0   0   0   0   0   0   0   
0   0   0   0   0   0   0   0   0   0   0   0   
---------------------------------
关键边输出如下：
---------------------------------
2    S         13        0.415914  0.550019  
18   S         14        0.298718  0.389678  
14   S         19        0.0974482 0.0974482 
20   S         20        0.129143  0.191874  
15   S         20        0.129143  0.224435  
9    S         27        0.0664402 0.0664402 
4    S         27        0.0664402 0.092097  
8    S         27        0.0693474 0.0693474 
5    S         27        0.0693474 0.0986979 
3    S         27        0.0693474 0.116918  
1    S         27        0.0693474 0.116918  
6    S         27        0.0693474 0.117452  
21   S         27        0.0693474 0.117452  
10   S         27        0.0693474 0.122031  
11   S         27        0.0693474 0.122031  
16   S         27        0.0693474 0.122031  
17   S         27        0.0693474 0.122031  
7    S         27        0.0693474 0.122031  
19   S         27        0.0693474 0.122031  
12   S         27        0.0693474 0.122031  
13   S         27        0.0693474 0.122031  
22   S         27        0.0693474 0.122031  
---------------------------------
---------------------------------

7--6最大流值为：27
最可靠最大流分布概率为 ： 0.0693474
状态划分算法消耗的内存为：4.88672
状态划分算法运行时间(ms) ： 105.153
---------------------------------
流分布如下: 
---------------------------------
0   0   0   0   0   0   0   0   0   0   0   0   
0   0   0   0   0   14  0   0   0   0   0   0   
0   14  0   0   0   0   0   0   0   0   0   0   
0   0   0   0   0   0   0   13  0   0   0   0   
0   0   0   0   0   0   0   0   0   0   0   0   
0   0   0   0   0   0   0   0   0   0   0   0   
0   0   14  0   0   0   0   0   13  0   0   0   
0   0   0   0   0   13  0   0   0   0   0   0   
0   0   0   13  0   0   0   0   0   0   0   0   
0   0   0   0   0   0   0   0   0   0   0   0   
0   0   0   0   0   0   0   0   0   0   0   0   
0   0   0   0   0   0   0   0   0   0   0   0   
---------------------------------
关键边输出如下：
---------------------------------
2    S         13        0.415914  0.550019  
18   S         14        0.298718  0.389678  
14   S         19        0.0974482 0.0974482 
20   S         20        0.129143  0.191874  
15   S         20        0.129143  0.224435  
9    S         27        0.0664402 0.0664402 
4    S         27        0.0664402 0.092097  
8    S         27        0.0693474 0.0693474 
5    S         27        0.0693474 0.0986979 
3    S         27        0.0693474 0.116918  
1    S         27        0.0693474 0.116918  
6    S         27        0.0693474 0.117452  
21   S         27        0.0693474 0.117452  
10   S         27        0.0693474 0.122031  
11   S         27        0.0693474 0.122031  
16   S         27        0.0693474 0.122031  
17   S         27        0.0693474 0.122031  
7    S         27        0.0693474 0.122031  
19   S         27        0.0693474 0.122031  
12   S         27        0.0693474 0.122031  
13   S         27        0.0693474 0.122031  
22   S         27        0.0693474 0.122031  
---------------------------------
---------------------------------

7--6最大流值为：27
最可靠最大流分布概率为 ： 0.0693474
状态划分算法消耗的内存为：4.875
状态划分算法运行时间(ms) ： 104.556
---------------------------------
流分布如下: 
---------------------------------
0   0   0   0   0   0   0   0   0   0   0   0   
0   0   0   0   0   14  0   0   0   0   0   0   
0   14  0   0   0   0   0   0   0   0   0   0   
0   0   0   0   0   0   0   13  0   0   0   0   
0   0   0   0   0   0   0   0   0   0   0   0   
0   0   0   0   0   0   0   0   0   0   0   0   
0   0   14  0   0   0   0   0   13  0   0   0   
0   0   0   0   0   13  0   0   0   0   0   0   
0   0   0   13  0   0   0   0   0   0   0   0   
0   0   0   0   0   0   0   0   0   0   0   0   
0   0   0   0   0   0   0   0   0   0   0   0   
0   0   0   0   0   0   0   0   0   0   0   0   
---------------------------------
关键边输出如下：
---------------------------------
2    S         13        0.415914  0.550019  
18   S         14        0.298718  0.389678  
14   S         19        0.0974482 0.0974482 
20   S         20        0.129143  0.191874  
15   S         20        0.129143  0.224435  
9    S         27        0.0664402 0.0664402 
4    S         27        0.0664402 0.092097  
8    S         27        0.0693474 0.0693474 
5    S         27        0.0693474 0.0986979 
3    S         27        0.0693474 0.116918  
1    S         27        0.0693474 0.116918  
6    S         27        0.0693474 0.117452  
21   S         27        0.0693474 0.117452  
10   S         27        0.0693474 0.122031  
11   S         27        0.0693474 0.122031  
16   S         27        0.0693474 0.122031  
17   S         27        0.0693474 0.122031  
7    S         27        0.0693474 0.122031  
19   S         27        0.0693474 0.122031  
12   S         27        0.0693474 0.122031  
13   S         27        0.0693474 0.122031  
22   S         27        0.0693474 0.122031  
---------------------------------
---------------------------------

7--6最大流值为：27
最可靠最大流分布概率为 ： 0.0693474
状态划分算法消耗的内存为：4.96875
状态划分算法运行时间(ms) ： 103.642
---------------------------------
流分布如下: 
---------------------------------
0   0   0   0   0   0   0   0   0   0   0   0   
0   0   0   0   0   14  0   0   0   0   0   0   
0   14  0   0   0   0   0   0   0   0   0   0   
0   0   0   0   0   0   0   13  0   0   0   0   
0   0   0   0   0   0   0   0   0   0   0   0   
0   0   0   0   0   0   0   0   0   0   0   0   
0   0   14  0   0   0   0   0   13  0   0   0   
0   0   0   0   0   13  0   0   0   0   0   0   
0   0   0   13  0   0   0   0   0   0   0   0   
0   0   0   0   0   0   0   0   0   0   0   0   
0   0   0   0   0   0   0   0   0   0   0   0   
0   0   0   0   0   0   0   0   0   0   0   0   
---------------------------------
关键边输出如下：
---------------------------------
2    S         13        0.415914  0.550019  
18   S         14        0.298718  0.389678  
14   S         19        0.0974482 0.0974482 
20   S         20        0.129143  0.191874  
15   S         20        0.129143  0.224435  
9    S         27        0.0664402 0.0664402 
4    S         27        0.0664402 0.092097  
8    S         27        0.0693474 0.0693474 
5    S         27        0.0693474 0.0986979 
3    S         27        0.0693474 0.116918  
1    S         27        0.0693474 0.116918  
6    S         27        0.0693474 0.117452  
21   S         27        0.0693474 0.117452  
10   S         27        0.0693474 0.122031  
11   S         27        0.0693474 0.122031  
16   S         27        0.0693474 0.122031  
17   S         27        0.0693474 0.122031  
7    S         27        0.0693474 0.122031  
19   S         27        0.0693474 0.122031  
12   S         27        0.0693474 0.122031  
13   S         27        0.0693474 0.122031  
22   S         27        0.0693474 0.122031  
---------------------------------
---------------------------------

7--6最大流值为：27
最可靠最大流分布概率为 ： 0.0693474
状态划分算法消耗的内存为：4.875
状态划分算法运行时间(ms) ： 103.893
---------------------------------
流分布如下: 
---------------------------------
0   0   0   0   0   0   0   0   0   0   0   0   
0   0   0   0   0   14  0   0   0   0   0   0   
0   14  0   0   0   0   0   0   0   0   0   0   
0   0   0   0   0   0   0   13  0   0   0   0   
0   0   0   0   0   0   0   0   0   0   0   0   
0   0   0   0   0   0   0   0   0   0   0   0   
0   0   14  0   0   0   0   0   13  0   0   0   
0   0   0   0   0   13  0   0   0   0   0   0   
0   0   0   13  0   0   0   0   0   0   0   0   
0   0   0   0   0   0   0   0   0   0   0   0   
0   0   0   0   0   0   0   0   0   0   0   0   
0   0   0   0   0   0   0   0   0   0   0   0   
---------------------------------
关键边输出如下：
---------------------------------
2    S         13        0.415914  0.550019  
18   S         14        0.298718  0.389678  
14   S         19        0.0974482 0.0974482 
20   S         20        0.129143  0.191874  
15   S         20        0.129143  0.224435  
9    S         27        0.0664402 0.0664402 
4    S         27        0.0664402 0.092097  
8    S         27        0.0693474 0.0693474 
5    S         27        0.0693474 0.0986979 
3    S         27        0.0693474 0.116918  
1    S         27        0.0693474 0.116918  
6    S         27        0.0693474 0.117452  
21   S         27        0.0693474 0.117452  
10   S         27        0.0693474 0.122031  
11   S         27        0.0693474 0.122031  
16   S         27        0.0693474 0.122031  
17   S         27        0.0693474 0.122031  
7    S         27        0.0693474 0.122031  
19   S         27        0.0693474 0.122031  
12   S         27        0.0693474 0.122031  
13   S         27        0.0693474 0.122031  
22   S         27        0.0693474 0.122031  
---------------------------------
---------------------------------

7--6最大流值为：27
最可靠最大流分布概率为 ： 0.0693474
状态划分算法消耗的内存为：4.97266
状态划分算法运行时间(ms) ： 104.607
---------------------------------
流分布如下: 
---------------------------------
0   0   0   0   0   0   0   0   0   0   0   0   
0   0   0   0   0   14  0   0   0   0   0   0   
0   14  0   0   0   0   0   0   0   0   0   0   
0   0   0   0   0   0   0   13  0   0   0   0   
0   0   0   0   0   0   0   0   0   0   0   0   
0   0   0   0   0   0   0   0   0   0   0   0   
0   0   14  0   0   0   0   0   13  0   0   0   
0   0   0   0   0   13  0   0   0   0   0   0   
0   0   0   13  0   0   0   0   0   0   0   0   
0   0   0   0   0   0   0   0   0   0   0   0   
0   0   0   0   0   0   0   0   0   0   0   0   
0   0   0   0   0   0   0   0   0   0   0   0   
---------------------------------
关键边输出如下：
---------------------------------
2    S         13        0.415914  0.550019  
18   S         14        0.298718  0.389678  
14   S         19        0.0974482 0.0974482 
20   S         20        0.129143  0.191874  
15   S         20        0.129143  0.224435  
9    S         27        0.0664402 0.0664402 
4    S         27        0.0664402 0.092097  
8    S         27        0.0693474 0.0693474 
5    S         27        0.0693474 0.0986979 
3    S         27        0.0693474 0.116918  
1    S         27        0.0693474 0.116918  
6    S         27        0.0693474 0.117452  
21   S         27        0.0693474 0.117452  
10   S         27        0.0693474 0.122031  
11   S         27        0.0693474 0.122031  
16   S         27        0.0693474 0.122031  
17   S         27        0.0693474 0.122031  
7    S         27        0.0693474 0.122031  
19   S         27        0.0693474 0.122031  
12   S         27        0.0693474 0.122031  
13   S         27        0.0693474 0.122031  
22   S         27        0.0693474 0.122031  
---------------------------------
---------------------------------

7--6最大流值为：27
最可靠最大流分布概率为 ： 0.0693474
状态划分算法消耗的内存为：4.96875
状态划分算法运行时间(ms) ： 106.243
---------------------------------
流分布如下: 
---------------------------------
0   0   0   0   0   0   0   0   0   0   0   0   
0   0   0   0   0   14  0   0   0   0   0   0   
0   14  0   0   0   0   0   0   0   0   0   0   
0   0   0   0   0   0   0   13  0   0   0   0   
0   0   0   0   0   0   0   0   0   0   0   0   
0   0   0   0   0   0   0   0   0   0   0   0   
0   0   14  0   0   0   0   0   13  0   0   0   
0   0   0   0   0   13  0   0   0   0   0   0   
0   0   0   13  0   0   0   0   0   0   0   0   
0   0   0   0   0   0   0   0   0   0   0   0   
0   0   0   0   0   0   0   0   0   0   0   0   
0   0   0   0   0   0   0   0   0   0   0   0   
---------------------------------
关键边输出如下：
---------------------------------
2    S         13        0.415914  0.550019  
18   S         14        0.298718  0.389678  
14   S         19        0.0974482 0.0974482 
20   S         20        0.129143  0.191874  
15   S         20        0.129143  0.224435  
9    S         27        0.0664402 0.0664402 
4    S         27        0.0664402 0.092097  
8    S         27        0.0693474 0.0693474 
5    S         27        0.0693474 0.0986979 
3    S         27        0.0693474 0.116918  
1    S         27        0.0693474 0.116918  
6    S         27        0.0693474 0.117452  
21   S         27        0.0693474 0.117452  
10   S         27        0.0693474 0.122031  
11   S         27        0.0693474 0.122031  
16   S         27        0.0693474 0.122031  
17   S         27        0.0693474 0.122031  
7    S         27        0.0693474 0.122031  
19   S         27        0.0693474 0.122031  
12   S         27        0.0693474 0.122031  
13   S         27        0.0693474 0.122031  
22   S         27        0.0693474 0.122031  
---------------------------------
---------------------------------

7--6最大流值为：27
最可靠最大流分布概率为 ： 0.0693474
状态划分算法消耗的内存为：4.98438
状态划分算法运行时间(ms) ： 105.763
---------------------------------
流分布如下: 
---------------------------------
0   0   0   0   0   0   0   0   0   0   0   0   
0   0   0   0   0   14  0   0   0   0   0   0   
0   14  0   0   0   0   0   0   0   0   0   0   
0   0   0   0   0   0   0   13  0   0   0   0   
0   0   0   0   0   0   0   0   0   0   0   0   
0   0   0   0   0   0   0   0   0   0   0   0   
0   0   14  0   0   0   0   0   13  0   0   0   
0   0   0   0   0   13  0   0   0   0   0   0   
0   0   0   13  0   0   0   0   0   0   0   0   
0   0   0   0   0   0   0   0   0   0   0   0   
0   0   0   0   0   0   0   0   0   0   0   0   
0   0   0   0   0   0   0   0   0   0   0   0   
---------------------------------
关键边输出如下：
---------------------------------
2    S         13        0.415914  0.550019  
18   S         14        0.298718  0.389678  
14   S         19        0.0974482 0.0974482 
20   S         20        0.129143  0.191874  
15   S         20        0.129143  0.224435  
9    S         27        0.0664402 0.0664402 
4    S         27        0.0664402 0.092097  
8    S         27        0.0693474 0.0693474 
5    S         27        0.0693474 0.0986979 
3    S         27        0.0693474 0.116918  
1    S         27        0.0693474 0.116918  
6    S         27        0.0693474 0.117452  
21   S         27        0.0693474 0.117452  
10   S         27        0.0693474 0.122031  
11   S         27        0.0693474 0.122031  
16   S         27        0.0693474 0.122031  
17   S         27        0.0693474 0.122031  
7    S         27        0.0693474 0.122031  
19   S         27        0.0693474 0.122031  
12   S         27        0.0693474 0.122031  
13   S         27        0.0693474 0.122031  
22   S         27        0.0693474 0.122031  
---------------------------------
---------------------------------

