7--12最大流值为：61
最可靠最大流分布概率为 ： 0.111716
状态划分算法消耗的内存为：4.98047
状态划分算法运行时间(ms) ： 120.401
---------------------------------
流分布如下: 
---------------------------------
0   0   0   0   0   0   0   0   0   0   0   13  
0   0   0   0   0   0   0   0   0   0   0   0   
0   0   0   0   0   0   0   0   0   0   0   0   
0   0   0   0   0   0   0   0   0   0   0   0   
0   0   0   0   0   0   0   0   0   0   0   0   
0   0   0   0   0   0   0   0   0   0   0   0   
0   0   0   0   0   0   0   29  0   0   0   32  
0   0   0   0   0   0   0   0   19  0   10  0   
0   0   0   0   0   0   0   0   0   19  0   0   
13  0   0   0   0   0   0   0   0   0   0   16  
0   0   0   0   0   0   0   0   0   10  0   0   
0   0   0   0   0   0   0   0   0   0   0   0   
---------------------------------
关键边输出如下：
---------------------------------
11   S         29        0.119831  0.130144  
19   S         45        0.340838  0.432862  
9    S         47        0.277911  0.283284  
16   S         48        0.397694  0.444516  
1    S         48        0.397694  0.444516  
22   S         51        0.138333  0.138333  
15   S         53        0.226078  0.226078  
12   S         61        0.0575258 0.0575258 
13   S         61        0.0621694 0.0621694 
8    S         61        0.111716  0.11252   
21   S         61        0.111716  0.11252   
10   S         61        0.111716  0.120528  
2    S         61        0.111716  0.121331  
14   S         61        0.111716  0.121331  
4    S         61        0.111716  0.121331  
5    S         61        0.111716  0.121331  
17   S         61        0.111716  0.121331  
18   S         61        0.111716  0.121331  
6    S         61        0.111716  0.121331  
20   S         61        0.111716  0.121331  
3    S         61        0.111716  0.121331  
7    S         61        0.111716  0.121331  
---------------------------------
---------------------------------

7--12最大流值为：61
最可靠最大流分布概率为 ： 0.111716
状态划分算法消耗的内存为：4.97656
状态划分算法运行时间(ms) ： 120.313
---------------------------------
流分布如下: 
---------------------------------
0   0   0   0   0   0   0   0   0   0   0   13  
0   0   0   0   0   0   0   0   0   0   0   0   
0   0   0   0   0   0   0   0   0   0   0   0   
0   0   0   0   0   0   0   0   0   0   0   0   
0   0   0   0   0   0   0   0   0   0   0   0   
0   0   0   0   0   0   0   0   0   0   0   0   
0   0   0   0   0   0   0   29  0   0   0   32  
0   0   0   0   0   0   0   0   19  0   10  0   
0   0   0   0   0   0   0   0   0   19  0   0   
13  0   0   0   0   0   0   0   0   0   0   16  
0   0   0   0   0   0   0   0   0   10  0   0   
0   0   0   0   0   0   0   0   0   0   0   0   
---------------------------------
关键边输出如下：
---------------------------------
11   S         29        0.119831  0.130144  
19   S         45        0.340838  0.432862  
9    S         47        0.277911  0.283284  
16   S         48        0.397694  0.444516  
1    S         48        0.397694  0.444516  
22   S         51        0.138333  0.138333  
15   S         53        0.226078  0.226078  
12   S         61        0.0575258 0.0575258 
13   S         61        0.0621694 0.0621694 
8    S         61        0.111716  0.11252   
21   S         61        0.111716  0.11252   
10   S         61        0.111716  0.120528  
2    S         61        0.111716  0.121331  
14   S         61        0.111716  0.121331  
4    S         61        0.111716  0.121331  
5    S         61        0.111716  0.121331  
17   S         61        0.111716  0.121331  
18   S         61        0.111716  0.121331  
6    S         61        0.111716  0.121331  
20   S         61        0.111716  0.121331  
3    S         61        0.111716  0.121331  
7    S         61        0.111716  0.121331  
---------------------------------
---------------------------------

7--12最大流值为：61
最可靠最大流分布概率为 ： 0.111716
状态划分算法消耗的内存为：4.87891
状态划分算法运行时间(ms) ： 119.504
---------------------------------
流分布如下: 
---------------------------------
0   0   0   0   0   0   0   0   0   0   0   13  
0   0   0   0   0   0   0   0   0   0   0   0   
0   0   0   0   0   0   0   0   0   0   0   0   
0   0   0   0   0   0   0   0   0   0   0   0   
0   0   0   0   0   0   0   0   0   0   0   0   
0   0   0   0   0   0   0   0   0   0   0   0   
0   0   0   0   0   0   0   29  0   0   0   32  
0   0   0   0   0   0   0   0   19  0   10  0   
0   0   0   0   0   0   0   0   0   19  0   0   
13  0   0   0   0   0   0   0   0   0   0   16  
0   0   0   0   0   0   0   0   0   10  0   0   
0   0   0   0   0   0   0   0   0   0   0   0   
---------------------------------
关键边输出如下：
---------------------------------
11   S         29        0.119831  0.130144  
19   S         45        0.340838  0.432862  
9    S         47        0.277911  0.283284  
16   S         48        0.397694  0.444516  
1    S         48        0.397694  0.444516  
22   S         51        0.138333  0.138333  
15   S         53        0.226078  0.226078  
12   S         61        0.0575258 0.0575258 
13   S         61        0.0621694 0.0621694 
8    S         61        0.111716  0.11252   
21   S         61        0.111716  0.11252   
10   S         61        0.111716  0.120528  
2    S         61        0.111716  0.121331  
14   S         61        0.111716  0.121331  
4    S         61        0.111716  0.121331  
5    S         61        0.111716  0.121331  
17   S         61        0.111716  0.121331  
18   S         61        0.111716  0.121331  
6    S         61        0.111716  0.121331  
20   S         61        0.111716  0.121331  
3    S         61        0.111716  0.121331  
7    S         61        0.111716  0.121331  
---------------------------------
---------------------------------

7--12最大流值为：61
最可靠最大流分布概率为 ： 0.111716
状态划分算法消耗的内存为：4.84766
状态划分算法运行时间(ms) ： 118.491
---------------------------------
流分布如下: 
---------------------------------
0   0   0   0   0   0   0   0   0   0   0   13  
0   0   0   0   0   0   0   0   0   0   0   0   
0   0   0   0   0   0   0   0   0   0   0   0   
0   0   0   0   0   0   0   0   0   0   0   0   
0   0   0   0   0   0   0   0   0   0   0   0   
0   0   0   0   0   0   0   0   0   0   0   0   
0   0   0   0   0   0   0   29  0   0   0   32  
0   0   0   0   0   0   0   0   19  0   10  0   
0   0   0   0   0   0   0   0   0   19  0   0   
13  0   0   0   0   0   0   0   0   0   0   16  
0   0   0   0   0   0   0   0   0   10  0   0   
0   0   0   0   0   0   0   0   0   0   0   0   
---------------------------------
关键边输出如下：
---------------------------------
11   S         29        0.119831  0.130144  
19   S         45        0.340838  0.432862  
9    S         47        0.277911  0.283284  
16   S         48        0.397694  0.444516  
1    S         48        0.397694  0.444516  
22   S         51        0.138333  0.138333  
15   S         53        0.226078  0.226078  
12   S         61        0.0575258 0.0575258 
13   S         61        0.0621694 0.0621694 
8    S         61        0.111716  0.11252   
21   S         61        0.111716  0.11252   
10   S         61        0.111716  0.120528  
2    S         61        0.111716  0.121331  
14   S         61        0.111716  0.121331  
4    S         61        0.111716  0.121331  
5    S         61        0.111716  0.121331  
17   S         61        0.111716  0.121331  
18   S         61        0.111716  0.121331  
6    S         61        0.111716  0.121331  
20   S         61        0.111716  0.121331  
3    S         61        0.111716  0.121331  
7    S         61        0.111716  0.121331  
---------------------------------
---------------------------------

7--12最大流值为：61
最可靠最大流分布概率为 ： 0.111716
状态划分算法消耗的内存为：4.84766
状态划分算法运行时间(ms) ： 119.599
---------------------------------
流分布如下: 
---------------------------------
0   0   0   0   0   0   0   0   0   0   0   13  
0   0   0   0   0   0   0   0   0   0   0   0   
0   0   0   0   0   0   0   0   0   0   0   0   
0   0   0   0   0   0   0   0   0   0   0   0   
0   0   0   0   0   0   0   0   0   0   0   0   
0   0   0   0   0   0   0   0   0   0   0   0   
0   0   0   0   0   0   0   29  0   0   0   32  
0   0   0   0   0   0   0   0   19  0   10  0   
0   0   0   0   0   0   0   0   0   19  0   0   
13  0   0   0   0   0   0   0   0   0   0   16  
0   0   0   0   0   0   0   0   0   10  0   0   
0   0   0   0   0   0   0   0   0   0   0   0   
---------------------------------
关键边输出如下：
---------------------------------
11   S         29        0.119831  0.130144  
19   S         45        0.340838  0.432862  
9    S         47        0.277911  0.283284  
16   S         48        0.397694  0.444516  
1    S         48        0.397694  0.444516  
22   S         51        0.138333  0.138333  
15   S         53        0.226078  0.226078  
12   S         61        0.0575258 0.0575258 
13   S         61        0.0621694 0.0621694 
8    S         61        0.111716  0.11252   
21   S         61        0.111716  0.11252   
10   S         61        0.111716  0.120528  
2    S         61        0.111716  0.121331  
14   S         61        0.111716  0.121331  
4    S         61        0.111716  0.121331  
5    S         61        0.111716  0.121331  
17   S         61        0.111716  0.121331  
18   S         61        0.111716  0.121331  
6    S         61        0.111716  0.121331  
20   S         61        0.111716  0.121331  
3    S         61        0.111716  0.121331  
7    S         61        0.111716  0.121331  
---------------------------------
---------------------------------

7--12最大流值为：61
最可靠最大流分布概率为 ： 0.111716
状态划分算法消耗的内存为：4.94531
状态划分算法运行时间(ms) ： 118.46
---------------------------------
流分布如下: 
---------------------------------
0   0   0   0   0   0   0   0   0   0   0   13  
0   0   0   0   0   0   0   0   0   0   0   0   
0   0   0   0   0   0   0   0   0   0   0   0   
0   0   0   0   0   0   0   0   0   0   0   0   
0   0   0   0   0   0   0   0   0   0   0   0   
0   0   0   0   0   0   0   0   0   0   0   0   
0   0   0   0   0   0   0   29  0   0   0   32  
0   0   0   0   0   0   0   0   19  0   10  0   
0   0   0   0   0   0   0   0   0   19  0   0   
13  0   0   0   0   0   0   0   0   0   0   16  
0   0   0   0   0   0   0   0   0   10  0   0   
0   0   0   0   0   0   0   0   0   0   0   0   
---------------------------------
关键边输出如下：
---------------------------------
11   S         29        0.119831  0.130144  
19   S         45        0.340838  0.432862  
9    S         47        0.277911  0.283284  
16   S         48        0.397694  0.444516  
1    S         48        0.397694  0.444516  
22   S         51        0.138333  0.138333  
15   S         53        0.226078  0.226078  
12   S         61        0.0575258 0.0575258 
13   S         61        0.0621694 0.0621694 
8    S         61        0.111716  0.11252   
21   S         61        0.111716  0.11252   
10   S         61        0.111716  0.120528  
2    S         61        0.111716  0.121331  
14   S         61        0.111716  0.121331  
4    S         61        0.111716  0.121331  
5    S         61        0.111716  0.121331  
17   S         61        0.111716  0.121331  
18   S         61        0.111716  0.121331  
6    S         61        0.111716  0.121331  
20   S         61        0.111716  0.121331  
3    S         61        0.111716  0.121331  
7    S         61        0.111716  0.121331  
---------------------------------
---------------------------------

7--12最大流值为：61
最可靠最大流分布概率为 ： 0.111716
状态划分算法消耗的内存为：4.84766
状态划分算法运行时间(ms) ： 119.694
---------------------------------
流分布如下: 
---------------------------------
0   0   0   0   0   0   0   0   0   0   0   13  
0   0   0   0   0   0   0   0   0   0   0   0   
0   0   0   0   0   0   0   0   0   0   0   0   
0   0   0   0   0   0   0   0   0   0   0   0   
0   0   0   0   0   0   0   0   0   0   0   0   
0   0   0   0   0   0   0   0   0   0   0   0   
0   0   0   0   0   0   0   29  0   0   0   32  
0   0   0   0   0   0   0   0   19  0   10  0   
0   0   0   0   0   0   0   0   0   19  0   0   
13  0   0   0   0   0   0   0   0   0   0   16  
0   0   0   0   0   0   0   0   0   10  0   0   
0   0   0   0   0   0   0   0   0   0   0   0   
---------------------------------
关键边输出如下：
---------------------------------
11   S         29        0.119831  0.130144  
19   S         45        0.340838  0.432862  
9    S         47        0.277911  0.283284  
16   S         48        0.397694  0.444516  
1    S         48        0.397694  0.444516  
22   S         51        0.138333  0.138333  
15   S         53        0.226078  0.226078  
12   S         61        0.0575258 0.0575258 
13   S         61        0.0621694 0.0621694 
8    S         61        0.111716  0.11252   
21   S         61        0.111716  0.11252   
10   S         61        0.111716  0.120528  
2    S         61        0.111716  0.121331  
14   S         61        0.111716  0.121331  
4    S         61        0.111716  0.121331  
5    S         61        0.111716  0.121331  
17   S         61        0.111716  0.121331  
18   S         61        0.111716  0.121331  
6    S         61        0.111716  0.121331  
20   S         61        0.111716  0.121331  
3    S         61        0.111716  0.121331  
7    S         61        0.111716  0.121331  
---------------------------------
---------------------------------

7--12最大流值为：61
最可靠最大流分布概率为 ： 0.111716
状态划分算法消耗的内存为：4.85547
状态划分算法运行时间(ms) ： 120.506
---------------------------------
流分布如下: 
---------------------------------
0   0   0   0   0   0   0   0   0   0   0   13  
0   0   0   0   0   0   0   0   0   0   0   0   
0   0   0   0   0   0   0   0   0   0   0   0   
0   0   0   0   0   0   0   0   0   0   0   0   
0   0   0   0   0   0   0   0   0   0   0   0   
0   0   0   0   0   0   0   0   0   0   0   0   
0   0   0   0   0   0   0   29  0   0   0   32  
0   0   0   0   0   0   0   0   19  0   10  0   
0   0   0   0   0   0   0   0   0   19  0   0   
13  0   0   0   0   0   0   0   0   0   0   16  
0   0   0   0   0   0   0   0   0   10  0   0   
0   0   0   0   0   0   0   0   0   0   0   0   
---------------------------------
关键边输出如下：
---------------------------------
11   S         29        0.119831  0.130144  
19   S         45        0.340838  0.432862  
9    S         47        0.277911  0.283284  
16   S         48        0.397694  0.444516  
1    S         48        0.397694  0.444516  
22   S         51        0.138333  0.138333  
15   S         53        0.226078  0.226078  
12   S         61        0.0575258 0.0575258 
13   S         61        0.0621694 0.0621694 
8    S         61        0.111716  0.11252   
21   S         61        0.111716  0.11252   
10   S         61        0.111716  0.120528  
2    S         61        0.111716  0.121331  
14   S         61        0.111716  0.121331  
4    S         61        0.111716  0.121331  
5    S         61        0.111716  0.121331  
17   S         61        0.111716  0.121331  
18   S         61        0.111716  0.121331  
6    S         61        0.111716  0.121331  
20   S         61        0.111716  0.121331  
3    S         61        0.111716  0.121331  
7    S         61        0.111716  0.121331  
---------------------------------
---------------------------------

7--12最大流值为：61
最可靠最大流分布概率为 ： 0.111716
状态划分算法消耗的内存为：4.85938
状态划分算法运行时间(ms) ： 120.128
---------------------------------
流分布如下: 
---------------------------------
0   0   0   0   0   0   0   0   0   0   0   13  
0   0   0   0   0   0   0   0   0   0   0   0   
0   0   0   0   0   0   0   0   0   0   0   0   
0   0   0   0   0   0   0   0   0   0   0   0   
0   0   0   0   0   0   0   0   0   0   0   0   
0   0   0   0   0   0   0   0   0   0   0   0   
0   0   0   0   0   0   0   29  0   0   0   32  
0   0   0   0   0   0   0   0   19  0   10  0   
0   0   0   0   0   0   0   0   0   19  0   0   
13  0   0   0   0   0   0   0   0   0   0   16  
0   0   0   0   0   0   0   0   0   10  0   0   
0   0   0   0   0   0   0   0   0   0   0   0   
---------------------------------
关键边输出如下：
---------------------------------
11   S         29        0.119831  0.130144  
19   S         45        0.340838  0.432862  
9    S         47        0.277911  0.283284  
16   S         48        0.397694  0.444516  
1    S         48        0.397694  0.444516  
22   S         51        0.138333  0.138333  
15   S         53        0.226078  0.226078  
12   S         61        0.0575258 0.0575258 
13   S         61        0.0621694 0.0621694 
8    S         61        0.111716  0.11252   
21   S         61        0.111716  0.11252   
10   S         61        0.111716  0.120528  
2    S         61        0.111716  0.121331  
14   S         61        0.111716  0.121331  
4    S         61        0.111716  0.121331  
5    S         61        0.111716  0.121331  
17   S         61        0.111716  0.121331  
18   S         61        0.111716  0.121331  
6    S         61        0.111716  0.121331  
20   S         61        0.111716  0.121331  
3    S         61        0.111716  0.121331  
7    S         61        0.111716  0.121331  
---------------------------------
---------------------------------

7--12最大流值为：61
最可靠最大流分布概率为 ： 0.111716
状态划分算法消耗的内存为：4.96484
状态划分算法运行时间(ms) ： 119.987
---------------------------------
流分布如下: 
---------------------------------
0   0   0   0   0   0   0   0   0   0   0   13  
0   0   0   0   0   0   0   0   0   0   0   0   
0   0   0   0   0   0   0   0   0   0   0   0   
0   0   0   0   0   0   0   0   0   0   0   0   
0   0   0   0   0   0   0   0   0   0   0   0   
0   0   0   0   0   0   0   0   0   0   0   0   
0   0   0   0   0   0   0   29  0   0   0   32  
0   0   0   0   0   0   0   0   19  0   10  0   
0   0   0   0   0   0   0   0   0   19  0   0   
13  0   0   0   0   0   0   0   0   0   0   16  
0   0   0   0   0   0   0   0   0   10  0   0   
0   0   0   0   0   0   0   0   0   0   0   0   
---------------------------------
关键边输出如下：
---------------------------------
11   S         29        0.119831  0.130144  
19   S         45        0.340838  0.432862  
9    S         47        0.277911  0.283284  
16   S         48        0.397694  0.444516  
1    S         48        0.397694  0.444516  
22   S         51        0.138333  0.138333  
15   S         53        0.226078  0.226078  
12   S         61        0.0575258 0.0575258 
13   S         61        0.0621694 0.0621694 
8    S         61        0.111716  0.11252   
21   S         61        0.111716  0.11252   
10   S         61        0.111716  0.120528  
2    S         61        0.111716  0.121331  
14   S         61        0.111716  0.121331  
4    S         61        0.111716  0.121331  
5    S         61        0.111716  0.121331  
17   S         61        0.111716  0.121331  
18   S         61        0.111716  0.121331  
6    S         61        0.111716  0.121331  
20   S         61        0.111716  0.121331  
3    S         61        0.111716  0.121331  
7    S         61        0.111716  0.121331  
---------------------------------
---------------------------------

