12--8最大流值为：38
最可靠最大流分布概率为 ： 0.0628504
状态划分算法消耗的内存为：4.94922
状态划分算法运行时间(ms) ： 82.6647
---------------------------------
流分布如下: 
---------------------------------
0   0   0   0   0   0   0   0   0   0   0   0   0   0   
0   0   0   0   0   0   0   0   0   0   0   0   0   0   
0   0   0   0   0   0   19  0   0   0   0   0   0   0   
0   0   0   0   0   0   0   19  0   0   0   0   0   0   
0   0   0   19  0   0   0   0   0   0   0   0   0   0   
0   0   0   0   0   0   0   0   0   0   0   0   0   0   
0   0   0   0   0   0   0   0   0   0   0   0   19  0   
0   0   0   0   0   0   0   0   0   0   0   0   0   0   
0   0   0   0   0   0   0   0   0   0   0   0   0   0   
0   0   0   0   0   0   0   0   0   0   0   0   0   0   
0   0   0   0   0   0   0   0   0   0   0   0   0   0   
0   0   19  0   19  0   0   0   0   0   0   0   0   0   
0   0   0   0   0   0   0   19  0   0   0   0   0   0   
0   0   0   0   0   0   0   0   0   0   0   0   0   0   
---------------------------------
关键边输出如下：
---------------------------------
11   S         19        0.238786  0.238786  
6    S         19        0.263208  0.263208  
13   S         19        0.263208  0.30461   
23   S         19        0.263208  0.30461   
19   S         28        0.0502952 0.0627893 
8    S         29        0.0667191 0.0955738 
20   S         38        0.0252411 0.0252411 
3    S         38        0.0628504 0.0628504 
14   S         38        0.0628504 0.0628504 
17   S         38        0.0628504 0.0628504 
5    S         38        0.0628504 0.0628504 
22   S         38        0.0628504 0.0628504 
25   S         38        0.0628504 0.0628504 
9    S         38        0.0628504 0.0723805 
15   S         38        0.0628504 0.0723805 
16   S         38        0.0628504 0.0723805 
10   S         38        0.0628504 0.0723805 
18   S         38        0.0628504 0.0723805 
2    S         38        0.0628504 0.0723805 
7    S         38        0.0628504 0.0723805 
21   S         38        0.0628504 0.0723805 
12   S         38        0.0628504 0.0723805 
1    S         38        0.0628504 0.0723805 
24   S         38        0.0628504 0.0723805 
4    S         38        0.0628504 0.0723805 
26   S         38        0.0628504 0.0723805 
---------------------------------
---------------------------------

12--8最大流值为：38
最可靠最大流分布概率为 ： 0.0628504
状态划分算法消耗的内存为：4.95313
状态划分算法运行时间(ms) ： 81.5693
---------------------------------
流分布如下: 
---------------------------------
0   0   0   0   0   0   0   0   0   0   0   0   0   0   
0   0   0   0   0   0   0   0   0   0   0   0   0   0   
0   0   0   0   0   0   19  0   0   0   0   0   0   0   
0   0   0   0   0   0   0   19  0   0   0   0   0   0   
0   0   0   19  0   0   0   0   0   0   0   0   0   0   
0   0   0   0   0   0   0   0   0   0   0   0   0   0   
0   0   0   0   0   0   0   0   0   0   0   0   19  0   
0   0   0   0   0   0   0   0   0   0   0   0   0   0   
0   0   0   0   0   0   0   0   0   0   0   0   0   0   
0   0   0   0   0   0   0   0   0   0   0   0   0   0   
0   0   0   0   0   0   0   0   0   0   0   0   0   0   
0   0   19  0   19  0   0   0   0   0   0   0   0   0   
0   0   0   0   0   0   0   19  0   0   0   0   0   0   
0   0   0   0   0   0   0   0   0   0   0   0   0   0   
---------------------------------
关键边输出如下：
---------------------------------
11   S         19        0.238786  0.238786  
6    S         19        0.263208  0.263208  
13   S         19        0.263208  0.30461   
23   S         19        0.263208  0.30461   
19   S         28        0.0502952 0.0627893 
8    S         29        0.0667191 0.0955738 
20   S         38        0.0252411 0.0252411 
3    S         38        0.0628504 0.0628504 
14   S         38        0.0628504 0.0628504 
17   S         38        0.0628504 0.0628504 
5    S         38        0.0628504 0.0628504 
22   S         38        0.0628504 0.0628504 
25   S         38        0.0628504 0.0628504 
9    S         38        0.0628504 0.0723805 
15   S         38        0.0628504 0.0723805 
16   S         38        0.0628504 0.0723805 
10   S         38        0.0628504 0.0723805 
18   S         38        0.0628504 0.0723805 
2    S         38        0.0628504 0.0723805 
7    S         38        0.0628504 0.0723805 
21   S         38        0.0628504 0.0723805 
12   S         38        0.0628504 0.0723805 
1    S         38        0.0628504 0.0723805 
24   S         38        0.0628504 0.0723805 
4    S         38        0.0628504 0.0723805 
26   S         38        0.0628504 0.0723805 
---------------------------------
---------------------------------

12--8最大流值为：38
最可靠最大流分布概率为 ： 0.0628504
状态划分算法消耗的内存为：4.98438
状态划分算法运行时间(ms) ： 82.4618
---------------------------------
流分布如下: 
---------------------------------
0   0   0   0   0   0   0   0   0   0   0   0   0   0   
0   0   0   0   0   0   0   0   0   0   0   0   0   0   
0   0   0   0   0   0   19  0   0   0   0   0   0   0   
0   0   0   0   0   0   0   19  0   0   0   0   0   0   
0   0   0   19  0   0   0   0   0   0   0   0   0   0   
0   0   0   0   0   0   0   0   0   0   0   0   0   0   
0   0   0   0   0   0   0   0   0   0   0   0   19  0   
0   0   0   0   0   0   0   0   0   0   0   0   0   0   
0   0   0   0   0   0   0   0   0   0   0   0   0   0   
0   0   0   0   0   0   0   0   0   0   0   0   0   0   
0   0   0   0   0   0   0   0   0   0   0   0   0   0   
0   0   19  0   19  0   0   0   0   0   0   0   0   0   
0   0   0   0   0   0   0   19  0   0   0   0   0   0   
0   0   0   0   0   0   0   0   0   0   0   0   0   0   
---------------------------------
关键边输出如下：
---------------------------------
11   S         19        0.238786  0.238786  
6    S         19        0.263208  0.263208  
13   S         19        0.263208  0.30461   
23   S         19        0.263208  0.30461   
19   S         28        0.0502952 0.0627893 
8    S         29        0.0667191 0.0955738 
20   S         38        0.0252411 0.0252411 
3    S         38        0.0628504 0.0628504 
14   S         38        0.0628504 0.0628504 
17   S         38        0.0628504 0.0628504 
5    S         38        0.0628504 0.0628504 
22   S         38        0.0628504 0.0628504 
25   S         38        0.0628504 0.0628504 
9    S         38        0.0628504 0.0723805 
15   S         38        0.0628504 0.0723805 
16   S         38        0.0628504 0.0723805 
10   S         38        0.0628504 0.0723805 
18   S         38        0.0628504 0.0723805 
2    S         38        0.0628504 0.0723805 
7    S         38        0.0628504 0.0723805 
21   S         38        0.0628504 0.0723805 
12   S         38        0.0628504 0.0723805 
1    S         38        0.0628504 0.0723805 
24   S         38        0.0628504 0.0723805 
4    S         38        0.0628504 0.0723805 
26   S         38        0.0628504 0.0723805 
---------------------------------
---------------------------------

12--8最大流值为：38
最可靠最大流分布概率为 ： 0.0628504
状态划分算法消耗的内存为：4.94531
状态划分算法运行时间(ms) ： 86.8392
---------------------------------
流分布如下: 
---------------------------------
0   0   0   0   0   0   0   0   0   0   0   0   0   0   
0   0   0   0   0   0   0   0   0   0   0   0   0   0   
0   0   0   0   0   0   19  0   0   0   0   0   0   0   
0   0   0   0   0   0   0   19  0   0   0   0   0   0   
0   0   0   19  0   0   0   0   0   0   0   0   0   0   
0   0   0   0   0   0   0   0   0   0   0   0   0   0   
0   0   0   0   0   0   0   0   0   0   0   0   19  0   
0   0   0   0   0   0   0   0   0   0   0   0   0   0   
0   0   0   0   0   0   0   0   0   0   0   0   0   0   
0   0   0   0   0   0   0   0   0   0   0   0   0   0   
0   0   0   0   0   0   0   0   0   0   0   0   0   0   
0   0   19  0   19  0   0   0   0   0   0   0   0   0   
0   0   0   0   0   0   0   19  0   0   0   0   0   0   
0   0   0   0   0   0   0   0   0   0   0   0   0   0   
---------------------------------
关键边输出如下：
---------------------------------
11   S         19        0.238786  0.238786  
6    S         19        0.263208  0.263208  
13   S         19        0.263208  0.30461   
23   S         19        0.263208  0.30461   
19   S         28        0.0502952 0.0627893 
8    S         29        0.0667191 0.0955738 
20   S         38        0.0252411 0.0252411 
3    S         38        0.0628504 0.0628504 
14   S         38        0.0628504 0.0628504 
17   S         38        0.0628504 0.0628504 
5    S         38        0.0628504 0.0628504 
22   S         38        0.0628504 0.0628504 
25   S         38        0.0628504 0.0628504 
9    S         38        0.0628504 0.0723805 
15   S         38        0.0628504 0.0723805 
16   S         38        0.0628504 0.0723805 
10   S         38        0.0628504 0.0723805 
18   S         38        0.0628504 0.0723805 
2    S         38        0.0628504 0.0723805 
7    S         38        0.0628504 0.0723805 
21   S         38        0.0628504 0.0723805 
12   S         38        0.0628504 0.0723805 
1    S         38        0.0628504 0.0723805 
24   S         38        0.0628504 0.0723805 
4    S         38        0.0628504 0.0723805 
26   S         38        0.0628504 0.0723805 
---------------------------------
---------------------------------

12--8最大流值为：38
最可靠最大流分布概率为 ： 0.0628504
状态划分算法消耗的内存为：4.94922
状态划分算法运行时间(ms) ： 82.2511
---------------------------------
流分布如下: 
---------------------------------
0   0   0   0   0   0   0   0   0   0   0   0   0   0   
0   0   0   0   0   0   0   0   0   0   0   0   0   0   
0   0   0   0   0   0   19  0   0   0   0   0   0   0   
0   0   0   0   0   0   0   19  0   0   0   0   0   0   
0   0   0   19  0   0   0   0   0   0   0   0   0   0   
0   0   0   0   0   0   0   0   0   0   0   0   0   0   
0   0   0   0   0   0   0   0   0   0   0   0   19  0   
0   0   0   0   0   0   0   0   0   0   0   0   0   0   
0   0   0   0   0   0   0   0   0   0   0   0   0   0   
0   0   0   0   0   0   0   0   0   0   0   0   0   0   
0   0   0   0   0   0   0   0   0   0   0   0   0   0   
0   0   19  0   19  0   0   0   0   0   0   0   0   0   
0   0   0   0   0   0   0   19  0   0   0   0   0   0   
0   0   0   0   0   0   0   0   0   0   0   0   0   0   
---------------------------------
关键边输出如下：
---------------------------------
11   S         19        0.238786  0.238786  
6    S         19        0.263208  0.263208  
13   S         19        0.263208  0.30461   
23   S         19        0.263208  0.30461   
19   S         28        0.0502952 0.0627893 
8    S         29        0.0667191 0.0955738 
20   S         38        0.0252411 0.0252411 
3    S         38        0.0628504 0.0628504 
14   S         38        0.0628504 0.0628504 
17   S         38        0.0628504 0.0628504 
5    S         38        0.0628504 0.0628504 
22   S         38        0.0628504 0.0628504 
25   S         38        0.0628504 0.0628504 
9    S         38        0.0628504 0.0723805 
15   S         38        0.0628504 0.0723805 
16   S         38        0.0628504 0.0723805 
10   S         38        0.0628504 0.0723805 
18   S         38        0.0628504 0.0723805 
2    S         38        0.0628504 0.0723805 
7    S         38        0.0628504 0.0723805 
21   S         38        0.0628504 0.0723805 
12   S         38        0.0628504 0.0723805 
1    S         38        0.0628504 0.0723805 
24   S         38        0.0628504 0.0723805 
4    S         38        0.0628504 0.0723805 
26   S         38        0.0628504 0.0723805 
---------------------------------
---------------------------------

12--8最大流值为：38
最可靠最大流分布概率为 ： 0.0628504
状态划分算法消耗的内存为：4.94531
状态划分算法运行时间(ms) ： 80.6812
---------------------------------
流分布如下: 
---------------------------------
0   0   0   0   0   0   0   0   0   0   0   0   0   0   
0   0   0   0   0   0   0   0   0   0   0   0   0   0   
0   0   0   0   0   0   19  0   0   0   0   0   0   0   
0   0   0   0   0   0   0   19  0   0   0   0   0   0   
0   0   0   19  0   0   0   0   0   0   0   0   0   0   
0   0   0   0   0   0   0   0   0   0   0   0   0   0   
0   0   0   0   0   0   0   0   0   0   0   0   19  0   
0   0   0   0   0   0   0   0   0   0   0   0   0   0   
0   0   0   0   0   0   0   0   0   0   0   0   0   0   
0   0   0   0   0   0   0   0   0   0   0   0   0   0   
0   0   0   0   0   0   0   0   0   0   0   0   0   0   
0   0   19  0   19  0   0   0   0   0   0   0   0   0   
0   0   0   0   0   0   0   19  0   0   0   0   0   0   
0   0   0   0   0   0   0   0   0   0   0   0   0   0   
---------------------------------
关键边输出如下：
---------------------------------
11   S         19        0.238786  0.238786  
6    S         19        0.263208  0.263208  
13   S         19        0.263208  0.30461   
23   S         19        0.263208  0.30461   
19   S         28        0.0502952 0.0627893 
8    S         29        0.0667191 0.0955738 
20   S         38        0.0252411 0.0252411 
3    S         38        0.0628504 0.0628504 
14   S         38        0.0628504 0.0628504 
17   S         38        0.0628504 0.0628504 
5    S         38        0.0628504 0.0628504 
22   S         38        0.0628504 0.0628504 
25   S         38        0.0628504 0.0628504 
9    S         38        0.0628504 0.0723805 
15   S         38        0.0628504 0.0723805 
16   S         38        0.0628504 0.0723805 
10   S         38        0.0628504 0.0723805 
18   S         38        0.0628504 0.0723805 
2    S         38        0.0628504 0.0723805 
7    S         38        0.0628504 0.0723805 
21   S         38        0.0628504 0.0723805 
12   S         38        0.0628504 0.0723805 
1    S         38        0.0628504 0.0723805 
24   S         38        0.0628504 0.0723805 
4    S         38        0.0628504 0.0723805 
26   S         38        0.0628504 0.0723805 
---------------------------------
---------------------------------

12--8最大流值为：38
最可靠最大流分布概率为 ： 0.0628504
状态划分算法消耗的内存为：4.97656
状态划分算法运行时间(ms) ： 81.4135
---------------------------------
流分布如下: 
---------------------------------
0   0   0   0   0   0   0   0   0   0   0   0   0   0   
0   0   0   0   0   0   0   0   0   0   0   0   0   0   
0   0   0   0   0   0   19  0   0   0   0   0   0   0   
0   0   0   0   0   0   0   19  0   0   0   0   0   0   
0   0   0   19  0   0   0   0   0   0   0   0   0   0   
0   0   0   0   0   0   0   0   0   0   0   0   0   0   
0   0   0   0   0   0   0   0   0   0   0   0   19  0   
0   0   0   0   0   0   0   0   0   0   0   0   0   0   
0   0   0   0   0   0   0   0   0   0   0   0   0   0   
0   0   0   0   0   0   0   0   0   0   0   0   0   0   
0   0   0   0   0   0   0   0   0   0   0   0   0   0   
0   0   19  0   19  0   0   0   0   0   0   0   0   0   
0   0   0   0   0   0   0   19  0   0   0   0   0   0   
0   0   0   0   0   0   0   0   0   0   0   0   0   0   
---------------------------------
关键边输出如下：
---------------------------------
11   S         19        0.238786  0.238786  
6    S         19        0.263208  0.263208  
13   S         19        0.263208  0.30461   
23   S         19        0.263208  0.30461   
19   S         28        0.0502952 0.0627893 
8    S         29        0.0667191 0.0955738 
20   S         38        0.0252411 0.0252411 
3    S         38        0.0628504 0.0628504 
14   S         38        0.0628504 0.0628504 
17   S         38        0.0628504 0.0628504 
5    S         38        0.0628504 0.0628504 
22   S         38        0.0628504 0.0628504 
25   S         38        0.0628504 0.0628504 
9    S         38        0.0628504 0.0723805 
15   S         38        0.0628504 0.0723805 
16   S         38        0.0628504 0.0723805 
10   S         38        0.0628504 0.0723805 
18   S         38        0.0628504 0.0723805 
2    S         38        0.0628504 0.0723805 
7    S         38        0.0628504 0.0723805 
21   S         38        0.0628504 0.0723805 
12   S         38        0.0628504 0.0723805 
1    S         38        0.0628504 0.0723805 
24   S         38        0.0628504 0.0723805 
4    S         38        0.0628504 0.0723805 
26   S         38        0.0628504 0.0723805 
---------------------------------
---------------------------------

12--8最大流值为：38
最可靠最大流分布概率为 ： 0.0628504
状态划分算法消耗的内存为：4.97266
状态划分算法运行时间(ms) ： 81.0344
---------------------------------
流分布如下: 
---------------------------------
0   0   0   0   0   0   0   0   0   0   0   0   0   0   
0   0   0   0   0   0   0   0   0   0   0   0   0   0   
0   0   0   0   0   0   19  0   0   0   0   0   0   0   
0   0   0   0   0   0   0   19  0   0   0   0   0   0   
0   0   0   19  0   0   0   0   0   0   0   0   0   0   
0   0   0   0   0   0   0   0   0   0   0   0   0   0   
0   0   0   0   0   0   0   0   0   0   0   0   19  0   
0   0   0   0   0   0   0   0   0   0   0   0   0   0   
0   0   0   0   0   0   0   0   0   0   0   0   0   0   
0   0   0   0   0   0   0   0   0   0   0   0   0   0   
0   0   0   0   0   0   0   0   0   0   0   0   0   0   
0   0   19  0   19  0   0   0   0   0   0   0   0   0   
0   0   0   0   0   0   0   19  0   0   0   0   0   0   
0   0   0   0   0   0   0   0   0   0   0   0   0   0   
---------------------------------
关键边输出如下：
---------------------------------
11   S         19        0.238786  0.238786  
6    S         19        0.263208  0.263208  
13   S         19        0.263208  0.30461   
23   S         19        0.263208  0.30461   
19   S         28        0.0502952 0.0627893 
8    S         29        0.0667191 0.0955738 
20   S         38        0.0252411 0.0252411 
3    S         38        0.0628504 0.0628504 
14   S         38        0.0628504 0.0628504 
17   S         38        0.0628504 0.0628504 
5    S         38        0.0628504 0.0628504 
22   S         38        0.0628504 0.0628504 
25   S         38        0.0628504 0.0628504 
9    S         38        0.0628504 0.0723805 
15   S         38        0.0628504 0.0723805 
16   S         38        0.0628504 0.0723805 
10   S         38        0.0628504 0.0723805 
18   S         38        0.0628504 0.0723805 
2    S         38        0.0628504 0.0723805 
7    S         38        0.0628504 0.0723805 
21   S         38        0.0628504 0.0723805 
12   S         38        0.0628504 0.0723805 
1    S         38        0.0628504 0.0723805 
24   S         38        0.0628504 0.0723805 
4    S         38        0.0628504 0.0723805 
26   S         38        0.0628504 0.0723805 
---------------------------------
---------------------------------

12--8最大流值为：38
最可靠最大流分布概率为 ： 0.0628504
状态划分算法消耗的内存为：4.96484
状态划分算法运行时间(ms) ： 80.9112
---------------------------------
流分布如下: 
---------------------------------
0   0   0   0   0   0   0   0   0   0   0   0   0   0   
0   0   0   0   0   0   0   0   0   0   0   0   0   0   
0   0   0   0   0   0   19  0   0   0   0   0   0   0   
0   0   0   0   0   0   0   19  0   0   0   0   0   0   
0   0   0   19  0   0   0   0   0   0   0   0   0   0   
0   0   0   0   0   0   0   0   0   0   0   0   0   0   
0   0   0   0   0   0   0   0   0   0   0   0   19  0   
0   0   0   0   0   0   0   0   0   0   0   0   0   0   
0   0   0   0   0   0   0   0   0   0   0   0   0   0   
0   0   0   0   0   0   0   0   0   0   0   0   0   0   
0   0   0   0   0   0   0   0   0   0   0   0   0   0   
0   0   19  0   19  0   0   0   0   0   0   0   0   0   
0   0   0   0   0   0   0   19  0   0   0   0   0   0   
0   0   0   0   0   0   0   0   0   0   0   0   0   0   
---------------------------------
关键边输出如下：
---------------------------------
11   S         19        0.238786  0.238786  
6    S         19        0.263208  0.263208  
13   S         19        0.263208  0.30461   
23   S         19        0.263208  0.30461   
19   S         28        0.0502952 0.0627893 
8    S         29        0.0667191 0.0955738 
20   S         38        0.0252411 0.0252411 
3    S         38        0.0628504 0.0628504 
14   S         38        0.0628504 0.0628504 
17   S         38        0.0628504 0.0628504 
5    S         38        0.0628504 0.0628504 
22   S         38        0.0628504 0.0628504 
25   S         38        0.0628504 0.0628504 
9    S         38        0.0628504 0.0723805 
15   S         38        0.0628504 0.0723805 
16   S         38        0.0628504 0.0723805 
10   S         38        0.0628504 0.0723805 
18   S         38        0.0628504 0.0723805 
2    S         38        0.0628504 0.0723805 
7    S         38        0.0628504 0.0723805 
21   S         38        0.0628504 0.0723805 
12   S         38        0.0628504 0.0723805 
1    S         38        0.0628504 0.0723805 
24   S         38        0.0628504 0.0723805 
4    S         38        0.0628504 0.0723805 
26   S         38        0.0628504 0.0723805 
---------------------------------
---------------------------------

12--8最大流值为：38
最可靠最大流分布概率为 ： 0.0628504
状态划分算法消耗的内存为：4.95703
状态划分算法运行时间(ms) ： 80.9191
---------------------------------
流分布如下: 
---------------------------------
0   0   0   0   0   0   0   0   0   0   0   0   0   0   
0   0   0   0   0   0   0   0   0   0   0   0   0   0   
0   0   0   0   0   0   19  0   0   0   0   0   0   0   
0   0   0   0   0   0   0   19  0   0   0   0   0   0   
0   0   0   19  0   0   0   0   0   0   0   0   0   0   
0   0   0   0   0   0   0   0   0   0   0   0   0   0   
0   0   0   0   0   0   0   0   0   0   0   0   19  0   
0   0   0   0   0   0   0   0   0   0   0   0   0   0   
0   0   0   0   0   0   0   0   0   0   0   0   0   0   
0   0   0   0   0   0   0   0   0   0   0   0   0   0   
0   0   0   0   0   0   0   0   0   0   0   0   0   0   
0   0   19  0   19  0   0   0   0   0   0   0   0   0   
0   0   0   0   0   0   0   19  0   0   0   0   0   0   
0   0   0   0   0   0   0   0   0   0   0   0   0   0   
---------------------------------
关键边输出如下：
---------------------------------
11   S         19        0.238786  0.238786  
6    S         19        0.263208  0.263208  
13   S         19        0.263208  0.30461   
23   S         19        0.263208  0.30461   
19   S         28        0.0502952 0.0627893 
8    S         29        0.0667191 0.0955738 
20   S         38        0.0252411 0.0252411 
3    S         38        0.0628504 0.0628504 
14   S         38        0.0628504 0.0628504 
17   S         38        0.0628504 0.0628504 
5    S         38        0.0628504 0.0628504 
22   S         38        0.0628504 0.0628504 
25   S         38        0.0628504 0.0628504 
9    S         38        0.0628504 0.0723805 
15   S         38        0.0628504 0.0723805 
16   S         38        0.0628504 0.0723805 
10   S         38        0.0628504 0.0723805 
18   S         38        0.0628504 0.0723805 
2    S         38        0.0628504 0.0723805 
7    S         38        0.0628504 0.0723805 
21   S         38        0.0628504 0.0723805 
12   S         38        0.0628504 0.0723805 
1    S         38        0.0628504 0.0723805 
24   S         38        0.0628504 0.0723805 
4    S         38        0.0628504 0.0723805 
26   S         38        0.0628504 0.0723805 
---------------------------------
---------------------------------

