7--3最大流值为：32
最可靠最大流分布概率为 ： 0.0355738
状态划分算法消耗的内存为：4.94922
状态划分算法运行时间(ms) ： 196.333
---------------------------------
流分布如下: 
---------------------------------
0   0   0   0   0   0   0   0   0   0   0   0   0   0   
0   0   0   0   0   0   0   0   9   0   0   0   0   0   
0   0   0   0   0   0   0   0   0   0   0   0   0   0   
0   0   0   0   0   0   0   0   0   0   0   0   0   0   
0   0   0   0   0   0   0   0   0   0   0   0   0   0   
0   0   0   0   0   0   0   0   0   0   0   0   0   0   
0   0   0   0   0   0   0   0   0   0   4   0   19  9   
0   0   0   0   0   0   0   0   0   0   0   0   0   0   
0   0   9   0   0   0   0   0   0   0   0   0   0   0   
0   0   0   0   0   0   0   0   0   0   0   0   0   0   
0   0   4   0   0   0   0   0   0   0   0   0   0   0   
0   0   19  0   0   0   0   0   0   0   0   0   0   0   
0   0   0   0   0   0   0   0   0   0   0   19  0   0   
0   9   0   0   0   0   0   0   0   0   0   0   0   0   
---------------------------------
关键边输出如下：
---------------------------------
13   S         13        0.134388  0.259978  
24   S         13        0.134388  0.259978  
19   S         13        0.134388  0.330378  
14   S         23        0.143942  0.143942  
16   S         23        0.143942  0.16661   
18   S         28        0.0654206 0.107385  
25   S         32        0.0293028 0.0402621 
4    S         32        0.0310144 0.0400472 
12   S         32        0.0310144 0.0413117 
11   S         32        0.0355738 0.0424984 
3    S         32        0.0355738 0.0424984 
9    S         32        0.0355738 0.0490631 
7    S         32        0.0355738 0.0583927 
2    S         32        0.0355738 0.0583927 
17   S         32        0.0355738 0.0593044 
26   S         32        0.0355738 0.0593044 
10   S         32        0.0355738 0.0688187 
8    S         32        0.0355738 0.0688187 
5    S         32        0.0355738 0.0688187 
20   S         32        0.0355738 0.0688187 
21   S         32        0.0355738 0.0688187 
22   S         32        0.0355738 0.0688187 
23   S         32        0.0355738 0.0688187 
6    S         32        0.0355738 0.0688187 
15   S         32        0.0355738 0.0688187 
1    S         32        0.0355738 0.0688187 
---------------------------------
---------------------------------

7--3最大流值为：32
最可靠最大流分布概率为 ： 0.0355738
状态划分算法消耗的内存为：4.89063
状态划分算法运行时间(ms) ： 197.947
---------------------------------
流分布如下: 
---------------------------------
0   0   0   0   0   0   0   0   0   0   0   0   0   0   
0   0   0   0   0   0   0   0   9   0   0   0   0   0   
0   0   0   0   0   0   0   0   0   0   0   0   0   0   
0   0   0   0   0   0   0   0   0   0   0   0   0   0   
0   0   0   0   0   0   0   0   0   0   0   0   0   0   
0   0   0   0   0   0   0   0   0   0   0   0   0   0   
0   0   0   0   0   0   0   0   0   0   4   0   19  9   
0   0   0   0   0   0   0   0   0   0   0   0   0   0   
0   0   9   0   0   0   0   0   0   0   0   0   0   0   
0   0   0   0   0   0   0   0   0   0   0   0   0   0   
0   0   4   0   0   0   0   0   0   0   0   0   0   0   
0   0   19  0   0   0   0   0   0   0   0   0   0   0   
0   0   0   0   0   0   0   0   0   0   0   19  0   0   
0   9   0   0   0   0   0   0   0   0   0   0   0   0   
---------------------------------
关键边输出如下：
---------------------------------
13   S         13        0.134388  0.259978  
24   S         13        0.134388  0.259978  
19   S         13        0.134388  0.330378  
14   S         23        0.143942  0.143942  
16   S         23        0.143942  0.16661   
18   S         28        0.0654206 0.107385  
25   S         32        0.0293028 0.0402621 
4    S         32        0.0310144 0.0400472 
12   S         32        0.0310144 0.0413117 
11   S         32        0.0355738 0.0424984 
3    S         32        0.0355738 0.0424984 
9    S         32        0.0355738 0.0490631 
7    S         32        0.0355738 0.0583927 
2    S         32        0.0355738 0.0583927 
17   S         32        0.0355738 0.0593044 
26   S         32        0.0355738 0.0593044 
10   S         32        0.0355738 0.0688187 
8    S         32        0.0355738 0.0688187 
5    S         32        0.0355738 0.0688187 
20   S         32        0.0355738 0.0688187 
21   S         32        0.0355738 0.0688187 
22   S         32        0.0355738 0.0688187 
23   S         32        0.0355738 0.0688187 
6    S         32        0.0355738 0.0688187 
15   S         32        0.0355738 0.0688187 
1    S         32        0.0355738 0.0688187 
---------------------------------
---------------------------------

7--3最大流值为：32
最可靠最大流分布概率为 ： 0.0355738
状态划分算法消耗的内存为：4.875
状态划分算法运行时间(ms) ： 198.12
---------------------------------
流分布如下: 
---------------------------------
0   0   0   0   0   0   0   0   0   0   0   0   0   0   
0   0   0   0   0   0   0   0   9   0   0   0   0   0   
0   0   0   0   0   0   0   0   0   0   0   0   0   0   
0   0   0   0   0   0   0   0   0   0   0   0   0   0   
0   0   0   0   0   0   0   0   0   0   0   0   0   0   
0   0   0   0   0   0   0   0   0   0   0   0   0   0   
0   0   0   0   0   0   0   0   0   0   4   0   19  9   
0   0   0   0   0   0   0   0   0   0   0   0   0   0   
0   0   9   0   0   0   0   0   0   0   0   0   0   0   
0   0   0   0   0   0   0   0   0   0   0   0   0   0   
0   0   4   0   0   0   0   0   0   0   0   0   0   0   
0   0   19  0   0   0   0   0   0   0   0   0   0   0   
0   0   0   0   0   0   0   0   0   0   0   19  0   0   
0   9   0   0   0   0   0   0   0   0   0   0   0   0   
---------------------------------
关键边输出如下：
---------------------------------
13   S         13        0.134388  0.259978  
24   S         13        0.134388  0.259978  
19   S         13        0.134388  0.330378  
14   S         23        0.143942  0.143942  
16   S         23        0.143942  0.16661   
18   S         28        0.0654206 0.107385  
25   S         32        0.0293028 0.0402621 
4    S         32        0.0310144 0.0400472 
12   S         32        0.0310144 0.0413117 
11   S         32        0.0355738 0.0424984 
3    S         32        0.0355738 0.0424984 
9    S         32        0.0355738 0.0490631 
7    S         32        0.0355738 0.0583927 
2    S         32        0.0355738 0.0583927 
17   S         32        0.0355738 0.0593044 
26   S         32        0.0355738 0.0593044 
10   S         32        0.0355738 0.0688187 
8    S         32        0.0355738 0.0688187 
5    S         32        0.0355738 0.0688187 
20   S         32        0.0355738 0.0688187 
21   S         32        0.0355738 0.0688187 
22   S         32        0.0355738 0.0688187 
23   S         32        0.0355738 0.0688187 
6    S         32        0.0355738 0.0688187 
15   S         32        0.0355738 0.0688187 
1    S         32        0.0355738 0.0688187 
---------------------------------
---------------------------------

7--3最大流值为：32
最可靠最大流分布概率为 ： 0.0355738
状态划分算法消耗的内存为：4.98438
状态划分算法运行时间(ms) ： 196.444
---------------------------------
流分布如下: 
---------------------------------
0   0   0   0   0   0   0   0   0   0   0   0   0   0   
0   0   0   0   0   0   0   0   9   0   0   0   0   0   
0   0   0   0   0   0   0   0   0   0   0   0   0   0   
0   0   0   0   0   0   0   0   0   0   0   0   0   0   
0   0   0   0   0   0   0   0   0   0   0   0   0   0   
0   0   0   0   0   0   0   0   0   0   0   0   0   0   
0   0   0   0   0   0   0   0   0   0   4   0   19  9   
0   0   0   0   0   0   0   0   0   0   0   0   0   0   
0   0   9   0   0   0   0   0   0   0   0   0   0   0   
0   0   0   0   0   0   0   0   0   0   0   0   0   0   
0   0   4   0   0   0   0   0   0   0   0   0   0   0   
0   0   19  0   0   0   0   0   0   0   0   0   0   0   
0   0   0   0   0   0   0   0   0   0   0   19  0   0   
0   9   0   0   0   0   0   0   0   0   0   0   0   0   
---------------------------------
关键边输出如下：
---------------------------------
13   S         13        0.134388  0.259978  
24   S         13        0.134388  0.259978  
19   S         13        0.134388  0.330378  
14   S         23        0.143942  0.143942  
16   S         23        0.143942  0.16661   
18   S         28        0.0654206 0.107385  
25   S         32        0.0293028 0.0402621 
4    S         32        0.0310144 0.0400472 
12   S         32        0.0310144 0.0413117 
11   S         32        0.0355738 0.0424984 
3    S         32        0.0355738 0.0424984 
9    S         32        0.0355738 0.0490631 
7    S         32        0.0355738 0.0583927 
2    S         32        0.0355738 0.0583927 
17   S         32        0.0355738 0.0593044 
26   S         32        0.0355738 0.0593044 
10   S         32        0.0355738 0.0688187 
8    S         32        0.0355738 0.0688187 
5    S         32        0.0355738 0.0688187 
20   S         32        0.0355738 0.0688187 
21   S         32        0.0355738 0.0688187 
22   S         32        0.0355738 0.0688187 
23   S         32        0.0355738 0.0688187 
6    S         32        0.0355738 0.0688187 
15   S         32        0.0355738 0.0688187 
1    S         32        0.0355738 0.0688187 
---------------------------------
---------------------------------

7--3最大流值为：32
最可靠最大流分布概率为 ： 0.0355738
状态划分算法消耗的内存为：4.98047
状态划分算法运行时间(ms) ： 196.862
---------------------------------
流分布如下: 
---------------------------------
0   0   0   0   0   0   0   0   0   0   0   0   0   0   
0   0   0   0   0   0   0   0   9   0   0   0   0   0   
0   0   0   0   0   0   0   0   0   0   0   0   0   0   
0   0   0   0   0   0   0   0   0   0   0   0   0   0   
0   0   0   0   0   0   0   0   0   0   0   0   0   0   
0   0   0   0   0   0   0   0   0   0   0   0   0   0   
0   0   0   0   0   0   0   0   0   0   4   0   19  9   
0   0   0   0   0   0   0   0   0   0   0   0   0   0   
0   0   9   0   0   0   0   0   0   0   0   0   0   0   
0   0   0   0   0   0   0   0   0   0   0   0   0   0   
0   0   4   0   0   0   0   0   0   0   0   0   0   0   
0   0   19  0   0   0   0   0   0   0   0   0   0   0   
0   0   0   0   0   0   0   0   0   0   0   19  0   0   
0   9   0   0   0   0   0   0   0   0   0   0   0   0   
---------------------------------
关键边输出如下：
---------------------------------
13   S         13        0.134388  0.259978  
24   S         13        0.134388  0.259978  
19   S         13        0.134388  0.330378  
14   S         23        0.143942  0.143942  
16   S         23        0.143942  0.16661   
18   S         28        0.0654206 0.107385  
25   S         32        0.0293028 0.0402621 
4    S         32        0.0310144 0.0400472 
12   S         32        0.0310144 0.0413117 
11   S         32        0.0355738 0.0424984 
3    S         32        0.0355738 0.0424984 
9    S         32        0.0355738 0.0490631 
7    S         32        0.0355738 0.0583927 
2    S         32        0.0355738 0.0583927 
17   S         32        0.0355738 0.0593044 
26   S         32        0.0355738 0.0593044 
10   S         32        0.0355738 0.0688187 
8    S         32        0.0355738 0.0688187 
5    S         32        0.0355738 0.0688187 
20   S         32        0.0355738 0.0688187 
21   S         32        0.0355738 0.0688187 
22   S         32        0.0355738 0.0688187 
23   S         32        0.0355738 0.0688187 
6    S         32        0.0355738 0.0688187 
15   S         32        0.0355738 0.0688187 
1    S         32        0.0355738 0.0688187 
---------------------------------
---------------------------------

7--3最大流值为：32
最可靠最大流分布概率为 ： 0.0355738
状态划分算法消耗的内存为：4.89844
状态划分算法运行时间(ms) ： 197.363
---------------------------------
流分布如下: 
---------------------------------
0   0   0   0   0   0   0   0   0   0   0   0   0   0   
0   0   0   0   0   0   0   0   9   0   0   0   0   0   
0   0   0   0   0   0   0   0   0   0   0   0   0   0   
0   0   0   0   0   0   0   0   0   0   0   0   0   0   
0   0   0   0   0   0   0   0   0   0   0   0   0   0   
0   0   0   0   0   0   0   0   0   0   0   0   0   0   
0   0   0   0   0   0   0   0   0   0   4   0   19  9   
0   0   0   0   0   0   0   0   0   0   0   0   0   0   
0   0   9   0   0   0   0   0   0   0   0   0   0   0   
0   0   0   0   0   0   0   0   0   0   0   0   0   0   
0   0   4   0   0   0   0   0   0   0   0   0   0   0   
0   0   19  0   0   0   0   0   0   0   0   0   0   0   
0   0   0   0   0   0   0   0   0   0   0   19  0   0   
0   9   0   0   0   0   0   0   0   0   0   0   0   0   
---------------------------------
关键边输出如下：
---------------------------------
13   S         13        0.134388  0.259978  
24   S         13        0.134388  0.259978  
19   S         13        0.134388  0.330378  
14   S         23        0.143942  0.143942  
16   S         23        0.143942  0.16661   
18   S         28        0.0654206 0.107385  
25   S         32        0.0293028 0.0402621 
4    S         32        0.0310144 0.0400472 
12   S         32        0.0310144 0.0413117 
11   S         32        0.0355738 0.0424984 
3    S         32        0.0355738 0.0424984 
9    S         32        0.0355738 0.0490631 
7    S         32        0.0355738 0.0583927 
2    S         32        0.0355738 0.0583927 
17   S         32        0.0355738 0.0593044 
26   S         32        0.0355738 0.0593044 
10   S         32        0.0355738 0.0688187 
8    S         32        0.0355738 0.0688187 
5    S         32        0.0355738 0.0688187 
20   S         32        0.0355738 0.0688187 
21   S         32        0.0355738 0.0688187 
22   S         32        0.0355738 0.0688187 
23   S         32        0.0355738 0.0688187 
6    S         32        0.0355738 0.0688187 
15   S         32        0.0355738 0.0688187 
1    S         32        0.0355738 0.0688187 
---------------------------------
---------------------------------

7--3最大流值为：32
最可靠最大流分布概率为 ： 0.0355738
状态划分算法消耗的内存为：4.95313
状态划分算法运行时间(ms) ： 196.932
---------------------------------
流分布如下: 
---------------------------------
0   0   0   0   0   0   0   0   0   0   0   0   0   0   
0   0   0   0   0   0   0   0   9   0   0   0   0   0   
0   0   0   0   0   0   0   0   0   0   0   0   0   0   
0   0   0   0   0   0   0   0   0   0   0   0   0   0   
0   0   0   0   0   0   0   0   0   0   0   0   0   0   
0   0   0   0   0   0   0   0   0   0   0   0   0   0   
0   0   0   0   0   0   0   0   0   0   4   0   19  9   
0   0   0   0   0   0   0   0   0   0   0   0   0   0   
0   0   9   0   0   0   0   0   0   0   0   0   0   0   
0   0   0   0   0   0   0   0   0   0   0   0   0   0   
0   0   4   0   0   0   0   0   0   0   0   0   0   0   
0   0   19  0   0   0   0   0   0   0   0   0   0   0   
0   0   0   0   0   0   0   0   0   0   0   19  0   0   
0   9   0   0   0   0   0   0   0   0   0   0   0   0   
---------------------------------
关键边输出如下：
---------------------------------
13   S         13        0.134388  0.259978  
24   S         13        0.134388  0.259978  
19   S         13        0.134388  0.330378  
14   S         23        0.143942  0.143942  
16   S         23        0.143942  0.16661   
18   S         28        0.0654206 0.107385  
25   S         32        0.0293028 0.0402621 
4    S         32        0.0310144 0.0400472 
12   S         32        0.0310144 0.0413117 
11   S         32        0.0355738 0.0424984 
3    S         32        0.0355738 0.0424984 
9    S         32        0.0355738 0.0490631 
7    S         32        0.0355738 0.0583927 
2    S         32        0.0355738 0.0583927 
17   S         32        0.0355738 0.0593044 
26   S         32        0.0355738 0.0593044 
10   S         32        0.0355738 0.0688187 
8    S         32        0.0355738 0.0688187 
5    S         32        0.0355738 0.0688187 
20   S         32        0.0355738 0.0688187 
21   S         32        0.0355738 0.0688187 
22   S         32        0.0355738 0.0688187 
23   S         32        0.0355738 0.0688187 
6    S         32        0.0355738 0.0688187 
15   S         32        0.0355738 0.0688187 
1    S         32        0.0355738 0.0688187 
---------------------------------
---------------------------------

7--3最大流值为：32
最可靠最大流分布概率为 ： 0.0355738
状态划分算法消耗的内存为：4.98047
状态划分算法运行时间(ms) ： 197.533
---------------------------------
流分布如下: 
---------------------------------
0   0   0   0   0   0   0   0   0   0   0   0   0   0   
0   0   0   0   0   0   0   0   9   0   0   0   0   0   
0   0   0   0   0   0   0   0   0   0   0   0   0   0   
0   0   0   0   0   0   0   0   0   0   0   0   0   0   
0   0   0   0   0   0   0   0   0   0   0   0   0   0   
0   0   0   0   0   0   0   0   0   0   0   0   0   0   
0   0   0   0   0   0   0   0   0   0   4   0   19  9   
0   0   0   0   0   0   0   0   0   0   0   0   0   0   
0   0   9   0   0   0   0   0   0   0   0   0   0   0   
0   0   0   0   0   0   0   0   0   0   0   0   0   0   
0   0   4   0   0   0   0   0   0   0   0   0   0   0   
0   0   19  0   0   0   0   0   0   0   0   0   0   0   
0   0   0   0   0   0   0   0   0   0   0   19  0   0   
0   9   0   0   0   0   0   0   0   0   0   0   0   0   
---------------------------------
关键边输出如下：
---------------------------------
13   S         13        0.134388  0.259978  
24   S         13        0.134388  0.259978  
19   S         13        0.134388  0.330378  
14   S         23        0.143942  0.143942  
16   S         23        0.143942  0.16661   
18   S         28        0.0654206 0.107385  
25   S         32        0.0293028 0.0402621 
4    S         32        0.0310144 0.0400472 
12   S         32        0.0310144 0.0413117 
11   S         32        0.0355738 0.0424984 
3    S         32        0.0355738 0.0424984 
9    S         32        0.0355738 0.0490631 
7    S         32        0.0355738 0.0583927 
2    S         32        0.0355738 0.0583927 
17   S         32        0.0355738 0.0593044 
26   S         32        0.0355738 0.0593044 
10   S         32        0.0355738 0.0688187 
8    S         32        0.0355738 0.0688187 
5    S         32        0.0355738 0.0688187 
20   S         32        0.0355738 0.0688187 
21   S         32        0.0355738 0.0688187 
22   S         32        0.0355738 0.0688187 
23   S         32        0.0355738 0.0688187 
6    S         32        0.0355738 0.0688187 
15   S         32        0.0355738 0.0688187 
1    S         32        0.0355738 0.0688187 
---------------------------------
---------------------------------

7--3最大流值为：32
最可靠最大流分布概率为 ： 0.0355738
状态划分算法消耗的内存为：4.98047
状态划分算法运行时间(ms) ： 199.492
---------------------------------
流分布如下: 
---------------------------------
0   0   0   0   0   0   0   0   0   0   0   0   0   0   
0   0   0   0   0   0   0   0   9   0   0   0   0   0   
0   0   0   0   0   0   0   0   0   0   0   0   0   0   
0   0   0   0   0   0   0   0   0   0   0   0   0   0   
0   0   0   0   0   0   0   0   0   0   0   0   0   0   
0   0   0   0   0   0   0   0   0   0   0   0   0   0   
0   0   0   0   0   0   0   0   0   0   4   0   19  9   
0   0   0   0   0   0   0   0   0   0   0   0   0   0   
0   0   9   0   0   0   0   0   0   0   0   0   0   0   
0   0   0   0   0   0   0   0   0   0   0   0   0   0   
0   0   4   0   0   0   0   0   0   0   0   0   0   0   
0   0   19  0   0   0   0   0   0   0   0   0   0   0   
0   0   0   0   0   0   0   0   0   0   0   19  0   0   
0   9   0   0   0   0   0   0   0   0   0   0   0   0   
---------------------------------
关键边输出如下：
---------------------------------
13   S         13        0.134388  0.259978  
24   S         13        0.134388  0.259978  
19   S         13        0.134388  0.330378  
14   S         23        0.143942  0.143942  
16   S         23        0.143942  0.16661   
18   S         28        0.0654206 0.107385  
25   S         32        0.0293028 0.0402621 
4    S         32        0.0310144 0.0400472 
12   S         32        0.0310144 0.0413117 
11   S         32        0.0355738 0.0424984 
3    S         32        0.0355738 0.0424984 
9    S         32        0.0355738 0.0490631 
7    S         32        0.0355738 0.0583927 
2    S         32        0.0355738 0.0583927 
17   S         32        0.0355738 0.0593044 
26   S         32        0.0355738 0.0593044 
10   S         32        0.0355738 0.0688187 
8    S         32        0.0355738 0.0688187 
5    S         32        0.0355738 0.0688187 
20   S         32        0.0355738 0.0688187 
21   S         32        0.0355738 0.0688187 
22   S         32        0.0355738 0.0688187 
23   S         32        0.0355738 0.0688187 
6    S         32        0.0355738 0.0688187 
15   S         32        0.0355738 0.0688187 
1    S         32        0.0355738 0.0688187 
---------------------------------
---------------------------------

7--3最大流值为：32
最可靠最大流分布概率为 ： 0.0355738
状态划分算法消耗的内存为：4.97656
状态划分算法运行时间(ms) ： 198.847
---------------------------------
流分布如下: 
---------------------------------
0   0   0   0   0   0   0   0   0   0   0   0   0   0   
0   0   0   0   0   0   0   0   9   0   0   0   0   0   
0   0   0   0   0   0   0   0   0   0   0   0   0   0   
0   0   0   0   0   0   0   0   0   0   0   0   0   0   
0   0   0   0   0   0   0   0   0   0   0   0   0   0   
0   0   0   0   0   0   0   0   0   0   0   0   0   0   
0   0   0   0   0   0   0   0   0   0   4   0   19  9   
0   0   0   0   0   0   0   0   0   0   0   0   0   0   
0   0   9   0   0   0   0   0   0   0   0   0   0   0   
0   0   0   0   0   0   0   0   0   0   0   0   0   0   
0   0   4   0   0   0   0   0   0   0   0   0   0   0   
0   0   19  0   0   0   0   0   0   0   0   0   0   0   
0   0   0   0   0   0   0   0   0   0   0   19  0   0   
0   9   0   0   0   0   0   0   0   0   0   0   0   0   
---------------------------------
关键边输出如下：
---------------------------------
13   S         13        0.134388  0.259978  
24   S         13        0.134388  0.259978  
19   S         13        0.134388  0.330378  
14   S         23        0.143942  0.143942  
16   S         23        0.143942  0.16661   
18   S         28        0.0654206 0.107385  
25   S         32        0.0293028 0.0402621 
4    S         32        0.0310144 0.0400472 
12   S         32        0.0310144 0.0413117 
11   S         32        0.0355738 0.0424984 
3    S         32        0.0355738 0.0424984 
9    S         32        0.0355738 0.0490631 
7    S         32        0.0355738 0.0583927 
2    S         32        0.0355738 0.0583927 
17   S         32        0.0355738 0.0593044 
26   S         32        0.0355738 0.0593044 
10   S         32        0.0355738 0.0688187 
8    S         32        0.0355738 0.0688187 
5    S         32        0.0355738 0.0688187 
20   S         32        0.0355738 0.0688187 
21   S         32        0.0355738 0.0688187 
22   S         32        0.0355738 0.0688187 
23   S         32        0.0355738 0.0688187 
6    S         32        0.0355738 0.0688187 
15   S         32        0.0355738 0.0688187 
1    S         32        0.0355738 0.0688187 
---------------------------------
---------------------------------

