12--10最大流值为：81
最可靠最大流分布概率为 ： 0.023357
状态划分算法消耗的内存为：4.95703
状态划分算法运行时间(ms) ： 90.5595
---------------------------------
流分布如下: 
---------------------------------
0   0   0   0   0   0   0   0   0   0   0   0   0   0   
0   0   0   0   0   0   0   0   0   0   0   0   0   0   
0   0   0   0   0   0   24  0   0   0   0   0   0   0   
0   0   0   0   0   0   0   0   0   19  0   0   0   0   
0   0   0   19  0   0   0   0   0   0   0   0   0   0   
0   0   0   0   0   0   0   0   0   0   0   0   0   0   
0   0   0   0   0   0   0   0   0   0   0   0   1   23  
0   0   0   0   0   0   0   0   0   1   0   0   0   0   
0   0   0   0   0   0   0   0   0   0   0   0   0   0   
0   0   0   0   0   0   0   0   0   0   0   0   0   0   
0   0   0   0   0   0   0   0   0   0   0   0   0   0   
0   0   24  0   19  0   0   0   0   38  0   0   0   0   
0   0   0   0   0   0   0   1   0   0   0   0   0   0   
0   0   0   0   0   0   0   0   0   23  0   0   0   0   
---------------------------------
关键边输出如下：
---------------------------------
22   S         43        0.0329065 0.0329065 
6    S         57        0.224997  0.224997  
14   S         58        0.0396284 0.0553475 
26   S         58        0.0396284 0.0638271 
11   S         62        0.0736843 0.0736843 
10   S         62        0.0736843 0.0943009 
19   S         66        0.0373935 0.0373935 
20   S         71        0.0283117 0.0283117 
13   S         80        0.0467281 0.0467281 
23   S         80        0.0467281 0.0467281 
15   S         80        0.0467281 0.0467281 
12   S         81        0.023357  0.023357  
4    S         81        0.023357  0.023357  
5    S         81        0.023357  0.023357  
1    S         81        0.023357  0.023357  
16   S         81        0.023357  0.023357  
17   S         81        0.023357  0.023357  
18   S         81        0.023357  0.023357  
7    S         81        0.023357  0.023357  
8    S         81        0.023357  0.023357  
21   S         81        0.023357  0.023357  
9    S         81        0.023357  0.023357  
2    S         81        0.023357  0.023357  
24   S         81        0.023357  0.023357  
25   S         81        0.023357  0.023357  
3    S         81        0.023357  0.023357  
---------------------------------
---------------------------------

12--10最大流值为：81
最可靠最大流分布概率为 ： 0.023357
状态划分算法消耗的内存为：4.86719
状态划分算法运行时间(ms) ： 89.919
---------------------------------
流分布如下: 
---------------------------------
0   0   0   0   0   0   0   0   0   0   0   0   0   0   
0   0   0   0   0   0   0   0   0   0   0   0   0   0   
0   0   0   0   0   0   24  0   0   0   0   0   0   0   
0   0   0   0   0   0   0   0   0   19  0   0   0   0   
0   0   0   19  0   0   0   0   0   0   0   0   0   0   
0   0   0   0   0   0   0   0   0   0   0   0   0   0   
0   0   0   0   0   0   0   0   0   0   0   0   1   23  
0   0   0   0   0   0   0   0   0   1   0   0   0   0   
0   0   0   0   0   0   0   0   0   0   0   0   0   0   
0   0   0   0   0   0   0   0   0   0   0   0   0   0   
0   0   0   0   0   0   0   0   0   0   0   0   0   0   
0   0   24  0   19  0   0   0   0   38  0   0   0   0   
0   0   0   0   0   0   0   1   0   0   0   0   0   0   
0   0   0   0   0   0   0   0   0   23  0   0   0   0   
---------------------------------
关键边输出如下：
---------------------------------
22   S         43        0.0329065 0.0329065 
6    S         57        0.224997  0.224997  
14   S         58        0.0396284 0.0553475 
26   S         58        0.0396284 0.0638271 
11   S         62        0.0736843 0.0736843 
10   S         62        0.0736843 0.0943009 
19   S         66        0.0373935 0.0373935 
20   S         71        0.0283117 0.0283117 
13   S         80        0.0467281 0.0467281 
23   S         80        0.0467281 0.0467281 
15   S         80        0.0467281 0.0467281 
12   S         81        0.023357  0.023357  
4    S         81        0.023357  0.023357  
5    S         81        0.023357  0.023357  
1    S         81        0.023357  0.023357  
16   S         81        0.023357  0.023357  
17   S         81        0.023357  0.023357  
18   S         81        0.023357  0.023357  
7    S         81        0.023357  0.023357  
8    S         81        0.023357  0.023357  
21   S         81        0.023357  0.023357  
9    S         81        0.023357  0.023357  
2    S         81        0.023357  0.023357  
24   S         81        0.023357  0.023357  
25   S         81        0.023357  0.023357  
3    S         81        0.023357  0.023357  
---------------------------------
---------------------------------

12--10最大流值为：81
最可靠最大流分布概率为 ： 0.023357
状态划分算法消耗的内存为：4.87891
状态划分算法运行时间(ms) ： 91.5785
---------------------------------
流分布如下: 
---------------------------------
0   0   0   0   0   0   0   0   0   0   0   0   0   0   
0   0   0   0   0   0   0   0   0   0   0   0   0   0   
0   0   0   0   0   0   24  0   0   0   0   0   0   0   
0   0   0   0   0   0   0   0   0   19  0   0   0   0   
0   0   0   19  0   0   0   0   0   0   0   0   0   0   
0   0   0   0   0   0   0   0   0   0   0   0   0   0   
0   0   0   0   0   0   0   0   0   0   0   0   1   23  
0   0   0   0   0   0   0   0   0   1   0   0   0   0   
0   0   0   0   0   0   0   0   0   0   0   0   0   0   
0   0   0   0   0   0   0   0   0   0   0   0   0   0   
0   0   0   0   0   0   0   0   0   0   0   0   0   0   
0   0   24  0   19  0   0   0   0   38  0   0   0   0   
0   0   0   0   0   0   0   1   0   0   0   0   0   0   
0   0   0   0   0   0   0   0   0   23  0   0   0   0   
---------------------------------
关键边输出如下：
---------------------------------
22   S         43        0.0329065 0.0329065 
6    S         57        0.224997  0.224997  
14   S         58        0.0396284 0.0553475 
26   S         58        0.0396284 0.0638271 
11   S         62        0.0736843 0.0736843 
10   S         62        0.0736843 0.0943009 
19   S         66        0.0373935 0.0373935 
20   S         71        0.0283117 0.0283117 
13   S         80        0.0467281 0.0467281 
23   S         80        0.0467281 0.0467281 
15   S         80        0.0467281 0.0467281 
12   S         81        0.023357  0.023357  
4    S         81        0.023357  0.023357  
5    S         81        0.023357  0.023357  
1    S         81        0.023357  0.023357  
16   S         81        0.023357  0.023357  
17   S         81        0.023357  0.023357  
18   S         81        0.023357  0.023357  
7    S         81        0.023357  0.023357  
8    S         81        0.023357  0.023357  
21   S         81        0.023357  0.023357  
9    S         81        0.023357  0.023357  
2    S         81        0.023357  0.023357  
24   S         81        0.023357  0.023357  
25   S         81        0.023357  0.023357  
3    S         81        0.023357  0.023357  
---------------------------------
---------------------------------

12--10最大流值为：81
最可靠最大流分布概率为 ： 0.023357
状态划分算法消耗的内存为：4.87109
状态划分算法运行时间(ms) ： 89.8694
---------------------------------
流分布如下: 
---------------------------------
0   0   0   0   0   0   0   0   0   0   0   0   0   0   
0   0   0   0   0   0   0   0   0   0   0   0   0   0   
0   0   0   0   0   0   24  0   0   0   0   0   0   0   
0   0   0   0   0   0   0   0   0   19  0   0   0   0   
0   0   0   19  0   0   0   0   0   0   0   0   0   0   
0   0   0   0   0   0   0   0   0   0   0   0   0   0   
0   0   0   0   0   0   0   0   0   0   0   0   1   23  
0   0   0   0   0   0   0   0   0   1   0   0   0   0   
0   0   0   0   0   0   0   0   0   0   0   0   0   0   
0   0   0   0   0   0   0   0   0   0   0   0   0   0   
0   0   0   0   0   0   0   0   0   0   0   0   0   0   
0   0   24  0   19  0   0   0   0   38  0   0   0   0   
0   0   0   0   0   0   0   1   0   0   0   0   0   0   
0   0   0   0   0   0   0   0   0   23  0   0   0   0   
---------------------------------
关键边输出如下：
---------------------------------
22   S         43        0.0329065 0.0329065 
6    S         57        0.224997  0.224997  
14   S         58        0.0396284 0.0553475 
26   S         58        0.0396284 0.0638271 
11   S         62        0.0736843 0.0736843 
10   S         62        0.0736843 0.0943009 
19   S         66        0.0373935 0.0373935 
20   S         71        0.0283117 0.0283117 
13   S         80        0.0467281 0.0467281 
23   S         80        0.0467281 0.0467281 
15   S         80        0.0467281 0.0467281 
12   S         81        0.023357  0.023357  
4    S         81        0.023357  0.023357  
5    S         81        0.023357  0.023357  
1    S         81        0.023357  0.023357  
16   S         81        0.023357  0.023357  
17   S         81        0.023357  0.023357  
18   S         81        0.023357  0.023357  
7    S         81        0.023357  0.023357  
8    S         81        0.023357  0.023357  
21   S         81        0.023357  0.023357  
9    S         81        0.023357  0.023357  
2    S         81        0.023357  0.023357  
24   S         81        0.023357  0.023357  
25   S         81        0.023357  0.023357  
3    S         81        0.023357  0.023357  
---------------------------------
---------------------------------

12--10最大流值为：81
最可靠最大流分布概率为 ： 0.023357
状态划分算法消耗的内存为：4.88672
状态划分算法运行时间(ms) ： 89.3343
---------------------------------
流分布如下: 
---------------------------------
0   0   0   0   0   0   0   0   0   0   0   0   0   0   
0   0   0   0   0   0   0   0   0   0   0   0   0   0   
0   0   0   0   0   0   24  0   0   0   0   0   0   0   
0   0   0   0   0   0   0   0   0   19  0   0   0   0   
0   0   0   19  0   0   0   0   0   0   0   0   0   0   
0   0   0   0   0   0   0   0   0   0   0   0   0   0   
0   0   0   0   0   0   0   0   0   0   0   0   1   23  
0   0   0   0   0   0   0   0   0   1   0   0   0   0   
0   0   0   0   0   0   0   0   0   0   0   0   0   0   
0   0   0   0   0   0   0   0   0   0   0   0   0   0   
0   0   0   0   0   0   0   0   0   0   0   0   0   0   
0   0   24  0   19  0   0   0   0   38  0   0   0   0   
0   0   0   0   0   0   0   1   0   0   0   0   0   0   
0   0   0   0   0   0   0   0   0   23  0   0   0   0   
---------------------------------
关键边输出如下：
---------------------------------
22   S         43        0.0329065 0.0329065 
6    S         57        0.224997  0.224997  
14   S         58        0.0396284 0.0553475 
26   S         58        0.0396284 0.0638271 
11   S         62        0.0736843 0.0736843 
10   S         62        0.0736843 0.0943009 
19   S         66        0.0373935 0.0373935 
20   S         71        0.0283117 0.0283117 
13   S         80        0.0467281 0.0467281 
23   S         80        0.0467281 0.0467281 
15   S         80        0.0467281 0.0467281 
12   S         81        0.023357  0.023357  
4    S         81        0.023357  0.023357  
5    S         81        0.023357  0.023357  
1    S         81        0.023357  0.023357  
16   S         81        0.023357  0.023357  
17   S         81        0.023357  0.023357  
18   S         81        0.023357  0.023357  
7    S         81        0.023357  0.023357  
8    S         81        0.023357  0.023357  
21   S         81        0.023357  0.023357  
9    S         81        0.023357  0.023357  
2    S         81        0.023357  0.023357  
24   S         81        0.023357  0.023357  
25   S         81        0.023357  0.023357  
3    S         81        0.023357  0.023357  
---------------------------------
---------------------------------

12--10最大流值为：81
最可靠最大流分布概率为 ： 0.023357
状态划分算法消耗的内存为：4.90625
状态划分算法运行时间(ms) ： 92.5396
---------------------------------
流分布如下: 
---------------------------------
0   0   0   0   0   0   0   0   0   0   0   0   0   0   
0   0   0   0   0   0   0   0   0   0   0   0   0   0   
0   0   0   0   0   0   24  0   0   0   0   0   0   0   
0   0   0   0   0   0   0   0   0   19  0   0   0   0   
0   0   0   19  0   0   0   0   0   0   0   0   0   0   
0   0   0   0   0   0   0   0   0   0   0   0   0   0   
0   0   0   0   0   0   0   0   0   0   0   0   1   23  
0   0   0   0   0   0   0   0   0   1   0   0   0   0   
0   0   0   0   0   0   0   0   0   0   0   0   0   0   
0   0   0   0   0   0   0   0   0   0   0   0   0   0   
0   0   0   0   0   0   0   0   0   0   0   0   0   0   
0   0   24  0   19  0   0   0   0   38  0   0   0   0   
0   0   0   0   0   0   0   1   0   0   0   0   0   0   
0   0   0   0   0   0   0   0   0   23  0   0   0   0   
---------------------------------
关键边输出如下：
---------------------------------
22   S         43        0.0329065 0.0329065 
6    S         57        0.224997  0.224997  
14   S         58        0.0396284 0.0553475 
26   S         58        0.0396284 0.0638271 
11   S         62        0.0736843 0.0736843 
10   S         62        0.0736843 0.0943009 
19   S         66        0.0373935 0.0373935 
20   S         71        0.0283117 0.0283117 
13   S         80        0.0467281 0.0467281 
23   S         80        0.0467281 0.0467281 
15   S         80        0.0467281 0.0467281 
12   S         81        0.023357  0.023357  
4    S         81        0.023357  0.023357  
5    S         81        0.023357  0.023357  
1    S         81        0.023357  0.023357  
16   S         81        0.023357  0.023357  
17   S         81        0.023357  0.023357  
18   S         81        0.023357  0.023357  
7    S         81        0.023357  0.023357  
8    S         81        0.023357  0.023357  
21   S         81        0.023357  0.023357  
9    S         81        0.023357  0.023357  
2    S         81        0.023357  0.023357  
24   S         81        0.023357  0.023357  
25   S         81        0.023357  0.023357  
3    S         81        0.023357  0.023357  
---------------------------------
---------------------------------

12--10最大流值为：81
最可靠最大流分布概率为 ： 0.023357
状态划分算法消耗的内存为：4.94922
状态划分算法运行时间(ms) ： 95.0811
---------------------------------
流分布如下: 
---------------------------------
0   0   0   0   0   0   0   0   0   0   0   0   0   0   
0   0   0   0   0   0   0   0   0   0   0   0   0   0   
0   0   0   0   0   0   24  0   0   0   0   0   0   0   
0   0   0   0   0   0   0   0   0   19  0   0   0   0   
0   0   0   19  0   0   0   0   0   0   0   0   0   0   
0   0   0   0   0   0   0   0   0   0   0   0   0   0   
0   0   0   0   0   0   0   0   0   0   0   0   1   23  
0   0   0   0   0   0   0   0   0   1   0   0   0   0   
0   0   0   0   0   0   0   0   0   0   0   0   0   0   
0   0   0   0   0   0   0   0   0   0   0   0   0   0   
0   0   0   0   0   0   0   0   0   0   0   0   0   0   
0   0   24  0   19  0   0   0   0   38  0   0   0   0   
0   0   0   0   0   0   0   1   0   0   0   0   0   0   
0   0   0   0   0   0   0   0   0   23  0   0   0   0   
---------------------------------
关键边输出如下：
---------------------------------
22   S         43        0.0329065 0.0329065 
6    S         57        0.224997  0.224997  
14   S         58        0.0396284 0.0553475 
26   S         58        0.0396284 0.0638271 
11   S         62        0.0736843 0.0736843 
10   S         62        0.0736843 0.0943009 
19   S         66        0.0373935 0.0373935 
20   S         71        0.0283117 0.0283117 
13   S         80        0.0467281 0.0467281 
23   S         80        0.0467281 0.0467281 
15   S         80        0.0467281 0.0467281 
12   S         81        0.023357  0.023357  
4    S         81        0.023357  0.023357  
5    S         81        0.023357  0.023357  
1    S         81        0.023357  0.023357  
16   S         81        0.023357  0.023357  
17   S         81        0.023357  0.023357  
18   S         81        0.023357  0.023357  
7    S         81        0.023357  0.023357  
8    S         81        0.023357  0.023357  
21   S         81        0.023357  0.023357  
9    S         81        0.023357  0.023357  
2    S         81        0.023357  0.023357  
24   S         81        0.023357  0.023357  
25   S         81        0.023357  0.023357  
3    S         81        0.023357  0.023357  
---------------------------------
---------------------------------

12--10最大流值为：81
最可靠最大流分布概率为 ： 0.023357
状态划分算法消耗的内存为：4.96094
状态划分算法运行时间(ms) ： 89.6032
---------------------------------
流分布如下: 
---------------------------------
0   0   0   0   0   0   0   0   0   0   0   0   0   0   
0   0   0   0   0   0   0   0   0   0   0   0   0   0   
0   0   0   0   0   0   24  0   0   0   0   0   0   0   
0   0   0   0   0   0   0   0   0   19  0   0   0   0   
0   0   0   19  0   0   0   0   0   0   0   0   0   0   
0   0   0   0   0   0   0   0   0   0   0   0   0   0   
0   0   0   0   0   0   0   0   0   0   0   0   1   23  
0   0   0   0   0   0   0   0   0   1   0   0   0   0   
0   0   0   0   0   0   0   0   0   0   0   0   0   0   
0   0   0   0   0   0   0   0   0   0   0   0   0   0   
0   0   0   0   0   0   0   0   0   0   0   0   0   0   
0   0   24  0   19  0   0   0   0   38  0   0   0   0   
0   0   0   0   0   0   0   1   0   0   0   0   0   0   
0   0   0   0   0   0   0   0   0   23  0   0   0   0   
---------------------------------
关键边输出如下：
---------------------------------
22   S         43        0.0329065 0.0329065 
6    S         57        0.224997  0.224997  
14   S         58        0.0396284 0.0553475 
26   S         58        0.0396284 0.0638271 
11   S         62        0.0736843 0.0736843 
10   S         62        0.0736843 0.0943009 
19   S         66        0.0373935 0.0373935 
20   S         71        0.0283117 0.0283117 
13   S         80        0.0467281 0.0467281 
23   S         80        0.0467281 0.0467281 
15   S         80        0.0467281 0.0467281 
12   S         81        0.023357  0.023357  
4    S         81        0.023357  0.023357  
5    S         81        0.023357  0.023357  
1    S         81        0.023357  0.023357  
16   S         81        0.023357  0.023357  
17   S         81        0.023357  0.023357  
18   S         81        0.023357  0.023357  
7    S         81        0.023357  0.023357  
8    S         81        0.023357  0.023357  
21   S         81        0.023357  0.023357  
9    S         81        0.023357  0.023357  
2    S         81        0.023357  0.023357  
24   S         81        0.023357  0.023357  
25   S         81        0.023357  0.023357  
3    S         81        0.023357  0.023357  
---------------------------------
---------------------------------

12--10最大流值为：81
最可靠最大流分布概率为 ： 0.023357
状态划分算法消耗的内存为：4.84766
状态划分算法运行时间(ms) ： 92.2574
---------------------------------
流分布如下: 
---------------------------------
0   0   0   0   0   0   0   0   0   0   0   0   0   0   
0   0   0   0   0   0   0   0   0   0   0   0   0   0   
0   0   0   0   0   0   24  0   0   0   0   0   0   0   
0   0   0   0   0   0   0   0   0   19  0   0   0   0   
0   0   0   19  0   0   0   0   0   0   0   0   0   0   
0   0   0   0   0   0   0   0   0   0   0   0   0   0   
0   0   0   0   0   0   0   0   0   0   0   0   1   23  
0   0   0   0   0   0   0   0   0   1   0   0   0   0   
0   0   0   0   0   0   0   0   0   0   0   0   0   0   
0   0   0   0   0   0   0   0   0   0   0   0   0   0   
0   0   0   0   0   0   0   0   0   0   0   0   0   0   
0   0   24  0   19  0   0   0   0   38  0   0   0   0   
0   0   0   0   0   0   0   1   0   0   0   0   0   0   
0   0   0   0   0   0   0   0   0   23  0   0   0   0   
---------------------------------
关键边输出如下：
---------------------------------
22   S         43        0.0329065 0.0329065 
6    S         57        0.224997  0.224997  
14   S         58        0.0396284 0.0553475 
26   S         58        0.0396284 0.0638271 
11   S         62        0.0736843 0.0736843 
10   S         62        0.0736843 0.0943009 
19   S         66        0.0373935 0.0373935 
20   S         71        0.0283117 0.0283117 
13   S         80        0.0467281 0.0467281 
23   S         80        0.0467281 0.0467281 
15   S         80        0.0467281 0.0467281 
12   S         81        0.023357  0.023357  
4    S         81        0.023357  0.023357  
5    S         81        0.023357  0.023357  
1    S         81        0.023357  0.023357  
16   S         81        0.023357  0.023357  
17   S         81        0.023357  0.023357  
18   S         81        0.023357  0.023357  
7    S         81        0.023357  0.023357  
8    S         81        0.023357  0.023357  
21   S         81        0.023357  0.023357  
9    S         81        0.023357  0.023357  
2    S         81        0.023357  0.023357  
24   S         81        0.023357  0.023357  
25   S         81        0.023357  0.023357  
3    S         81        0.023357  0.023357  
---------------------------------
---------------------------------

12--10最大流值为：81
最可靠最大流分布概率为 ： 0.023357
状态划分算法消耗的内存为：4.9375
状态划分算法运行时间(ms) ： 90.4556
---------------------------------
流分布如下: 
---------------------------------
0   0   0   0   0   0   0   0   0   0   0   0   0   0   
0   0   0   0   0   0   0   0   0   0   0   0   0   0   
0   0   0   0   0   0   24  0   0   0   0   0   0   0   
0   0   0   0   0   0   0   0   0   19  0   0   0   0   
0   0   0   19  0   0   0   0   0   0   0   0   0   0   
0   0   0   0   0   0   0   0   0   0   0   0   0   0   
0   0   0   0   0   0   0   0   0   0   0   0   1   23  
0   0   0   0   0   0   0   0   0   1   0   0   0   0   
0   0   0   0   0   0   0   0   0   0   0   0   0   0   
0   0   0   0   0   0   0   0   0   0   0   0   0   0   
0   0   0   0   0   0   0   0   0   0   0   0   0   0   
0   0   24  0   19  0   0   0   0   38  0   0   0   0   
0   0   0   0   0   0   0   1   0   0   0   0   0   0   
0   0   0   0   0   0   0   0   0   23  0   0   0   0   
---------------------------------
关键边输出如下：
---------------------------------
22   S         43        0.0329065 0.0329065 
6    S         57        0.224997  0.224997  
14   S         58        0.0396284 0.0553475 
26   S         58        0.0396284 0.0638271 
11   S         62        0.0736843 0.0736843 
10   S         62        0.0736843 0.0943009 
19   S         66        0.0373935 0.0373935 
20   S         71        0.0283117 0.0283117 
13   S         80        0.0467281 0.0467281 
23   S         80        0.0467281 0.0467281 
15   S         80        0.0467281 0.0467281 
12   S         81        0.023357  0.023357  
4    S         81        0.023357  0.023357  
5    S         81        0.023357  0.023357  
1    S         81        0.023357  0.023357  
16   S         81        0.023357  0.023357  
17   S         81        0.023357  0.023357  
18   S         81        0.023357  0.023357  
7    S         81        0.023357  0.023357  
8    S         81        0.023357  0.023357  
21   S         81        0.023357  0.023357  
9    S         81        0.023357  0.023357  
2    S         81        0.023357  0.023357  
24   S         81        0.023357  0.023357  
25   S         81        0.023357  0.023357  
3    S         81        0.023357  0.023357  
---------------------------------
---------------------------------

