12--2最大流值为：29
最可靠最大流分布概率为 ： 0.17837
状态划分算法消耗的内存为：4.83984
状态划分算法运行时间(ms) ： 72.0466
---------------------------------
流分布如下: 
---------------------------------
0   0   0   0   0   0   0   0   0   0   0   0   0   0   
0   0   0   0   0   0   0   0   0   0   0   0   0   0   
0   0   0   0   0   0   18  0   0   0   0   0   0   0   
0   0   0   0   0   0   0   0   0   0   0   0   0   0   
0   0   0   0   0   0   0   0   0   0   0   0   0   0   
0   0   0   0   0   0   0   0   0   0   0   0   0   0   
0   0   0   0   0   0   0   0   0   0   0   0   0   18  
0   0   0   0   0   0   0   0   0   0   0   0   0   0   
0   0   0   0   0   0   0   0   0   0   0   0   0   0   
0   11  0   0   0   0   0   0   0   0   0   0   0   0   
0   0   0   0   0   0   0   0   0   0   0   0   0   0   
0   0   18  0   0   0   0   0   0   11  0   0   0   0   
0   0   0   0   0   0   0   0   0   0   0   0   0   0   
0   18  0   0   0   0   0   0   0   0   0   0   0   0   
---------------------------------
关键边输出如下：
---------------------------------
6    S         11        0.708625  0.800464  
14   S         11        0.708625  0.800464  
25   S         11        0.708625  0.844908  
17   S         18        0.251713  0.251713  
19   S         24        0.0433476 0.0717038 
22   S         29        0.0796578 0.0977075 
10   S         29        0.17837   0.17837   
11   S         29        0.17837   0.17837   
20   S         29        0.17837   0.192243  
5    S         29        0.17837   0.201487  
26   S         29        0.17837   0.201487  
12   S         29        0.17837   0.206725  
13   S         29        0.17837   0.206725  
2    S         29        0.17837   0.206725  
15   S         29        0.17837   0.206725  
16   S         29        0.17837   0.206725  
3    S         29        0.17837   0.206725  
18   S         29        0.17837   0.206725  
4    S         29        0.17837   0.206725  
9    S         29        0.17837   0.206725  
21   S         29        0.17837   0.206725  
1    S         29        0.17837   0.206725  
23   S         29        0.17837   0.206725  
24   S         29        0.17837   0.206725  
7    S         29        0.17837   0.206725  
8    S         29        0.17837   0.206725  
---------------------------------
---------------------------------

12--2最大流值为：29
最可靠最大流分布概率为 ： 0.17837
状态划分算法消耗的内存为：4.87891
状态划分算法运行时间(ms) ： 72.0149
---------------------------------
流分布如下: 
---------------------------------
0   0   0   0   0   0   0   0   0   0   0   0   0   0   
0   0   0   0   0   0   0   0   0   0   0   0   0   0   
0   0   0   0   0   0   18  0   0   0   0   0   0   0   
0   0   0   0   0   0   0   0   0   0   0   0   0   0   
0   0   0   0   0   0   0   0   0   0   0   0   0   0   
0   0   0   0   0   0   0   0   0   0   0   0   0   0   
0   0   0   0   0   0   0   0   0   0   0   0   0   18  
0   0   0   0   0   0   0   0   0   0   0   0   0   0   
0   0   0   0   0   0   0   0   0   0   0   0   0   0   
0   11  0   0   0   0   0   0   0   0   0   0   0   0   
0   0   0   0   0   0   0   0   0   0   0   0   0   0   
0   0   18  0   0   0   0   0   0   11  0   0   0   0   
0   0   0   0   0   0   0   0   0   0   0   0   0   0   
0   18  0   0   0   0   0   0   0   0   0   0   0   0   
---------------------------------
关键边输出如下：
---------------------------------
6    S         11        0.708625  0.800464  
14   S         11        0.708625  0.800464  
25   S         11        0.708625  0.844908  
17   S         18        0.251713  0.251713  
19   S         24        0.0433476 0.0717038 
22   S         29        0.0796578 0.0977075 
10   S         29        0.17837   0.17837   
11   S         29        0.17837   0.17837   
20   S         29        0.17837   0.192243  
5    S         29        0.17837   0.201487  
26   S         29        0.17837   0.201487  
12   S         29        0.17837   0.206725  
13   S         29        0.17837   0.206725  
2    S         29        0.17837   0.206725  
15   S         29        0.17837   0.206725  
16   S         29        0.17837   0.206725  
3    S         29        0.17837   0.206725  
18   S         29        0.17837   0.206725  
4    S         29        0.17837   0.206725  
9    S         29        0.17837   0.206725  
21   S         29        0.17837   0.206725  
1    S         29        0.17837   0.206725  
23   S         29        0.17837   0.206725  
24   S         29        0.17837   0.206725  
7    S         29        0.17837   0.206725  
8    S         29        0.17837   0.206725  
---------------------------------
---------------------------------

12--2最大流值为：29
最可靠最大流分布概率为 ： 0.17837
状态划分算法消耗的内存为：4.96484
状态划分算法运行时间(ms) ： 71.4843
---------------------------------
流分布如下: 
---------------------------------
0   0   0   0   0   0   0   0   0   0   0   0   0   0   
0   0   0   0   0   0   0   0   0   0   0   0   0   0   
0   0   0   0   0   0   18  0   0   0   0   0   0   0   
0   0   0   0   0   0   0   0   0   0   0   0   0   0   
0   0   0   0   0   0   0   0   0   0   0   0   0   0   
0   0   0   0   0   0   0   0   0   0   0   0   0   0   
0   0   0   0   0   0   0   0   0   0   0   0   0   18  
0   0   0   0   0   0   0   0   0   0   0   0   0   0   
0   0   0   0   0   0   0   0   0   0   0   0   0   0   
0   11  0   0   0   0   0   0   0   0   0   0   0   0   
0   0   0   0   0   0   0   0   0   0   0   0   0   0   
0   0   18  0   0   0   0   0   0   11  0   0   0   0   
0   0   0   0   0   0   0   0   0   0   0   0   0   0   
0   18  0   0   0   0   0   0   0   0   0   0   0   0   
---------------------------------
关键边输出如下：
---------------------------------
6    S         11        0.708625  0.800464  
14   S         11        0.708625  0.800464  
25   S         11        0.708625  0.844908  
17   S         18        0.251713  0.251713  
19   S         24        0.0433476 0.0717038 
22   S         29        0.0796578 0.0977075 
10   S         29        0.17837   0.17837   
11   S         29        0.17837   0.17837   
20   S         29        0.17837   0.192243  
5    S         29        0.17837   0.201487  
26   S         29        0.17837   0.201487  
12   S         29        0.17837   0.206725  
13   S         29        0.17837   0.206725  
2    S         29        0.17837   0.206725  
15   S         29        0.17837   0.206725  
16   S         29        0.17837   0.206725  
3    S         29        0.17837   0.206725  
18   S         29        0.17837   0.206725  
4    S         29        0.17837   0.206725  
9    S         29        0.17837   0.206725  
21   S         29        0.17837   0.206725  
1    S         29        0.17837   0.206725  
23   S         29        0.17837   0.206725  
24   S         29        0.17837   0.206725  
7    S         29        0.17837   0.206725  
8    S         29        0.17837   0.206725  
---------------------------------
---------------------------------

12--2最大流值为：29
最可靠最大流分布概率为 ： 0.17837
状态划分算法消耗的内存为：4.9375
状态划分算法运行时间(ms) ： 73.4677
---------------------------------
流分布如下: 
---------------------------------
0   0   0   0   0   0   0   0   0   0   0   0   0   0   
0   0   0   0   0   0   0   0   0   0   0   0   0   0   
0   0   0   0   0   0   18  0   0   0   0   0   0   0   
0   0   0   0   0   0   0   0   0   0   0   0   0   0   
0   0   0   0   0   0   0   0   0   0   0   0   0   0   
0   0   0   0   0   0   0   0   0   0   0   0   0   0   
0   0   0   0   0   0   0   0   0   0   0   0   0   18  
0   0   0   0   0   0   0   0   0   0   0   0   0   0   
0   0   0   0   0   0   0   0   0   0   0   0   0   0   
0   11  0   0   0   0   0   0   0   0   0   0   0   0   
0   0   0   0   0   0   0   0   0   0   0   0   0   0   
0   0   18  0   0   0   0   0   0   11  0   0   0   0   
0   0   0   0   0   0   0   0   0   0   0   0   0   0   
0   18  0   0   0   0   0   0   0   0   0   0   0   0   
---------------------------------
关键边输出如下：
---------------------------------
6    S         11        0.708625  0.800464  
14   S         11        0.708625  0.800464  
25   S         11        0.708625  0.844908  
17   S         18        0.251713  0.251713  
19   S         24        0.0433476 0.0717038 
22   S         29        0.0796578 0.0977075 
10   S         29        0.17837   0.17837   
11   S         29        0.17837   0.17837   
20   S         29        0.17837   0.192243  
5    S         29        0.17837   0.201487  
26   S         29        0.17837   0.201487  
12   S         29        0.17837   0.206725  
13   S         29        0.17837   0.206725  
2    S         29        0.17837   0.206725  
15   S         29        0.17837   0.206725  
16   S         29        0.17837   0.206725  
3    S         29        0.17837   0.206725  
18   S         29        0.17837   0.206725  
4    S         29        0.17837   0.206725  
9    S         29        0.17837   0.206725  
21   S         29        0.17837   0.206725  
1    S         29        0.17837   0.206725  
23   S         29        0.17837   0.206725  
24   S         29        0.17837   0.206725  
7    S         29        0.17837   0.206725  
8    S         29        0.17837   0.206725  
---------------------------------
---------------------------------

12--2最大流值为：29
最可靠最大流分布概率为 ： 0.17837
状态划分算法消耗的内存为：4.88672
状态划分算法运行时间(ms) ： 71.2343
---------------------------------
流分布如下: 
---------------------------------
0   0   0   0   0   0   0   0   0   0   0   0   0   0   
0   0   0   0   0   0   0   0   0   0   0   0   0   0   
0   0   0   0   0   0   18  0   0   0   0   0   0   0   
0   0   0   0   0   0   0   0   0   0   0   0   0   0   
0   0   0   0   0   0   0   0   0   0   0   0   0   0   
0   0   0   0   0   0   0   0   0   0   0   0   0   0   
0   0   0   0   0   0   0   0   0   0   0   0   0   18  
0   0   0   0   0   0   0   0   0   0   0   0   0   0   
0   0   0   0   0   0   0   0   0   0   0   0   0   0   
0   11  0   0   0   0   0   0   0   0   0   0   0   0   
0   0   0   0   0   0   0   0   0   0   0   0   0   0   
0   0   18  0   0   0   0   0   0   11  0   0   0   0   
0   0   0   0   0   0   0   0   0   0   0   0   0   0   
0   18  0   0   0   0   0   0   0   0   0   0   0   0   
---------------------------------
关键边输出如下：
---------------------------------
6    S         11        0.708625  0.800464  
14   S         11        0.708625  0.800464  
25   S         11        0.708625  0.844908  
17   S         18        0.251713  0.251713  
19   S         24        0.0433476 0.0717038 
22   S         29        0.0796578 0.0977075 
10   S         29        0.17837   0.17837   
11   S         29        0.17837   0.17837   
20   S         29        0.17837   0.192243  
5    S         29        0.17837   0.201487  
26   S         29        0.17837   0.201487  
12   S         29        0.17837   0.206725  
13   S         29        0.17837   0.206725  
2    S         29        0.17837   0.206725  
15   S         29        0.17837   0.206725  
16   S         29        0.17837   0.206725  
3    S         29        0.17837   0.206725  
18   S         29        0.17837   0.206725  
4    S         29        0.17837   0.206725  
9    S         29        0.17837   0.206725  
21   S         29        0.17837   0.206725  
1    S         29        0.17837   0.206725  
23   S         29        0.17837   0.206725  
24   S         29        0.17837   0.206725  
7    S         29        0.17837   0.206725  
8    S         29        0.17837   0.206725  
---------------------------------
---------------------------------

12--2最大流值为：29
最可靠最大流分布概率为 ： 0.17837
状态划分算法消耗的内存为：4.97266
状态划分算法运行时间(ms) ： 71.474
---------------------------------
流分布如下: 
---------------------------------
0   0   0   0   0   0   0   0   0   0   0   0   0   0   
0   0   0   0   0   0   0   0   0   0   0   0   0   0   
0   0   0   0   0   0   18  0   0   0   0   0   0   0   
0   0   0   0   0   0   0   0   0   0   0   0   0   0   
0   0   0   0   0   0   0   0   0   0   0   0   0   0   
0   0   0   0   0   0   0   0   0   0   0   0   0   0   
0   0   0   0   0   0   0   0   0   0   0   0   0   18  
0   0   0   0   0   0   0   0   0   0   0   0   0   0   
0   0   0   0   0   0   0   0   0   0   0   0   0   0   
0   11  0   0   0   0   0   0   0   0   0   0   0   0   
0   0   0   0   0   0   0   0   0   0   0   0   0   0   
0   0   18  0   0   0   0   0   0   11  0   0   0   0   
0   0   0   0   0   0   0   0   0   0   0   0   0   0   
0   18  0   0   0   0   0   0   0   0   0   0   0   0   
---------------------------------
关键边输出如下：
---------------------------------
6    S         11        0.708625  0.800464  
14   S         11        0.708625  0.800464  
25   S         11        0.708625  0.844908  
17   S         18        0.251713  0.251713  
19   S         24        0.0433476 0.0717038 
22   S         29        0.0796578 0.0977075 
10   S         29        0.17837   0.17837   
11   S         29        0.17837   0.17837   
20   S         29        0.17837   0.192243  
5    S         29        0.17837   0.201487  
26   S         29        0.17837   0.201487  
12   S         29        0.17837   0.206725  
13   S         29        0.17837   0.206725  
2    S         29        0.17837   0.206725  
15   S         29        0.17837   0.206725  
16   S         29        0.17837   0.206725  
3    S         29        0.17837   0.206725  
18   S         29        0.17837   0.206725  
4    S         29        0.17837   0.206725  
9    S         29        0.17837   0.206725  
21   S         29        0.17837   0.206725  
1    S         29        0.17837   0.206725  
23   S         29        0.17837   0.206725  
24   S         29        0.17837   0.206725  
7    S         29        0.17837   0.206725  
8    S         29        0.17837   0.206725  
---------------------------------
---------------------------------

12--2最大流值为：29
最可靠最大流分布概率为 ： 0.17837
状态划分算法消耗的内存为：4.99609
状态划分算法运行时间(ms) ： 70.9292
---------------------------------
流分布如下: 
---------------------------------
0   0   0   0   0   0   0   0   0   0   0   0   0   0   
0   0   0   0   0   0   0   0   0   0   0   0   0   0   
0   0   0   0   0   0   18  0   0   0   0   0   0   0   
0   0   0   0   0   0   0   0   0   0   0   0   0   0   
0   0   0   0   0   0   0   0   0   0   0   0   0   0   
0   0   0   0   0   0   0   0   0   0   0   0   0   0   
0   0   0   0   0   0   0   0   0   0   0   0   0   18  
0   0   0   0   0   0   0   0   0   0   0   0   0   0   
0   0   0   0   0   0   0   0   0   0   0   0   0   0   
0   11  0   0   0   0   0   0   0   0   0   0   0   0   
0   0   0   0   0   0   0   0   0   0   0   0   0   0   
0   0   18  0   0   0   0   0   0   11  0   0   0   0   
0   0   0   0   0   0   0   0   0   0   0   0   0   0   
0   18  0   0   0   0   0   0   0   0   0   0   0   0   
---------------------------------
关键边输出如下：
---------------------------------
6    S         11        0.708625  0.800464  
14   S         11        0.708625  0.800464  
25   S         11        0.708625  0.844908  
17   S         18        0.251713  0.251713  
19   S         24        0.0433476 0.0717038 
22   S         29        0.0796578 0.0977075 
10   S         29        0.17837   0.17837   
11   S         29        0.17837   0.17837   
20   S         29        0.17837   0.192243  
5    S         29        0.17837   0.201487  
26   S         29        0.17837   0.201487  
12   S         29        0.17837   0.206725  
13   S         29        0.17837   0.206725  
2    S         29        0.17837   0.206725  
15   S         29        0.17837   0.206725  
16   S         29        0.17837   0.206725  
3    S         29        0.17837   0.206725  
18   S         29        0.17837   0.206725  
4    S         29        0.17837   0.206725  
9    S         29        0.17837   0.206725  
21   S         29        0.17837   0.206725  
1    S         29        0.17837   0.206725  
23   S         29        0.17837   0.206725  
24   S         29        0.17837   0.206725  
7    S         29        0.17837   0.206725  
8    S         29        0.17837   0.206725  
---------------------------------
---------------------------------

12--2最大流值为：29
最可靠最大流分布概率为 ： 0.17837
状态划分算法消耗的内存为：4.94531
状态划分算法运行时间(ms) ： 72.3901
---------------------------------
流分布如下: 
---------------------------------
0   0   0   0   0   0   0   0   0   0   0   0   0   0   
0   0   0   0   0   0   0   0   0   0   0   0   0   0   
0   0   0   0   0   0   18  0   0   0   0   0   0   0   
0   0   0   0   0   0   0   0   0   0   0   0   0   0   
0   0   0   0   0   0   0   0   0   0   0   0   0   0   
0   0   0   0   0   0   0   0   0   0   0   0   0   0   
0   0   0   0   0   0   0   0   0   0   0   0   0   18  
0   0   0   0   0   0   0   0   0   0   0   0   0   0   
0   0   0   0   0   0   0   0   0   0   0   0   0   0   
0   11  0   0   0   0   0   0   0   0   0   0   0   0   
0   0   0   0   0   0   0   0   0   0   0   0   0   0   
0   0   18  0   0   0   0   0   0   11  0   0   0   0   
0   0   0   0   0   0   0   0   0   0   0   0   0   0   
0   18  0   0   0   0   0   0   0   0   0   0   0   0   
---------------------------------
关键边输出如下：
---------------------------------
6    S         11        0.708625  0.800464  
14   S         11        0.708625  0.800464  
25   S         11        0.708625  0.844908  
17   S         18        0.251713  0.251713  
19   S         24        0.0433476 0.0717038 
22   S         29        0.0796578 0.0977075 
10   S         29        0.17837   0.17837   
11   S         29        0.17837   0.17837   
20   S         29        0.17837   0.192243  
5    S         29        0.17837   0.201487  
26   S         29        0.17837   0.201487  
12   S         29        0.17837   0.206725  
13   S         29        0.17837   0.206725  
2    S         29        0.17837   0.206725  
15   S         29        0.17837   0.206725  
16   S         29        0.17837   0.206725  
3    S         29        0.17837   0.206725  
18   S         29        0.17837   0.206725  
4    S         29        0.17837   0.206725  
9    S         29        0.17837   0.206725  
21   S         29        0.17837   0.206725  
1    S         29        0.17837   0.206725  
23   S         29        0.17837   0.206725  
24   S         29        0.17837   0.206725  
7    S         29        0.17837   0.206725  
8    S         29        0.17837   0.206725  
---------------------------------
---------------------------------

12--2最大流值为：29
最可靠最大流分布概率为 ： 0.17837
状态划分算法消耗的内存为：4.84766
状态划分算法运行时间(ms) ： 72.8067
---------------------------------
流分布如下: 
---------------------------------
0   0   0   0   0   0   0   0   0   0   0   0   0   0   
0   0   0   0   0   0   0   0   0   0   0   0   0   0   
0   0   0   0   0   0   18  0   0   0   0   0   0   0   
0   0   0   0   0   0   0   0   0   0   0   0   0   0   
0   0   0   0   0   0   0   0   0   0   0   0   0   0   
0   0   0   0   0   0   0   0   0   0   0   0   0   0   
0   0   0   0   0   0   0   0   0   0   0   0   0   18  
0   0   0   0   0   0   0   0   0   0   0   0   0   0   
0   0   0   0   0   0   0   0   0   0   0   0   0   0   
0   11  0   0   0   0   0   0   0   0   0   0   0   0   
0   0   0   0   0   0   0   0   0   0   0   0   0   0   
0   0   18  0   0   0   0   0   0   11  0   0   0   0   
0   0   0   0   0   0   0   0   0   0   0   0   0   0   
0   18  0   0   0   0   0   0   0   0   0   0   0   0   
---------------------------------
关键边输出如下：
---------------------------------
6    S         11        0.708625  0.800464  
14   S         11        0.708625  0.800464  
25   S         11        0.708625  0.844908  
17   S         18        0.251713  0.251713  
19   S         24        0.0433476 0.0717038 
22   S         29        0.0796578 0.0977075 
10   S         29        0.17837   0.17837   
11   S         29        0.17837   0.17837   
20   S         29        0.17837   0.192243  
5    S         29        0.17837   0.201487  
26   S         29        0.17837   0.201487  
12   S         29        0.17837   0.206725  
13   S         29        0.17837   0.206725  
2    S         29        0.17837   0.206725  
15   S         29        0.17837   0.206725  
16   S         29        0.17837   0.206725  
3    S         29        0.17837   0.206725  
18   S         29        0.17837   0.206725  
4    S         29        0.17837   0.206725  
9    S         29        0.17837   0.206725  
21   S         29        0.17837   0.206725  
1    S         29        0.17837   0.206725  
23   S         29        0.17837   0.206725  
24   S         29        0.17837   0.206725  
7    S         29        0.17837   0.206725  
8    S         29        0.17837   0.206725  
---------------------------------
---------------------------------

12--2最大流值为：29
最可靠最大流分布概率为 ： 0.17837
状态划分算法消耗的内存为：4.98047
状态划分算法运行时间(ms) ： 71.2165
---------------------------------
流分布如下: 
---------------------------------
0   0   0   0   0   0   0   0   0   0   0   0   0   0   
0   0   0   0   0   0   0   0   0   0   0   0   0   0   
0   0   0   0   0   0   18  0   0   0   0   0   0   0   
0   0   0   0   0   0   0   0   0   0   0   0   0   0   
0   0   0   0   0   0   0   0   0   0   0   0   0   0   
0   0   0   0   0   0   0   0   0   0   0   0   0   0   
0   0   0   0   0   0   0   0   0   0   0   0   0   18  
0   0   0   0   0   0   0   0   0   0   0   0   0   0   
0   0   0   0   0   0   0   0   0   0   0   0   0   0   
0   11  0   0   0   0   0   0   0   0   0   0   0   0   
0   0   0   0   0   0   0   0   0   0   0   0   0   0   
0   0   18  0   0   0   0   0   0   11  0   0   0   0   
0   0   0   0   0   0   0   0   0   0   0   0   0   0   
0   18  0   0   0   0   0   0   0   0   0   0   0   0   
---------------------------------
关键边输出如下：
---------------------------------
6    S         11        0.708625  0.800464  
14   S         11        0.708625  0.800464  
25   S         11        0.708625  0.844908  
17   S         18        0.251713  0.251713  
19   S         24        0.0433476 0.0717038 
22   S         29        0.0796578 0.0977075 
10   S         29        0.17837   0.17837   
11   S         29        0.17837   0.17837   
20   S         29        0.17837   0.192243  
5    S         29        0.17837   0.201487  
26   S         29        0.17837   0.201487  
12   S         29        0.17837   0.206725  
13   S         29        0.17837   0.206725  
2    S         29        0.17837   0.206725  
15   S         29        0.17837   0.206725  
16   S         29        0.17837   0.206725  
3    S         29        0.17837   0.206725  
18   S         29        0.17837   0.206725  
4    S         29        0.17837   0.206725  
9    S         29        0.17837   0.206725  
21   S         29        0.17837   0.206725  
1    S         29        0.17837   0.206725  
23   S         29        0.17837   0.206725  
24   S         29        0.17837   0.206725  
7    S         29        0.17837   0.206725  
8    S         29        0.17837   0.206725  
---------------------------------
---------------------------------

