7--8最大流值为：38
最可靠最大流分布概率为 ： 0.107265
状态划分算法消耗的内存为：4.88672
状态划分算法运行时间(ms) ： 134.332
---------------------------------
流分布如下: 
---------------------------------
0   0   0   0   0   0   0   0   0   0   0   0   0   0   
0   0   0   0   19  0   0   0   0   0   0   0   0   0   
0   0   0   0   0   0   0   0   0   0   0   0   0   0   
0   0   0   0   0   0   0   19  0   0   0   0   0   0   
0   0   0   19  0   0   0   0   0   0   0   0   0   0   
0   0   0   0   0   0   0   0   0   0   0   0   0   0   
0   0   0   0   0   0   0   0   0   0   0   0   19  19  
0   0   0   0   0   0   0   0   0   0   0   0   0   0   
0   0   0   0   0   0   0   0   0   0   0   0   0   0   
0   1   0   0   0   0   0   0   0   0   0   0   0   0   
0   0   0   0   0   0   0   0   0   0   0   0   0   0   
0   0   0   0   0   0   0   0   0   0   0   0   0   0   
0   0   0   0   0   0   0   19  0   0   0   0   0   0   
0   18  0   0   0   0   0   0   0   1   0   0   0   0   
---------------------------------
关键边输出如下：
---------------------------------
13   S         19        0.158286  0.188374  
23   S         19        0.158286  0.274875  
11   S         19        0.677668  0.677668  
14   S         23        0.098065  0.136121  
3    S         26        0.04457   0.0739087 
8    S         29        0.181011  0.216245  
25   S         34        0.0452787 0.0452787 
17   S         38        0.0549686 0.0549686 
26   S         38        0.0549686 0.0549686 
12   S         38        0.107265  0.107265  
5    S         38        0.107265  0.107265  
18   S         38        0.107265  0.107265  
4    S         38        0.107265  0.127655  
1    S         38        0.107265  0.127655  
15   S         38        0.107265  0.127655  
16   S         38        0.107265  0.127655  
2    S         38        0.107265  0.127655  
10   S         38        0.107265  0.127655  
19   S         38        0.107265  0.127655  
20   S         38        0.107265  0.127655  
21   S         38        0.107265  0.127655  
22   S         38        0.107265  0.127655  
6    S         38        0.107265  0.127655  
24   S         38        0.107265  0.127655  
7    S         38        0.107265  0.127655  
9    S         38        0.107265  0.127655  
---------------------------------
---------------------------------

7--8最大流值为：38
最可靠最大流分布概率为 ： 0.107265
状态划分算法消耗的内存为：4.87109
状态划分算法运行时间(ms) ： 133.715
---------------------------------
流分布如下: 
---------------------------------
0   0   0   0   0   0   0   0   0   0   0   0   0   0   
0   0   0   0   19  0   0   0   0   0   0   0   0   0   
0   0   0   0   0   0   0   0   0   0   0   0   0   0   
0   0   0   0   0   0   0   19  0   0   0   0   0   0   
0   0   0   19  0   0   0   0   0   0   0   0   0   0   
0   0   0   0   0   0   0   0   0   0   0   0   0   0   
0   0   0   0   0   0   0   0   0   0   0   0   19  19  
0   0   0   0   0   0   0   0   0   0   0   0   0   0   
0   0   0   0   0   0   0   0   0   0   0   0   0   0   
0   1   0   0   0   0   0   0   0   0   0   0   0   0   
0   0   0   0   0   0   0   0   0   0   0   0   0   0   
0   0   0   0   0   0   0   0   0   0   0   0   0   0   
0   0   0   0   0   0   0   19  0   0   0   0   0   0   
0   18  0   0   0   0   0   0   0   1   0   0   0   0   
---------------------------------
关键边输出如下：
---------------------------------
13   S         19        0.158286  0.188374  
23   S         19        0.158286  0.274875  
11   S         19        0.677668  0.677668  
14   S         23        0.098065  0.136121  
3    S         26        0.04457   0.0739087 
8    S         29        0.181011  0.216245  
25   S         34        0.0452787 0.0452787 
17   S         38        0.0549686 0.0549686 
26   S         38        0.0549686 0.0549686 
12   S         38        0.107265  0.107265  
5    S         38        0.107265  0.107265  
18   S         38        0.107265  0.107265  
4    S         38        0.107265  0.127655  
1    S         38        0.107265  0.127655  
15   S         38        0.107265  0.127655  
16   S         38        0.107265  0.127655  
2    S         38        0.107265  0.127655  
10   S         38        0.107265  0.127655  
19   S         38        0.107265  0.127655  
20   S         38        0.107265  0.127655  
21   S         38        0.107265  0.127655  
22   S         38        0.107265  0.127655  
6    S         38        0.107265  0.127655  
24   S         38        0.107265  0.127655  
7    S         38        0.107265  0.127655  
9    S         38        0.107265  0.127655  
---------------------------------
---------------------------------

7--8最大流值为：38
最可靠最大流分布概率为 ： 0.107265
状态划分算法消耗的内存为：4.82422
状态划分算法运行时间(ms) ： 134.27
---------------------------------
流分布如下: 
---------------------------------
0   0   0   0   0   0   0   0   0   0   0   0   0   0   
0   0   0   0   19  0   0   0   0   0   0   0   0   0   
0   0   0   0   0   0   0   0   0   0   0   0   0   0   
0   0   0   0   0   0   0   19  0   0   0   0   0   0   
0   0   0   19  0   0   0   0   0   0   0   0   0   0   
0   0   0   0   0   0   0   0   0   0   0   0   0   0   
0   0   0   0   0   0   0   0   0   0   0   0   19  19  
0   0   0   0   0   0   0   0   0   0   0   0   0   0   
0   0   0   0   0   0   0   0   0   0   0   0   0   0   
0   1   0   0   0   0   0   0   0   0   0   0   0   0   
0   0   0   0   0   0   0   0   0   0   0   0   0   0   
0   0   0   0   0   0   0   0   0   0   0   0   0   0   
0   0   0   0   0   0   0   19  0   0   0   0   0   0   
0   18  0   0   0   0   0   0   0   1   0   0   0   0   
---------------------------------
关键边输出如下：
---------------------------------
13   S         19        0.158286  0.188374  
23   S         19        0.158286  0.274875  
11   S         19        0.677668  0.677668  
14   S         23        0.098065  0.136121  
3    S         26        0.04457   0.0739087 
8    S         29        0.181011  0.216245  
25   S         34        0.0452787 0.0452787 
17   S         38        0.0549686 0.0549686 
26   S         38        0.0549686 0.0549686 
12   S         38        0.107265  0.107265  
5    S         38        0.107265  0.107265  
18   S         38        0.107265  0.107265  
4    S         38        0.107265  0.127655  
1    S         38        0.107265  0.127655  
15   S         38        0.107265  0.127655  
16   S         38        0.107265  0.127655  
2    S         38        0.107265  0.127655  
10   S         38        0.107265  0.127655  
19   S         38        0.107265  0.127655  
20   S         38        0.107265  0.127655  
21   S         38        0.107265  0.127655  
22   S         38        0.107265  0.127655  
6    S         38        0.107265  0.127655  
24   S         38        0.107265  0.127655  
7    S         38        0.107265  0.127655  
9    S         38        0.107265  0.127655  
---------------------------------
---------------------------------

7--8最大流值为：38
最可靠最大流分布概率为 ： 0.107265
状态划分算法消耗的内存为：4.87109
状态划分算法运行时间(ms) ： 133.227
---------------------------------
流分布如下: 
---------------------------------
0   0   0   0   0   0   0   0   0   0   0   0   0   0   
0   0   0   0   19  0   0   0   0   0   0   0   0   0   
0   0   0   0   0   0   0   0   0   0   0   0   0   0   
0   0   0   0   0   0   0   19  0   0   0   0   0   0   
0   0   0   19  0   0   0   0   0   0   0   0   0   0   
0   0   0   0   0   0   0   0   0   0   0   0   0   0   
0   0   0   0   0   0   0   0   0   0   0   0   19  19  
0   0   0   0   0   0   0   0   0   0   0   0   0   0   
0   0   0   0   0   0   0   0   0   0   0   0   0   0   
0   1   0   0   0   0   0   0   0   0   0   0   0   0   
0   0   0   0   0   0   0   0   0   0   0   0   0   0   
0   0   0   0   0   0   0   0   0   0   0   0   0   0   
0   0   0   0   0   0   0   19  0   0   0   0   0   0   
0   18  0   0   0   0   0   0   0   1   0   0   0   0   
---------------------------------
关键边输出如下：
---------------------------------
13   S         19        0.158286  0.188374  
23   S         19        0.158286  0.274875  
11   S         19        0.677668  0.677668  
14   S         23        0.098065  0.136121  
3    S         26        0.04457   0.0739087 
8    S         29        0.181011  0.216245  
25   S         34        0.0452787 0.0452787 
17   S         38        0.0549686 0.0549686 
26   S         38        0.0549686 0.0549686 
12   S         38        0.107265  0.107265  
5    S         38        0.107265  0.107265  
18   S         38        0.107265  0.107265  
4    S         38        0.107265  0.127655  
1    S         38        0.107265  0.127655  
15   S         38        0.107265  0.127655  
16   S         38        0.107265  0.127655  
2    S         38        0.107265  0.127655  
10   S         38        0.107265  0.127655  
19   S         38        0.107265  0.127655  
20   S         38        0.107265  0.127655  
21   S         38        0.107265  0.127655  
22   S         38        0.107265  0.127655  
6    S         38        0.107265  0.127655  
24   S         38        0.107265  0.127655  
7    S         38        0.107265  0.127655  
9    S         38        0.107265  0.127655  
---------------------------------
---------------------------------

7--8最大流值为：38
最可靠最大流分布概率为 ： 0.107265
状态划分算法消耗的内存为：4.96484
状态划分算法运行时间(ms) ： 134.216
---------------------------------
流分布如下: 
---------------------------------
0   0   0   0   0   0   0   0   0   0   0   0   0   0   
0   0   0   0   19  0   0   0   0   0   0   0   0   0   
0   0   0   0   0   0   0   0   0   0   0   0   0   0   
0   0   0   0   0   0   0   19  0   0   0   0   0   0   
0   0   0   19  0   0   0   0   0   0   0   0   0   0   
0   0   0   0   0   0   0   0   0   0   0   0   0   0   
0   0   0   0   0   0   0   0   0   0   0   0   19  19  
0   0   0   0   0   0   0   0   0   0   0   0   0   0   
0   0   0   0   0   0   0   0   0   0   0   0   0   0   
0   1   0   0   0   0   0   0   0   0   0   0   0   0   
0   0   0   0   0   0   0   0   0   0   0   0   0   0   
0   0   0   0   0   0   0   0   0   0   0   0   0   0   
0   0   0   0   0   0   0   19  0   0   0   0   0   0   
0   18  0   0   0   0   0   0   0   1   0   0   0   0   
---------------------------------
关键边输出如下：
---------------------------------
13   S         19        0.158286  0.188374  
23   S         19        0.158286  0.274875  
11   S         19        0.677668  0.677668  
14   S         23        0.098065  0.136121  
3    S         26        0.04457   0.0739087 
8    S         29        0.181011  0.216245  
25   S         34        0.0452787 0.0452787 
17   S         38        0.0549686 0.0549686 
26   S         38        0.0549686 0.0549686 
12   S         38        0.107265  0.107265  
5    S         38        0.107265  0.107265  
18   S         38        0.107265  0.107265  
4    S         38        0.107265  0.127655  
1    S         38        0.107265  0.127655  
15   S         38        0.107265  0.127655  
16   S         38        0.107265  0.127655  
2    S         38        0.107265  0.127655  
10   S         38        0.107265  0.127655  
19   S         38        0.107265  0.127655  
20   S         38        0.107265  0.127655  
21   S         38        0.107265  0.127655  
22   S         38        0.107265  0.127655  
6    S         38        0.107265  0.127655  
24   S         38        0.107265  0.127655  
7    S         38        0.107265  0.127655  
9    S         38        0.107265  0.127655  
---------------------------------
---------------------------------

7--8最大流值为：38
最可靠最大流分布概率为 ： 0.107265
状态划分算法消耗的内存为：4.87891
状态划分算法运行时间(ms) ： 132.997
---------------------------------
流分布如下: 
---------------------------------
0   0   0   0   0   0   0   0   0   0   0   0   0   0   
0   0   0   0   19  0   0   0   0   0   0   0   0   0   
0   0   0   0   0   0   0   0   0   0   0   0   0   0   
0   0   0   0   0   0   0   19  0   0   0   0   0   0   
0   0   0   19  0   0   0   0   0   0   0   0   0   0   
0   0   0   0   0   0   0   0   0   0   0   0   0   0   
0   0   0   0   0   0   0   0   0   0   0   0   19  19  
0   0   0   0   0   0   0   0   0   0   0   0   0   0   
0   0   0   0   0   0   0   0   0   0   0   0   0   0   
0   1   0   0   0   0   0   0   0   0   0   0   0   0   
0   0   0   0   0   0   0   0   0   0   0   0   0   0   
0   0   0   0   0   0   0   0   0   0   0   0   0   0   
0   0   0   0   0   0   0   19  0   0   0   0   0   0   
0   18  0   0   0   0   0   0   0   1   0   0   0   0   
---------------------------------
关键边输出如下：
---------------------------------
13   S         19        0.158286  0.188374  
23   S         19        0.158286  0.274875  
11   S         19        0.677668  0.677668  
14   S         23        0.098065  0.136121  
3    S         26        0.04457   0.0739087 
8    S         29        0.181011  0.216245  
25   S         34        0.0452787 0.0452787 
17   S         38        0.0549686 0.0549686 
26   S         38        0.0549686 0.0549686 
12   S         38        0.107265  0.107265  
5    S         38        0.107265  0.107265  
18   S         38        0.107265  0.107265  
4    S         38        0.107265  0.127655  
1    S         38        0.107265  0.127655  
15   S         38        0.107265  0.127655  
16   S         38        0.107265  0.127655  
2    S         38        0.107265  0.127655  
10   S         38        0.107265  0.127655  
19   S         38        0.107265  0.127655  
20   S         38        0.107265  0.127655  
21   S         38        0.107265  0.127655  
22   S         38        0.107265  0.127655  
6    S         38        0.107265  0.127655  
24   S         38        0.107265  0.127655  
7    S         38        0.107265  0.127655  
9    S         38        0.107265  0.127655  
---------------------------------
---------------------------------

7--8最大流值为：38
最可靠最大流分布概率为 ： 0.107265
状态划分算法消耗的内存为：4.94531
状态划分算法运行时间(ms) ： 132.637
---------------------------------
流分布如下: 
---------------------------------
0   0   0   0   0   0   0   0   0   0   0   0   0   0   
0   0   0   0   19  0   0   0   0   0   0   0   0   0   
0   0   0   0   0   0   0   0   0   0   0   0   0   0   
0   0   0   0   0   0   0   19  0   0   0   0   0   0   
0   0   0   19  0   0   0   0   0   0   0   0   0   0   
0   0   0   0   0   0   0   0   0   0   0   0   0   0   
0   0   0   0   0   0   0   0   0   0   0   0   19  19  
0   0   0   0   0   0   0   0   0   0   0   0   0   0   
0   0   0   0   0   0   0   0   0   0   0   0   0   0   
0   1   0   0   0   0   0   0   0   0   0   0   0   0   
0   0   0   0   0   0   0   0   0   0   0   0   0   0   
0   0   0   0   0   0   0   0   0   0   0   0   0   0   
0   0   0   0   0   0   0   19  0   0   0   0   0   0   
0   18  0   0   0   0   0   0   0   1   0   0   0   0   
---------------------------------
关键边输出如下：
---------------------------------
13   S         19        0.158286  0.188374  
23   S         19        0.158286  0.274875  
11   S         19        0.677668  0.677668  
14   S         23        0.098065  0.136121  
3    S         26        0.04457   0.0739087 
8    S         29        0.181011  0.216245  
25   S         34        0.0452787 0.0452787 
17   S         38        0.0549686 0.0549686 
26   S         38        0.0549686 0.0549686 
12   S         38        0.107265  0.107265  
5    S         38        0.107265  0.107265  
18   S         38        0.107265  0.107265  
4    S         38        0.107265  0.127655  
1    S         38        0.107265  0.127655  
15   S         38        0.107265  0.127655  
16   S         38        0.107265  0.127655  
2    S         38        0.107265  0.127655  
10   S         38        0.107265  0.127655  
19   S         38        0.107265  0.127655  
20   S         38        0.107265  0.127655  
21   S         38        0.107265  0.127655  
22   S         38        0.107265  0.127655  
6    S         38        0.107265  0.127655  
24   S         38        0.107265  0.127655  
7    S         38        0.107265  0.127655  
9    S         38        0.107265  0.127655  
---------------------------------
---------------------------------

7--8最大流值为：38
最可靠最大流分布概率为 ： 0.107265
状态划分算法消耗的内存为：4.87109
状态划分算法运行时间(ms) ： 132.091
---------------------------------
流分布如下: 
---------------------------------
0   0   0   0   0   0   0   0   0   0   0   0   0   0   
0   0   0   0   19  0   0   0   0   0   0   0   0   0   
0   0   0   0   0   0   0   0   0   0   0   0   0   0   
0   0   0   0   0   0   0   19  0   0   0   0   0   0   
0   0   0   19  0   0   0   0   0   0   0   0   0   0   
0   0   0   0   0   0   0   0   0   0   0   0   0   0   
0   0   0   0   0   0   0   0   0   0   0   0   19  19  
0   0   0   0   0   0   0   0   0   0   0   0   0   0   
0   0   0   0   0   0   0   0   0   0   0   0   0   0   
0   1   0   0   0   0   0   0   0   0   0   0   0   0   
0   0   0   0   0   0   0   0   0   0   0   0   0   0   
0   0   0   0   0   0   0   0   0   0   0   0   0   0   
0   0   0   0   0   0   0   19  0   0   0   0   0   0   
0   18  0   0   0   0   0   0   0   1   0   0   0   0   
---------------------------------
关键边输出如下：
---------------------------------
13   S         19        0.158286  0.188374  
23   S         19        0.158286  0.274875  
11   S         19        0.677668  0.677668  
14   S         23        0.098065  0.136121  
3    S         26        0.04457   0.0739087 
8    S         29        0.181011  0.216245  
25   S         34        0.0452787 0.0452787 
17   S         38        0.0549686 0.0549686 
26   S         38        0.0549686 0.0549686 
12   S         38        0.107265  0.107265  
5    S         38        0.107265  0.107265  
18   S         38        0.107265  0.107265  
4    S         38        0.107265  0.127655  
1    S         38        0.107265  0.127655  
15   S         38        0.107265  0.127655  
16   S         38        0.107265  0.127655  
2    S         38        0.107265  0.127655  
10   S         38        0.107265  0.127655  
19   S         38        0.107265  0.127655  
20   S         38        0.107265  0.127655  
21   S         38        0.107265  0.127655  
22   S         38        0.107265  0.127655  
6    S         38        0.107265  0.127655  
24   S         38        0.107265  0.127655  
7    S         38        0.107265  0.127655  
9    S         38        0.107265  0.127655  
---------------------------------
---------------------------------

7--8最大流值为：38
最可靠最大流分布概率为 ： 0.107265
状态划分算法消耗的内存为：4.88281
状态划分算法运行时间(ms) ： 132.677
---------------------------------
流分布如下: 
---------------------------------
0   0   0   0   0   0   0   0   0   0   0   0   0   0   
0   0   0   0   19  0   0   0   0   0   0   0   0   0   
0   0   0   0   0   0   0   0   0   0   0   0   0   0   
0   0   0   0   0   0   0   19  0   0   0   0   0   0   
0   0   0   19  0   0   0   0   0   0   0   0   0   0   
0   0   0   0   0   0   0   0   0   0   0   0   0   0   
0   0   0   0   0   0   0   0   0   0   0   0   19  19  
0   0   0   0   0   0   0   0   0   0   0   0   0   0   
0   0   0   0   0   0   0   0   0   0   0   0   0   0   
0   1   0   0   0   0   0   0   0   0   0   0   0   0   
0   0   0   0   0   0   0   0   0   0   0   0   0   0   
0   0   0   0   0   0   0   0   0   0   0   0   0   0   
0   0   0   0   0   0   0   19  0   0   0   0   0   0   
0   18  0   0   0   0   0   0   0   1   0   0   0   0   
---------------------------------
关键边输出如下：
---------------------------------
13   S         19        0.158286  0.188374  
23   S         19        0.158286  0.274875  
11   S         19        0.677668  0.677668  
14   S         23        0.098065  0.136121  
3    S         26        0.04457   0.0739087 
8    S         29        0.181011  0.216245  
25   S         34        0.0452787 0.0452787 
17   S         38        0.0549686 0.0549686 
26   S         38        0.0549686 0.0549686 
12   S         38        0.107265  0.107265  
5    S         38        0.107265  0.107265  
18   S         38        0.107265  0.107265  
4    S         38        0.107265  0.127655  
1    S         38        0.107265  0.127655  
15   S         38        0.107265  0.127655  
16   S         38        0.107265  0.127655  
2    S         38        0.107265  0.127655  
10   S         38        0.107265  0.127655  
19   S         38        0.107265  0.127655  
20   S         38        0.107265  0.127655  
21   S         38        0.107265  0.127655  
22   S         38        0.107265  0.127655  
6    S         38        0.107265  0.127655  
24   S         38        0.107265  0.127655  
7    S         38        0.107265  0.127655  
9    S         38        0.107265  0.127655  
---------------------------------
---------------------------------

7--8最大流值为：38
最可靠最大流分布概率为 ： 0.107265
状态划分算法消耗的内存为：4.95313
状态划分算法运行时间(ms) ： 133.889
---------------------------------
流分布如下: 
---------------------------------
0   0   0   0   0   0   0   0   0   0   0   0   0   0   
0   0   0   0   19  0   0   0   0   0   0   0   0   0   
0   0   0   0   0   0   0   0   0   0   0   0   0   0   
0   0   0   0   0   0   0   19  0   0   0   0   0   0   
0   0   0   19  0   0   0   0   0   0   0   0   0   0   
0   0   0   0   0   0   0   0   0   0   0   0   0   0   
0   0   0   0   0   0   0   0   0   0   0   0   19  19  
0   0   0   0   0   0   0   0   0   0   0   0   0   0   
0   0   0   0   0   0   0   0   0   0   0   0   0   0   
0   1   0   0   0   0   0   0   0   0   0   0   0   0   
0   0   0   0   0   0   0   0   0   0   0   0   0   0   
0   0   0   0   0   0   0   0   0   0   0   0   0   0   
0   0   0   0   0   0   0   19  0   0   0   0   0   0   
0   18  0   0   0   0   0   0   0   1   0   0   0   0   
---------------------------------
关键边输出如下：
---------------------------------
13   S         19        0.158286  0.188374  
23   S         19        0.158286  0.274875  
11   S         19        0.677668  0.677668  
14   S         23        0.098065  0.136121  
3    S         26        0.04457   0.0739087 
8    S         29        0.181011  0.216245  
25   S         34        0.0452787 0.0452787 
17   S         38        0.0549686 0.0549686 
26   S         38        0.0549686 0.0549686 
12   S         38        0.107265  0.107265  
5    S         38        0.107265  0.107265  
18   S         38        0.107265  0.107265  
4    S         38        0.107265  0.127655  
1    S         38        0.107265  0.127655  
15   S         38        0.107265  0.127655  
16   S         38        0.107265  0.127655  
2    S         38        0.107265  0.127655  
10   S         38        0.107265  0.127655  
19   S         38        0.107265  0.127655  
20   S         38        0.107265  0.127655  
21   S         38        0.107265  0.127655  
22   S         38        0.107265  0.127655  
6    S         38        0.107265  0.127655  
24   S         38        0.107265  0.127655  
7    S         38        0.107265  0.127655  
9    S         38        0.107265  0.127655  
---------------------------------
---------------------------------

