1--5最大流值为：45
最可靠最大流分布概率为 ： 0.127364
状态划分算法消耗的内存为：4.90234
状态划分算法运行时间(ms) ： 11.6181
---------------------------------
流分布如下: 
---------------------------------
0   7   18  0   20  0   
0   0   7   0   0   0   
0   0   0   23  0   2   
0   0   0   0   23  0   
0   0   0   0   0   0   
0   0   0   0   2   0   
---------------------------------
关键边输出如下：
---------------------------------
5    S         22        0.368712  0.455991  
7    S         22        0.368712  0.455991  
3    S         25        0.134396  0.134396  
2    S         28        0.327356  0.327356  
1    S         38        0.478132  0.478132  
4    S         38        0.478132  0.478132  
6    S         43        0.214177  0.214177  
10   S         43        0.214177  0.214177  
9    S         45        0.127364  0.127364  
8    S         45        0.127364  0.127364  
---------------------------------
---------------------------------

1--5最大流值为：45
最可靠最大流分布概率为 ： 0.127364
状态划分算法消耗的内存为：4.83984
状态划分算法运行时间(ms) ： 11.6537
---------------------------------
流分布如下: 
---------------------------------
0   7   18  0   20  0   
0   0   7   0   0   0   
0   0   0   23  0   2   
0   0   0   0   23  0   
0   0   0   0   0   0   
0   0   0   0   2   0   
---------------------------------
关键边输出如下：
---------------------------------
5    S         22        0.368712  0.455991  
7    S         22        0.368712  0.455991  
3    S         25        0.134396  0.134396  
2    S         28        0.327356  0.327356  
1    S         38        0.478132  0.478132  
4    S         38        0.478132  0.478132  
6    S         43        0.214177  0.214177  
10   S         43        0.214177  0.214177  
9    S         45        0.127364  0.127364  
8    S         45        0.127364  0.127364  
---------------------------------
---------------------------------

1--5最大流值为：45
最可靠最大流分布概率为 ： 0.127364
状态划分算法消耗的内存为：4.85156
状态划分算法运行时间(ms) ： 11.9021
---------------------------------
流分布如下: 
---------------------------------
0   7   18  0   20  0   
0   0   7   0   0   0   
0   0   0   23  0   2   
0   0   0   0   23  0   
0   0   0   0   0   0   
0   0   0   0   2   0   
---------------------------------
关键边输出如下：
---------------------------------
5    S         22        0.368712  0.455991  
7    S         22        0.368712  0.455991  
3    S         25        0.134396  0.134396  
2    S         28        0.327356  0.327356  
1    S         38        0.478132  0.478132  
4    S         38        0.478132  0.478132  
6    S         43        0.214177  0.214177  
10   S         43        0.214177  0.214177  
9    S         45        0.127364  0.127364  
8    S         45        0.127364  0.127364  
---------------------------------
---------------------------------

1--5最大流值为：45
最可靠最大流分布概率为 ： 0.127364
状态划分算法消耗的内存为：4.95313
状态划分算法运行时间(ms) ： 12.2281
---------------------------------
流分布如下: 
---------------------------------
0   7   18  0   20  0   
0   0   7   0   0   0   
0   0   0   23  0   2   
0   0   0   0   23  0   
0   0   0   0   0   0   
0   0   0   0   2   0   
---------------------------------
关键边输出如下：
---------------------------------
5    S         22        0.368712  0.455991  
7    S         22        0.368712  0.455991  
3    S         25        0.134396  0.134396  
2    S         28        0.327356  0.327356  
1    S         38        0.478132  0.478132  
4    S         38        0.478132  0.478132  
6    S         43        0.214177  0.214177  
10   S         43        0.214177  0.214177  
9    S         45        0.127364  0.127364  
8    S         45        0.127364  0.127364  
---------------------------------
---------------------------------

1--5最大流值为：45
最可靠最大流分布概率为 ： 0.127364
状态划分算法消耗的内存为：4.86719
状态划分算法运行时间(ms) ： 11.8116
---------------------------------
流分布如下: 
---------------------------------
0   7   18  0   20  0   
0   0   7   0   0   0   
0   0   0   23  0   2   
0   0   0   0   23  0   
0   0   0   0   0   0   
0   0   0   0   2   0   
---------------------------------
关键边输出如下：
---------------------------------
5    S         22        0.368712  0.455991  
7    S         22        0.368712  0.455991  
3    S         25        0.134396  0.134396  
2    S         28        0.327356  0.327356  
1    S         38        0.478132  0.478132  
4    S         38        0.478132  0.478132  
6    S         43        0.214177  0.214177  
10   S         43        0.214177  0.214177  
9    S         45        0.127364  0.127364  
8    S         45        0.127364  0.127364  
---------------------------------
---------------------------------

1--5最大流值为：45
最可靠最大流分布概率为 ： 0.127364
状态划分算法消耗的内存为：4.875
状态划分算法运行时间(ms) ： 12.9033
---------------------------------
流分布如下: 
---------------------------------
0   7   18  0   20  0   
0   0   7   0   0   0   
0   0   0   23  0   2   
0   0   0   0   23  0   
0   0   0   0   0   0   
0   0   0   0   2   0   
---------------------------------
关键边输出如下：
---------------------------------
5    S         22        0.368712  0.455991  
7    S         22        0.368712  0.455991  
3    S         25        0.134396  0.134396  
2    S         28        0.327356  0.327356  
1    S         38        0.478132  0.478132  
4    S         38        0.478132  0.478132  
6    S         43        0.214177  0.214177  
10   S         43        0.214177  0.214177  
9    S         45        0.127364  0.127364  
8    S         45        0.127364  0.127364  
---------------------------------
---------------------------------

1--5最大流值为：45
最可靠最大流分布概率为 ： 0.127364
状态划分算法消耗的内存为：4.87891
状态划分算法运行时间(ms) ： 11.6371
---------------------------------
流分布如下: 
---------------------------------
0   7   18  0   20  0   
0   0   7   0   0   0   
0   0   0   23  0   2   
0   0   0   0   23  0   
0   0   0   0   0   0   
0   0   0   0   2   0   
---------------------------------
关键边输出如下：
---------------------------------
5    S         22        0.368712  0.455991  
7    S         22        0.368712  0.455991  
3    S         25        0.134396  0.134396  
2    S         28        0.327356  0.327356  
1    S         38        0.478132  0.478132  
4    S         38        0.478132  0.478132  
6    S         43        0.214177  0.214177  
10   S         43        0.214177  0.214177  
9    S         45        0.127364  0.127364  
8    S         45        0.127364  0.127364  
---------------------------------
---------------------------------

1--5最大流值为：45
最可靠最大流分布概率为 ： 0.127364
状态划分算法消耗的内存为：4.87109
状态划分算法运行时间(ms) ： 11.6963
---------------------------------
流分布如下: 
---------------------------------
0   7   18  0   20  0   
0   0   7   0   0   0   
0   0   0   23  0   2   
0   0   0   0   23  0   
0   0   0   0   0   0   
0   0   0   0   2   0   
---------------------------------
关键边输出如下：
---------------------------------
5    S         22        0.368712  0.455991  
7    S         22        0.368712  0.455991  
3    S         25        0.134396  0.134396  
2    S         28        0.327356  0.327356  
1    S         38        0.478132  0.478132  
4    S         38        0.478132  0.478132  
6    S         43        0.214177  0.214177  
10   S         43        0.214177  0.214177  
9    S         45        0.127364  0.127364  
8    S         45        0.127364  0.127364  
---------------------------------
---------------------------------

1--5最大流值为：45
最可靠最大流分布概率为 ： 0.127364
状态划分算法消耗的内存为：4.87109
状态划分算法运行时间(ms) ： 11.6981
---------------------------------
流分布如下: 
---------------------------------
0   7   18  0   20  0   
0   0   7   0   0   0   
0   0   0   23  0   2   
0   0   0   0   23  0   
0   0   0   0   0   0   
0   0   0   0   2   0   
---------------------------------
关键边输出如下：
---------------------------------
5    S         22        0.368712  0.455991  
7    S         22        0.368712  0.455991  
3    S         25        0.134396  0.134396  
2    S         28        0.327356  0.327356  
1    S         38        0.478132  0.478132  
4    S         38        0.478132  0.478132  
6    S         43        0.214177  0.214177  
10   S         43        0.214177  0.214177  
9    S         45        0.127364  0.127364  
8    S         45        0.127364  0.127364  
---------------------------------
---------------------------------

1--5最大流值为：45
最可靠最大流分布概率为 ： 0.127364
状态划分算法消耗的内存为：4.94531
状态划分算法运行时间(ms) ： 11.7518
---------------------------------
流分布如下: 
---------------------------------
0   7   18  0   20  0   
0   0   7   0   0   0   
0   0   0   23  0   2   
0   0   0   0   23  0   
0   0   0   0   0   0   
0   0   0   0   2   0   
---------------------------------
关键边输出如下：
---------------------------------
5    S         22        0.368712  0.455991  
7    S         22        0.368712  0.455991  
3    S         25        0.134396  0.134396  
2    S         28        0.327356  0.327356  
1    S         38        0.478132  0.478132  
4    S         38        0.478132  0.478132  
6    S         43        0.214177  0.214177  
10   S         43        0.214177  0.214177  
9    S         45        0.127364  0.127364  
8    S         45        0.127364  0.127364  
---------------------------------
---------------------------------

