5--1最大流值为：76
最可靠最大流分布概率为 ： 0.115151
状态划分算法消耗的内存为：4.88281
状态划分算法运行时间(ms) ： 6.44654
---------------------------------
流分布如下: 
---------------------------------
0   0   0   0   0   0   
22  0   0   0   0   0   
0   0   0   0   0   0   
32  0   0   0   0   0   
22  22  0   32  0   0   
0   0   0   0   0   0   
---------------------------------
关键边输出如下：
---------------------------------
7    S         44        0.359729  0.359729  
10   S         44        0.359729  0.359729  
9    S         54        0.164846  0.164846  
1    S         54        0.164846  0.164846  
8    S         54        0.223604  0.223604  
6    S         76        0.115151  0.115151  
2    S         76        0.115151  0.115151  
3    S         76        0.115151  0.115151  
4    S         76        0.115151  0.115151  
5    S         76        0.115151  0.115151  
---------------------------------
---------------------------------

5--1最大流值为：76
最可靠最大流分布概率为 ： 0.115151
状态划分算法消耗的内存为：4.96484
状态划分算法运行时间(ms) ： 6.4239
---------------------------------
流分布如下: 
---------------------------------
0   0   0   0   0   0   
22  0   0   0   0   0   
0   0   0   0   0   0   
32  0   0   0   0   0   
22  22  0   32  0   0   
0   0   0   0   0   0   
---------------------------------
关键边输出如下：
---------------------------------
7    S         44        0.359729  0.359729  
10   S         44        0.359729  0.359729  
9    S         54        0.164846  0.164846  
1    S         54        0.164846  0.164846  
8    S         54        0.223604  0.223604  
6    S         76        0.115151  0.115151  
2    S         76        0.115151  0.115151  
3    S         76        0.115151  0.115151  
4    S         76        0.115151  0.115151  
5    S         76        0.115151  0.115151  
---------------------------------
---------------------------------

5--1最大流值为：76
最可靠最大流分布概率为 ： 0.115151
状态划分算法消耗的内存为：4.94141
状态划分算法运行时间(ms) ： 6.49937
---------------------------------
流分布如下: 
---------------------------------
0   0   0   0   0   0   
22  0   0   0   0   0   
0   0   0   0   0   0   
32  0   0   0   0   0   
22  22  0   32  0   0   
0   0   0   0   0   0   
---------------------------------
关键边输出如下：
---------------------------------
7    S         44        0.359729  0.359729  
10   S         44        0.359729  0.359729  
9    S         54        0.164846  0.164846  
1    S         54        0.164846  0.164846  
8    S         54        0.223604  0.223604  
6    S         76        0.115151  0.115151  
2    S         76        0.115151  0.115151  
3    S         76        0.115151  0.115151  
4    S         76        0.115151  0.115151  
5    S         76        0.115151  0.115151  
---------------------------------
---------------------------------

5--1最大流值为：76
最可靠最大流分布概率为 ： 0.115151
状态划分算法消耗的内存为：4.87109
状态划分算法运行时间(ms) ： 6.52925
---------------------------------
流分布如下: 
---------------------------------
0   0   0   0   0   0   
22  0   0   0   0   0   
0   0   0   0   0   0   
32  0   0   0   0   0   
22  22  0   32  0   0   
0   0   0   0   0   0   
---------------------------------
关键边输出如下：
---------------------------------
7    S         44        0.359729  0.359729  
10   S         44        0.359729  0.359729  
9    S         54        0.164846  0.164846  
1    S         54        0.164846  0.164846  
8    S         54        0.223604  0.223604  
6    S         76        0.115151  0.115151  
2    S         76        0.115151  0.115151  
3    S         76        0.115151  0.115151  
4    S         76        0.115151  0.115151  
5    S         76        0.115151  0.115151  
---------------------------------
---------------------------------

5--1最大流值为：76
最可靠最大流分布概率为 ： 0.115151
状态划分算法消耗的内存为：4.875
状态划分算法运行时间(ms) ： 6.72243
---------------------------------
流分布如下: 
---------------------------------
0   0   0   0   0   0   
22  0   0   0   0   0   
0   0   0   0   0   0   
32  0   0   0   0   0   
22  22  0   32  0   0   
0   0   0   0   0   0   
---------------------------------
关键边输出如下：
---------------------------------
7    S         44        0.359729  0.359729  
10   S         44        0.359729  0.359729  
9    S         54        0.164846  0.164846  
1    S         54        0.164846  0.164846  
8    S         54        0.223604  0.223604  
6    S         76        0.115151  0.115151  
2    S         76        0.115151  0.115151  
3    S         76        0.115151  0.115151  
4    S         76        0.115151  0.115151  
5    S         76        0.115151  0.115151  
---------------------------------
---------------------------------

5--1最大流值为：76
最可靠最大流分布概率为 ： 0.115151
状态划分算法消耗的内存为：4.86719
状态划分算法运行时间(ms) ： 6.94278
---------------------------------
流分布如下: 
---------------------------------
0   0   0   0   0   0   
22  0   0   0   0   0   
0   0   0   0   0   0   
32  0   0   0   0   0   
22  22  0   32  0   0   
0   0   0   0   0   0   
---------------------------------
关键边输出如下：
---------------------------------
7    S         44        0.359729  0.359729  
10   S         44        0.359729  0.359729  
9    S         54        0.164846  0.164846  
1    S         54        0.164846  0.164846  
8    S         54        0.223604  0.223604  
6    S         76        0.115151  0.115151  
2    S         76        0.115151  0.115151  
3    S         76        0.115151  0.115151  
4    S         76        0.115151  0.115151  
5    S         76        0.115151  0.115151  
---------------------------------
---------------------------------

5--1最大流值为：76
最可靠最大流分布概率为 ： 0.115151
状态划分算法消耗的内存为：4.87109
状态划分算法运行时间(ms) ： 6.7502
---------------------------------
流分布如下: 
---------------------------------
0   0   0   0   0   0   
22  0   0   0   0   0   
0   0   0   0   0   0   
32  0   0   0   0   0   
22  22  0   32  0   0   
0   0   0   0   0   0   
---------------------------------
关键边输出如下：
---------------------------------
7    S         44        0.359729  0.359729  
10   S         44        0.359729  0.359729  
9    S         54        0.164846  0.164846  
1    S         54        0.164846  0.164846  
8    S         54        0.223604  0.223604  
6    S         76        0.115151  0.115151  
2    S         76        0.115151  0.115151  
3    S         76        0.115151  0.115151  
4    S         76        0.115151  0.115151  
5    S         76        0.115151  0.115151  
---------------------------------
---------------------------------

5--1最大流值为：76
最可靠最大流分布概率为 ： 0.115151
状态划分算法消耗的内存为：4.87109
状态划分算法运行时间(ms) ： 6.43447
---------------------------------
流分布如下: 
---------------------------------
0   0   0   0   0   0   
22  0   0   0   0   0   
0   0   0   0   0   0   
32  0   0   0   0   0   
22  22  0   32  0   0   
0   0   0   0   0   0   
---------------------------------
关键边输出如下：
---------------------------------
7    S         44        0.359729  0.359729  
10   S         44        0.359729  0.359729  
9    S         54        0.164846  0.164846  
1    S         54        0.164846  0.164846  
8    S         54        0.223604  0.223604  
6    S         76        0.115151  0.115151  
2    S         76        0.115151  0.115151  
3    S         76        0.115151  0.115151  
4    S         76        0.115151  0.115151  
5    S         76        0.115151  0.115151  
---------------------------------
---------------------------------

5--1最大流值为：76
最可靠最大流分布概率为 ： 0.115151
状态划分算法消耗的内存为：4.86719
状态划分算法运行时间(ms) ： 6.41545
---------------------------------
流分布如下: 
---------------------------------
0   0   0   0   0   0   
22  0   0   0   0   0   
0   0   0   0   0   0   
32  0   0   0   0   0   
22  22  0   32  0   0   
0   0   0   0   0   0   
---------------------------------
关键边输出如下：
---------------------------------
7    S         44        0.359729  0.359729  
10   S         44        0.359729  0.359729  
9    S         54        0.164846  0.164846  
1    S         54        0.164846  0.164846  
8    S         54        0.223604  0.223604  
6    S         76        0.115151  0.115151  
2    S         76        0.115151  0.115151  
3    S         76        0.115151  0.115151  
4    S         76        0.115151  0.115151  
5    S         76        0.115151  0.115151  
---------------------------------
---------------------------------

5--1最大流值为：76
最可靠最大流分布概率为 ： 0.115151
状态划分算法消耗的内存为：4.85938
状态划分算法运行时间(ms) ： 6.6684
---------------------------------
流分布如下: 
---------------------------------
0   0   0   0   0   0   
22  0   0   0   0   0   
0   0   0   0   0   0   
32  0   0   0   0   0   
22  22  0   32  0   0   
0   0   0   0   0   0   
---------------------------------
关键边输出如下：
---------------------------------
7    S         44        0.359729  0.359729  
10   S         44        0.359729  0.359729  
9    S         54        0.164846  0.164846  
1    S         54        0.164846  0.164846  
8    S         54        0.223604  0.223604  
6    S         76        0.115151  0.115151  
2    S         76        0.115151  0.115151  
3    S         76        0.115151  0.115151  
4    S         76        0.115151  0.115151  
5    S         76        0.115151  0.115151  
---------------------------------
---------------------------------

