3--1最大流值为：80
最可靠最大流分布概率为 ： 0.27254
状态划分算法消耗的内存为：4.88672
状态划分算法运行时间(ms) ： 13.629
---------------------------------
流分布如下: 
---------------------------------
0   0   0   0   0   0   
0   0   0   0   0   0   
20  0   0   0   37  23  
0   0   0   0   0   0   
33  0   0   0   0   4   
27  0   0   0   0   0   
---------------------------------
关键边输出如下：
---------------------------------
4    S         43        0.530526  0.530526  
7    S         47        0.291209  0.365203  
10   S         53        0.59617   0.59617   
5    S         59        0.330765  0.373836  
3    S         60        0.287588  0.325037  
9    S         80        0.193519  0.193519  
2    S         80        0.27254   0.27254   
8    S         80        0.27254   0.27254   
6    S         80        0.27254   0.30803   
1    S         80        0.27254   0.30803   
---------------------------------
---------------------------------

3--1最大流值为：80
最可靠最大流分布概率为 ： 0.27254
状态划分算法消耗的内存为：4.97266
状态划分算法运行时间(ms) ： 13.6314
---------------------------------
流分布如下: 
---------------------------------
0   0   0   0   0   0   
0   0   0   0   0   0   
20  0   0   0   37  23  
0   0   0   0   0   0   
33  0   0   0   0   4   
27  0   0   0   0   0   
---------------------------------
关键边输出如下：
---------------------------------
4    S         43        0.530526  0.530526  
7    S         47        0.291209  0.365203  
10   S         53        0.59617   0.59617   
5    S         59        0.330765  0.373836  
3    S         60        0.287588  0.325037  
9    S         80        0.193519  0.193519  
2    S         80        0.27254   0.27254   
8    S         80        0.27254   0.27254   
6    S         80        0.27254   0.30803   
1    S         80        0.27254   0.30803   
---------------------------------
---------------------------------

3--1最大流值为：80
最可靠最大流分布概率为 ： 0.27254
状态划分算法消耗的内存为：4.87109
状态划分算法运行时间(ms) ： 13.8234
---------------------------------
流分布如下: 
---------------------------------
0   0   0   0   0   0   
0   0   0   0   0   0   
20  0   0   0   37  23  
0   0   0   0   0   0   
33  0   0   0   0   4   
27  0   0   0   0   0   
---------------------------------
关键边输出如下：
---------------------------------
4    S         43        0.530526  0.530526  
7    S         47        0.291209  0.365203  
10   S         53        0.59617   0.59617   
5    S         59        0.330765  0.373836  
3    S         60        0.287588  0.325037  
9    S         80        0.193519  0.193519  
2    S         80        0.27254   0.27254   
8    S         80        0.27254   0.27254   
6    S         80        0.27254   0.30803   
1    S         80        0.27254   0.30803   
---------------------------------
---------------------------------

3--1最大流值为：80
最可靠最大流分布概率为 ： 0.27254
状态划分算法消耗的内存为：4.96094
状态划分算法运行时间(ms) ： 14.1844
---------------------------------
流分布如下: 
---------------------------------
0   0   0   0   0   0   
0   0   0   0   0   0   
20  0   0   0   37  23  
0   0   0   0   0   0   
33  0   0   0   0   4   
27  0   0   0   0   0   
---------------------------------
关键边输出如下：
---------------------------------
4    S         43        0.530526  0.530526  
7    S         47        0.291209  0.365203  
10   S         53        0.59617   0.59617   
5    S         59        0.330765  0.373836  
3    S         60        0.287588  0.325037  
9    S         80        0.193519  0.193519  
2    S         80        0.27254   0.27254   
8    S         80        0.27254   0.27254   
6    S         80        0.27254   0.30803   
1    S         80        0.27254   0.30803   
---------------------------------
---------------------------------

3--1最大流值为：80
最可靠最大流分布概率为 ： 0.27254
状态划分算法消耗的内存为：4.83984
状态划分算法运行时间(ms) ： 14.2064
---------------------------------
流分布如下: 
---------------------------------
0   0   0   0   0   0   
0   0   0   0   0   0   
20  0   0   0   37  23  
0   0   0   0   0   0   
33  0   0   0   0   4   
27  0   0   0   0   0   
---------------------------------
关键边输出如下：
---------------------------------
4    S         43        0.530526  0.530526  
7    S         47        0.291209  0.365203  
10   S         53        0.59617   0.59617   
5    S         59        0.330765  0.373836  
3    S         60        0.287588  0.325037  
9    S         80        0.193519  0.193519  
2    S         80        0.27254   0.27254   
8    S         80        0.27254   0.27254   
6    S         80        0.27254   0.30803   
1    S         80        0.27254   0.30803   
---------------------------------
---------------------------------

3--1最大流值为：80
最可靠最大流分布概率为 ： 0.27254
状态划分算法消耗的内存为：4.87891
状态划分算法运行时间(ms) ： 13.4515
---------------------------------
流分布如下: 
---------------------------------
0   0   0   0   0   0   
0   0   0   0   0   0   
20  0   0   0   37  23  
0   0   0   0   0   0   
33  0   0   0   0   4   
27  0   0   0   0   0   
---------------------------------
关键边输出如下：
---------------------------------
4    S         43        0.530526  0.530526  
7    S         47        0.291209  0.365203  
10   S         53        0.59617   0.59617   
5    S         59        0.330765  0.373836  
3    S         60        0.287588  0.325037  
9    S         80        0.193519  0.193519  
2    S         80        0.27254   0.27254   
8    S         80        0.27254   0.27254   
6    S         80        0.27254   0.30803   
1    S         80        0.27254   0.30803   
---------------------------------
---------------------------------

3--1最大流值为：80
最可靠最大流分布概率为 ： 0.27254
状态划分算法消耗的内存为：4.85156
状态划分算法运行时间(ms) ： 13.4865
---------------------------------
流分布如下: 
---------------------------------
0   0   0   0   0   0   
0   0   0   0   0   0   
20  0   0   0   37  23  
0   0   0   0   0   0   
33  0   0   0   0   4   
27  0   0   0   0   0   
---------------------------------
关键边输出如下：
---------------------------------
4    S         43        0.530526  0.530526  
7    S         47        0.291209  0.365203  
10   S         53        0.59617   0.59617   
5    S         59        0.330765  0.373836  
3    S         60        0.287588  0.325037  
9    S         80        0.193519  0.193519  
2    S         80        0.27254   0.27254   
8    S         80        0.27254   0.27254   
6    S         80        0.27254   0.30803   
1    S         80        0.27254   0.30803   
---------------------------------
---------------------------------

3--1最大流值为：80
最可靠最大流分布概率为 ： 0.27254
状态划分算法消耗的内存为：4.87109
状态划分算法运行时间(ms) ： 13.5759
---------------------------------
流分布如下: 
---------------------------------
0   0   0   0   0   0   
0   0   0   0   0   0   
20  0   0   0   37  23  
0   0   0   0   0   0   
33  0   0   0   0   4   
27  0   0   0   0   0   
---------------------------------
关键边输出如下：
---------------------------------
4    S         43        0.530526  0.530526  
7    S         47        0.291209  0.365203  
10   S         53        0.59617   0.59617   
5    S         59        0.330765  0.373836  
3    S         60        0.287588  0.325037  
9    S         80        0.193519  0.193519  
2    S         80        0.27254   0.27254   
8    S         80        0.27254   0.27254   
6    S         80        0.27254   0.30803   
1    S         80        0.27254   0.30803   
---------------------------------
---------------------------------

3--1最大流值为：80
最可靠最大流分布概率为 ： 0.27254
状态划分算法消耗的内存为：4.87891
状态划分算法运行时间(ms) ： 13.463
---------------------------------
流分布如下: 
---------------------------------
0   0   0   0   0   0   
0   0   0   0   0   0   
20  0   0   0   37  23  
0   0   0   0   0   0   
33  0   0   0   0   4   
27  0   0   0   0   0   
---------------------------------
关键边输出如下：
---------------------------------
4    S         43        0.530526  0.530526  
7    S         47        0.291209  0.365203  
10   S         53        0.59617   0.59617   
5    S         59        0.330765  0.373836  
3    S         60        0.287588  0.325037  
9    S         80        0.193519  0.193519  
2    S         80        0.27254   0.27254   
8    S         80        0.27254   0.27254   
6    S         80        0.27254   0.30803   
1    S         80        0.27254   0.30803   
---------------------------------
---------------------------------

3--1最大流值为：80
最可靠最大流分布概率为 ： 0.27254
状态划分算法消耗的内存为：4.87109
状态划分算法运行时间(ms) ： 14.5071
---------------------------------
流分布如下: 
---------------------------------
0   0   0   0   0   0   
0   0   0   0   0   0   
20  0   0   0   37  23  
0   0   0   0   0   0   
33  0   0   0   0   4   
27  0   0   0   0   0   
---------------------------------
关键边输出如下：
---------------------------------
4    S         43        0.530526  0.530526  
7    S         47        0.291209  0.365203  
10   S         53        0.59617   0.59617   
5    S         59        0.330765  0.373836  
3    S         60        0.287588  0.325037  
9    S         80        0.193519  0.193519  
2    S         80        0.27254   0.27254   
8    S         80        0.27254   0.27254   
6    S         80        0.27254   0.30803   
1    S         80        0.27254   0.30803   
---------------------------------
---------------------------------

