6--1最大流值为：72
最可靠最大流分布概率为 ： 0.354885
状态划分算法消耗的内存为：4.85547
状态划分算法运行时间(ms) ： 9.59511
---------------------------------
流分布如下: 
---------------------------------
0   0   0   0   0   0   
0   0   0   0   0   0   
0   0   0   0   0   0   
16  0   0   0   0   0   
23  0   0   2   0   0   
33  0   0   14  25  0   
---------------------------------
关键边输出如下：
---------------------------------
7    S         39        0.379195  0.379195  
10   S         47        0.724269  0.724269  
5    S         49        0.430701  0.430701  
3    S         56        0.523928  0.523928  
9    S         58        0.434583  0.434583  
6    S         70        0.405458  0.405458  
4    S         72        0.354885  0.354885  
8    S         72        0.354885  0.354885  
2    S         72        0.354885  0.354885  
1    S         72        0.354885  0.354885  
---------------------------------
---------------------------------

6--1最大流值为：72
最可靠最大流分布概率为 ： 0.354885
状态划分算法消耗的内存为：4.95703
状态划分算法运行时间(ms) ： 9.66574
---------------------------------
流分布如下: 
---------------------------------
0   0   0   0   0   0   
0   0   0   0   0   0   
0   0   0   0   0   0   
16  0   0   0   0   0   
23  0   0   2   0   0   
33  0   0   14  25  0   
---------------------------------
关键边输出如下：
---------------------------------
7    S         39        0.379195  0.379195  
10   S         47        0.724269  0.724269  
5    S         49        0.430701  0.430701  
3    S         56        0.523928  0.523928  
9    S         58        0.434583  0.434583  
6    S         70        0.405458  0.405458  
4    S         72        0.354885  0.354885  
8    S         72        0.354885  0.354885  
2    S         72        0.354885  0.354885  
1    S         72        0.354885  0.354885  
---------------------------------
---------------------------------

6--1最大流值为：72
最可靠最大流分布概率为 ： 0.354885
状态划分算法消耗的内存为：4.9375
状态划分算法运行时间(ms) ： 9.2667
---------------------------------
流分布如下: 
---------------------------------
0   0   0   0   0   0   
0   0   0   0   0   0   
0   0   0   0   0   0   
16  0   0   0   0   0   
23  0   0   2   0   0   
33  0   0   14  25  0   
---------------------------------
关键边输出如下：
---------------------------------
7    S         39        0.379195  0.379195  
10   S         47        0.724269  0.724269  
5    S         49        0.430701  0.430701  
3    S         56        0.523928  0.523928  
9    S         58        0.434583  0.434583  
6    S         70        0.405458  0.405458  
4    S         72        0.354885  0.354885  
8    S         72        0.354885  0.354885  
2    S         72        0.354885  0.354885  
1    S         72        0.354885  0.354885  
---------------------------------
---------------------------------

6--1最大流值为：72
最可靠最大流分布概率为 ： 0.354885
状态划分算法消耗的内存为：4.87891
状态划分算法运行时间(ms) ： 9.66362
---------------------------------
流分布如下: 
---------------------------------
0   0   0   0   0   0   
0   0   0   0   0   0   
0   0   0   0   0   0   
16  0   0   0   0   0   
23  0   0   2   0   0   
33  0   0   14  25  0   
---------------------------------
关键边输出如下：
---------------------------------
7    S         39        0.379195  0.379195  
10   S         47        0.724269  0.724269  
5    S         49        0.430701  0.430701  
3    S         56        0.523928  0.523928  
9    S         58        0.434583  0.434583  
6    S         70        0.405458  0.405458  
4    S         72        0.354885  0.354885  
8    S         72        0.354885  0.354885  
2    S         72        0.354885  0.354885  
1    S         72        0.354885  0.354885  
---------------------------------
---------------------------------

6--1最大流值为：72
最可靠最大流分布概率为 ： 0.354885
状态划分算法消耗的内存为：4.96484
状态划分算法运行时间(ms) ： 9.42818
---------------------------------
流分布如下: 
---------------------------------
0   0   0   0   0   0   
0   0   0   0   0   0   
0   0   0   0   0   0   
16  0   0   0   0   0   
23  0   0   2   0   0   
33  0   0   14  25  0   
---------------------------------
关键边输出如下：
---------------------------------
7    S         39        0.379195  0.379195  
10   S         47        0.724269  0.724269  
5    S         49        0.430701  0.430701  
3    S         56        0.523928  0.523928  
9    S         58        0.434583  0.434583  
6    S         70        0.405458  0.405458  
4    S         72        0.354885  0.354885  
8    S         72        0.354885  0.354885  
2    S         72        0.354885  0.354885  
1    S         72        0.354885  0.354885  
---------------------------------
---------------------------------

6--1最大流值为：72
最可靠最大流分布概率为 ： 0.354885
状态划分算法消耗的内存为：4.96094
状态划分算法运行时间(ms) ： 9.31952
---------------------------------
流分布如下: 
---------------------------------
0   0   0   0   0   0   
0   0   0   0   0   0   
0   0   0   0   0   0   
16  0   0   0   0   0   
23  0   0   2   0   0   
33  0   0   14  25  0   
---------------------------------
关键边输出如下：
---------------------------------
7    S         39        0.379195  0.379195  
10   S         47        0.724269  0.724269  
5    S         49        0.430701  0.430701  
3    S         56        0.523928  0.523928  
9    S         58        0.434583  0.434583  
6    S         70        0.405458  0.405458  
4    S         72        0.354885  0.354885  
8    S         72        0.354885  0.354885  
2    S         72        0.354885  0.354885  
1    S         72        0.354885  0.354885  
---------------------------------
---------------------------------

6--1最大流值为：72
最可靠最大流分布概率为 ： 0.354885
状态划分算法消耗的内存为：4.97656
状态划分算法运行时间(ms) ： 9.32224
---------------------------------
流分布如下: 
---------------------------------
0   0   0   0   0   0   
0   0   0   0   0   0   
0   0   0   0   0   0   
16  0   0   0   0   0   
23  0   0   2   0   0   
33  0   0   14  25  0   
---------------------------------
关键边输出如下：
---------------------------------
7    S         39        0.379195  0.379195  
10   S         47        0.724269  0.724269  
5    S         49        0.430701  0.430701  
3    S         56        0.523928  0.523928  
9    S         58        0.434583  0.434583  
6    S         70        0.405458  0.405458  
4    S         72        0.354885  0.354885  
8    S         72        0.354885  0.354885  
2    S         72        0.354885  0.354885  
1    S         72        0.354885  0.354885  
---------------------------------
---------------------------------

6--1最大流值为：72
最可靠最大流分布概率为 ： 0.354885
状态划分算法消耗的内存为：4.86719
状态划分算法运行时间(ms) ： 9.3331
---------------------------------
流分布如下: 
---------------------------------
0   0   0   0   0   0   
0   0   0   0   0   0   
0   0   0   0   0   0   
16  0   0   0   0   0   
23  0   0   2   0   0   
33  0   0   14  25  0   
---------------------------------
关键边输出如下：
---------------------------------
7    S         39        0.379195  0.379195  
10   S         47        0.724269  0.724269  
5    S         49        0.430701  0.430701  
3    S         56        0.523928  0.523928  
9    S         58        0.434583  0.434583  
6    S         70        0.405458  0.405458  
4    S         72        0.354885  0.354885  
8    S         72        0.354885  0.354885  
2    S         72        0.354885  0.354885  
1    S         72        0.354885  0.354885  
---------------------------------
---------------------------------

6--1最大流值为：72
最可靠最大流分布概率为 ： 0.354885
状态划分算法消耗的内存为：4.96875
状态划分算法运行时间(ms) ： 9.33371
---------------------------------
流分布如下: 
---------------------------------
0   0   0   0   0   0   
0   0   0   0   0   0   
0   0   0   0   0   0   
16  0   0   0   0   0   
23  0   0   2   0   0   
33  0   0   14  25  0   
---------------------------------
关键边输出如下：
---------------------------------
7    S         39        0.379195  0.379195  
10   S         47        0.724269  0.724269  
5    S         49        0.430701  0.430701  
3    S         56        0.523928  0.523928  
9    S         58        0.434583  0.434583  
6    S         70        0.405458  0.405458  
4    S         72        0.354885  0.354885  
8    S         72        0.354885  0.354885  
2    S         72        0.354885  0.354885  
1    S         72        0.354885  0.354885  
---------------------------------
---------------------------------

6--1最大流值为：72
最可靠最大流分布概率为 ： 0.354885
状态划分算法消耗的内存为：4.96484
状态划分算法运行时间(ms) ： 9.46652
---------------------------------
流分布如下: 
---------------------------------
0   0   0   0   0   0   
0   0   0   0   0   0   
0   0   0   0   0   0   
16  0   0   0   0   0   
23  0   0   2   0   0   
33  0   0   14  25  0   
---------------------------------
关键边输出如下：
---------------------------------
7    S         39        0.379195  0.379195  
10   S         47        0.724269  0.724269  
5    S         49        0.430701  0.430701  
3    S         56        0.523928  0.523928  
9    S         58        0.434583  0.434583  
6    S         70        0.405458  0.405458  
4    S         72        0.354885  0.354885  
8    S         72        0.354885  0.354885  
2    S         72        0.354885  0.354885  
1    S         72        0.354885  0.354885  
---------------------------------
---------------------------------

