5--2最大流值为：35
最可靠最大流分布概率为 ： 0.252686
状态划分算法消耗的内存为：4.87109
状态划分算法运行时间(ms) ： 5.52017
---------------------------------
流分布如下: 
---------------------------------
0   8   0   0   0   0   
0   0   0   0   0   0   
0   0   0   0   0   8   
0   0   0   0   0   0   
0   0   8   0   0   27  
8   27  0   0   0   0   
---------------------------------
关键边输出如下：
---------------------------------
10   S         8         0.482291  0.530027  
8    S         23        0.523928  0.523928  
7    S         27        0.60213   0.60213   
1    S         27        0.60213   0.60213   
9    S         27        0.60213   0.60213   
5    S         27        0.60213   0.60213   
3    S         35        0.252686  0.252686  
4    S         35        0.252686  0.252686  
2    S         35        0.252686  0.252686  
6    S         35        0.252686  0.252686  
---------------------------------
---------------------------------

5--2最大流值为：35
最可靠最大流分布概率为 ： 0.252686
状态划分算法消耗的内存为：4.85547
状态划分算法运行时间(ms) ： 5.56938
---------------------------------
流分布如下: 
---------------------------------
0   8   0   0   0   0   
0   0   0   0   0   0   
0   0   0   0   0   8   
0   0   0   0   0   0   
0   0   8   0   0   27  
8   27  0   0   0   0   
---------------------------------
关键边输出如下：
---------------------------------
10   S         8         0.482291  0.530027  
8    S         23        0.523928  0.523928  
7    S         27        0.60213   0.60213   
1    S         27        0.60213   0.60213   
9    S         27        0.60213   0.60213   
5    S         27        0.60213   0.60213   
3    S         35        0.252686  0.252686  
4    S         35        0.252686  0.252686  
2    S         35        0.252686  0.252686  
6    S         35        0.252686  0.252686  
---------------------------------
---------------------------------

5--2最大流值为：35
最可靠最大流分布概率为 ： 0.252686
状态划分算法消耗的内存为：4.875
状态划分算法运行时间(ms) ： 5.50116
---------------------------------
流分布如下: 
---------------------------------
0   8   0   0   0   0   
0   0   0   0   0   0   
0   0   0   0   0   8   
0   0   0   0   0   0   
0   0   8   0   0   27  
8   27  0   0   0   0   
---------------------------------
关键边输出如下：
---------------------------------
10   S         8         0.482291  0.530027  
8    S         23        0.523928  0.523928  
7    S         27        0.60213   0.60213   
1    S         27        0.60213   0.60213   
9    S         27        0.60213   0.60213   
5    S         27        0.60213   0.60213   
3    S         35        0.252686  0.252686  
4    S         35        0.252686  0.252686  
2    S         35        0.252686  0.252686  
6    S         35        0.252686  0.252686  
---------------------------------
---------------------------------

5--2最大流值为：35
最可靠最大流分布概率为 ： 0.252686
状态划分算法消耗的内存为：4.87109
状态划分算法运行时间(ms) ： 5.47188
---------------------------------
流分布如下: 
---------------------------------
0   8   0   0   0   0   
0   0   0   0   0   0   
0   0   0   0   0   8   
0   0   0   0   0   0   
0   0   8   0   0   27  
8   27  0   0   0   0   
---------------------------------
关键边输出如下：
---------------------------------
10   S         8         0.482291  0.530027  
8    S         23        0.523928  0.523928  
7    S         27        0.60213   0.60213   
1    S         27        0.60213   0.60213   
9    S         27        0.60213   0.60213   
5    S         27        0.60213   0.60213   
3    S         35        0.252686  0.252686  
4    S         35        0.252686  0.252686  
2    S         35        0.252686  0.252686  
6    S         35        0.252686  0.252686  
---------------------------------
---------------------------------

5--2最大流值为：35
最可靠最大流分布概率为 ： 0.252686
状态划分算法消耗的内存为：4.9375
状态划分算法运行时间(ms) ： 5.44532
---------------------------------
流分布如下: 
---------------------------------
0   8   0   0   0   0   
0   0   0   0   0   0   
0   0   0   0   0   8   
0   0   0   0   0   0   
0   0   8   0   0   27  
8   27  0   0   0   0   
---------------------------------
关键边输出如下：
---------------------------------
10   S         8         0.482291  0.530027  
8    S         23        0.523928  0.523928  
7    S         27        0.60213   0.60213   
1    S         27        0.60213   0.60213   
9    S         27        0.60213   0.60213   
5    S         27        0.60213   0.60213   
3    S         35        0.252686  0.252686  
4    S         35        0.252686  0.252686  
2    S         35        0.252686  0.252686  
6    S         35        0.252686  0.252686  
---------------------------------
---------------------------------

5--2最大流值为：35
最可靠最大流分布概率为 ： 0.252686
状态划分算法消耗的内存为：4.9375
状态划分算法运行时间(ms) ： 5.50689
---------------------------------
流分布如下: 
---------------------------------
0   8   0   0   0   0   
0   0   0   0   0   0   
0   0   0   0   0   8   
0   0   0   0   0   0   
0   0   8   0   0   27  
8   27  0   0   0   0   
---------------------------------
关键边输出如下：
---------------------------------
10   S         8         0.482291  0.530027  
8    S         23        0.523928  0.523928  
7    S         27        0.60213   0.60213   
1    S         27        0.60213   0.60213   
9    S         27        0.60213   0.60213   
5    S         27        0.60213   0.60213   
3    S         35        0.252686  0.252686  
4    S         35        0.252686  0.252686  
2    S         35        0.252686  0.252686  
6    S         35        0.252686  0.252686  
---------------------------------
---------------------------------

5--2最大流值为：35
最可靠最大流分布概率为 ： 0.252686
状态划分算法消耗的内存为：4.84766
状态划分算法运行时间(ms) ： 5.43777
---------------------------------
流分布如下: 
---------------------------------
0   8   0   0   0   0   
0   0   0   0   0   0   
0   0   0   0   0   8   
0   0   0   0   0   0   
0   0   8   0   0   27  
8   27  0   0   0   0   
---------------------------------
关键边输出如下：
---------------------------------
10   S         8         0.482291  0.530027  
8    S         23        0.523928  0.523928  
7    S         27        0.60213   0.60213   
1    S         27        0.60213   0.60213   
9    S         27        0.60213   0.60213   
5    S         27        0.60213   0.60213   
3    S         35        0.252686  0.252686  
4    S         35        0.252686  0.252686  
2    S         35        0.252686  0.252686  
6    S         35        0.252686  0.252686  
---------------------------------
---------------------------------

5--2最大流值为：35
最可靠最大流分布概率为 ： 0.252686
状态划分算法消耗的内存为：4.86719
状态划分算法运行时间(ms) ： 5.41513
---------------------------------
流分布如下: 
---------------------------------
0   8   0   0   0   0   
0   0   0   0   0   0   
0   0   0   0   0   8   
0   0   0   0   0   0   
0   0   8   0   0   27  
8   27  0   0   0   0   
---------------------------------
关键边输出如下：
---------------------------------
10   S         8         0.482291  0.530027  
8    S         23        0.523928  0.523928  
7    S         27        0.60213   0.60213   
1    S         27        0.60213   0.60213   
9    S         27        0.60213   0.60213   
5    S         27        0.60213   0.60213   
3    S         35        0.252686  0.252686  
4    S         35        0.252686  0.252686  
2    S         35        0.252686  0.252686  
6    S         35        0.252686  0.252686  
---------------------------------
---------------------------------

5--2最大流值为：35
最可靠最大流分布概率为 ： 0.252686
状态划分算法消耗的内存为：4.85938
状态划分算法运行时间(ms) ： 5.4918
---------------------------------
流分布如下: 
---------------------------------
0   8   0   0   0   0   
0   0   0   0   0   0   
0   0   0   0   0   8   
0   0   0   0   0   0   
0   0   8   0   0   27  
8   27  0   0   0   0   
---------------------------------
关键边输出如下：
---------------------------------
10   S         8         0.482291  0.530027  
8    S         23        0.523928  0.523928  
7    S         27        0.60213   0.60213   
1    S         27        0.60213   0.60213   
9    S         27        0.60213   0.60213   
5    S         27        0.60213   0.60213   
3    S         35        0.252686  0.252686  
4    S         35        0.252686  0.252686  
2    S         35        0.252686  0.252686  
6    S         35        0.252686  0.252686  
---------------------------------
---------------------------------

5--2最大流值为：35
最可靠最大流分布概率为 ： 0.252686
状态划分算法消耗的内存为：4.86719
状态划分算法运行时间(ms) ： 5.50055
---------------------------------
流分布如下: 
---------------------------------
0   8   0   0   0   0   
0   0   0   0   0   0   
0   0   0   0   0   8   
0   0   0   0   0   0   
0   0   8   0   0   27  
8   27  0   0   0   0   
---------------------------------
关键边输出如下：
---------------------------------
10   S         8         0.482291  0.530027  
8    S         23        0.523928  0.523928  
7    S         27        0.60213   0.60213   
1    S         27        0.60213   0.60213   
9    S         27        0.60213   0.60213   
5    S         27        0.60213   0.60213   
3    S         35        0.252686  0.252686  
4    S         35        0.252686  0.252686  
2    S         35        0.252686  0.252686  
6    S         35        0.252686  0.252686  
---------------------------------
---------------------------------

