4--8最大流值为：30
最可靠最大流分布概率为 ： 0.501316
状态划分算法消耗的内存为：4.87891
状态划分算法运行时间(ms) ： 40.8402
---------------------------------
流分布如下: 
---------------------------------
0   0   0   0   0   0   0   0   
0   0   0   0   30  0   0   0   
0   0   0   0   0   0   0   0   
0   30  0   0   0   0   0   0   
0   0   0   0   0   0   0   30  
0   0   0   0   0   0   0   0   
0   0   0   0   0   0   0   0   
0   0   0   0   0   0   0   0   
---------------------------------
关键边输出如下：
---------------------------------
11   S         0         1         1         
5    S         29        0.122099  0.196153  
9    S         30        0.122916  0.1408    
1    S         30        0.501316  0.501316  
7    S         30        0.501316  0.501316  
10   S         30        0.501316  0.501316  
12   S         30        0.501316  0.501316  
8    S         30        0.501316  0.523177  
6    S         30        0.501316  0.534744  
4    S         30        0.501316  0.539607  
3    S         30        0.501316  0.539607  
14   S         30        0.501316  0.539607  
13   S         30        0.501316  0.539607  
2    S         30        0.501316  0.539607  
---------------------------------
---------------------------------

4--8最大流值为：30
最可靠最大流分布概率为 ： 0.501316
状态划分算法消耗的内存为：4.9375
状态划分算法运行时间(ms) ： 41.385
---------------------------------
流分布如下: 
---------------------------------
0   0   0   0   0   0   0   0   
0   0   0   0   30  0   0   0   
0   0   0   0   0   0   0   0   
0   30  0   0   0   0   0   0   
0   0   0   0   0   0   0   30  
0   0   0   0   0   0   0   0   
0   0   0   0   0   0   0   0   
0   0   0   0   0   0   0   0   
---------------------------------
关键边输出如下：
---------------------------------
11   S         0         1         1         
5    S         29        0.122099  0.196153  
9    S         30        0.122916  0.1408    
1    S         30        0.501316  0.501316  
7    S         30        0.501316  0.501316  
10   S         30        0.501316  0.501316  
12   S         30        0.501316  0.501316  
8    S         30        0.501316  0.523177  
6    S         30        0.501316  0.534744  
4    S         30        0.501316  0.539607  
3    S         30        0.501316  0.539607  
14   S         30        0.501316  0.539607  
13   S         30        0.501316  0.539607  
2    S         30        0.501316  0.539607  
---------------------------------
---------------------------------

4--8最大流值为：30
最可靠最大流分布概率为 ： 0.501316
状态划分算法消耗的内存为：4.96094
状态划分算法运行时间(ms) ： 40.072
---------------------------------
流分布如下: 
---------------------------------
0   0   0   0   0   0   0   0   
0   0   0   0   30  0   0   0   
0   0   0   0   0   0   0   0   
0   30  0   0   0   0   0   0   
0   0   0   0   0   0   0   30  
0   0   0   0   0   0   0   0   
0   0   0   0   0   0   0   0   
0   0   0   0   0   0   0   0   
---------------------------------
关键边输出如下：
---------------------------------
11   S         0         1         1         
5    S         29        0.122099  0.196153  
9    S         30        0.122916  0.1408    
1    S         30        0.501316  0.501316  
7    S         30        0.501316  0.501316  
10   S         30        0.501316  0.501316  
12   S         30        0.501316  0.501316  
8    S         30        0.501316  0.523177  
6    S         30        0.501316  0.534744  
4    S         30        0.501316  0.539607  
3    S         30        0.501316  0.539607  
14   S         30        0.501316  0.539607  
13   S         30        0.501316  0.539607  
2    S         30        0.501316  0.539607  
---------------------------------
---------------------------------

4--8最大流值为：30
最可靠最大流分布概率为 ： 0.501316
状态划分算法消耗的内存为：4.875
状态划分算法运行时间(ms) ： 40.4472
---------------------------------
流分布如下: 
---------------------------------
0   0   0   0   0   0   0   0   
0   0   0   0   30  0   0   0   
0   0   0   0   0   0   0   0   
0   30  0   0   0   0   0   0   
0   0   0   0   0   0   0   30  
0   0   0   0   0   0   0   0   
0   0   0   0   0   0   0   0   
0   0   0   0   0   0   0   0   
---------------------------------
关键边输出如下：
---------------------------------
11   S         0         1         1         
5    S         29        0.122099  0.196153  
9    S         30        0.122916  0.1408    
1    S         30        0.501316  0.501316  
7    S         30        0.501316  0.501316  
10   S         30        0.501316  0.501316  
12   S         30        0.501316  0.501316  
8    S         30        0.501316  0.523177  
6    S         30        0.501316  0.534744  
4    S         30        0.501316  0.539607  
3    S         30        0.501316  0.539607  
14   S         30        0.501316  0.539607  
13   S         30        0.501316  0.539607  
2    S         30        0.501316  0.539607  
---------------------------------
---------------------------------

4--8最大流值为：30
最可靠最大流分布概率为 ： 0.501316
状态划分算法消耗的内存为：4.97656
状态划分算法运行时间(ms) ： 40.219
---------------------------------
流分布如下: 
---------------------------------
0   0   0   0   0   0   0   0   
0   0   0   0   30  0   0   0   
0   0   0   0   0   0   0   0   
0   30  0   0   0   0   0   0   
0   0   0   0   0   0   0   30  
0   0   0   0   0   0   0   0   
0   0   0   0   0   0   0   0   
0   0   0   0   0   0   0   0   
---------------------------------
关键边输出如下：
---------------------------------
11   S         0         1         1         
5    S         29        0.122099  0.196153  
9    S         30        0.122916  0.1408    
1    S         30        0.501316  0.501316  
7    S         30        0.501316  0.501316  
10   S         30        0.501316  0.501316  
12   S         30        0.501316  0.501316  
8    S         30        0.501316  0.523177  
6    S         30        0.501316  0.534744  
4    S         30        0.501316  0.539607  
3    S         30        0.501316  0.539607  
14   S         30        0.501316  0.539607  
13   S         30        0.501316  0.539607  
2    S         30        0.501316  0.539607  
---------------------------------
---------------------------------

4--8最大流值为：30
最可靠最大流分布概率为 ： 0.501316
状态划分算法消耗的内存为：4.96484
状态划分算法运行时间(ms) ： 40.2848
---------------------------------
流分布如下: 
---------------------------------
0   0   0   0   0   0   0   0   
0   0   0   0   30  0   0   0   
0   0   0   0   0   0   0   0   
0   30  0   0   0   0   0   0   
0   0   0   0   0   0   0   30  
0   0   0   0   0   0   0   0   
0   0   0   0   0   0   0   0   
0   0   0   0   0   0   0   0   
---------------------------------
关键边输出如下：
---------------------------------
11   S         0         1         1         
5    S         29        0.122099  0.196153  
9    S         30        0.122916  0.1408    
1    S         30        0.501316  0.501316  
7    S         30        0.501316  0.501316  
10   S         30        0.501316  0.501316  
12   S         30        0.501316  0.501316  
8    S         30        0.501316  0.523177  
6    S         30        0.501316  0.534744  
4    S         30        0.501316  0.539607  
3    S         30        0.501316  0.539607  
14   S         30        0.501316  0.539607  
13   S         30        0.501316  0.539607  
2    S         30        0.501316  0.539607  
---------------------------------
---------------------------------

4--8最大流值为：30
最可靠最大流分布概率为 ： 0.501316
状态划分算法消耗的内存为：4.96875
状态划分算法运行时间(ms) ： 41.7044
---------------------------------
流分布如下: 
---------------------------------
0   0   0   0   0   0   0   0   
0   0   0   0   30  0   0   0   
0   0   0   0   0   0   0   0   
0   30  0   0   0   0   0   0   
0   0   0   0   0   0   0   30  
0   0   0   0   0   0   0   0   
0   0   0   0   0   0   0   0   
0   0   0   0   0   0   0   0   
---------------------------------
关键边输出如下：
---------------------------------
11   S         0         1         1         
5    S         29        0.122099  0.196153  
9    S         30        0.122916  0.1408    
1    S         30        0.501316  0.501316  
7    S         30        0.501316  0.501316  
10   S         30        0.501316  0.501316  
12   S         30        0.501316  0.501316  
8    S         30        0.501316  0.523177  
6    S         30        0.501316  0.534744  
4    S         30        0.501316  0.539607  
3    S         30        0.501316  0.539607  
14   S         30        0.501316  0.539607  
13   S         30        0.501316  0.539607  
2    S         30        0.501316  0.539607  
---------------------------------
---------------------------------

4--8最大流值为：30
最可靠最大流分布概率为 ： 0.501316
状态划分算法消耗的内存为：4.99609
状态划分算法运行时间(ms) ： 40.7342
---------------------------------
流分布如下: 
---------------------------------
0   0   0   0   0   0   0   0   
0   0   0   0   30  0   0   0   
0   0   0   0   0   0   0   0   
0   30  0   0   0   0   0   0   
0   0   0   0   0   0   0   30  
0   0   0   0   0   0   0   0   
0   0   0   0   0   0   0   0   
0   0   0   0   0   0   0   0   
---------------------------------
关键边输出如下：
---------------------------------
11   S         0         1         1         
5    S         29        0.122099  0.196153  
9    S         30        0.122916  0.1408    
1    S         30        0.501316  0.501316  
7    S         30        0.501316  0.501316  
10   S         30        0.501316  0.501316  
12   S         30        0.501316  0.501316  
8    S         30        0.501316  0.523177  
6    S         30        0.501316  0.534744  
4    S         30        0.501316  0.539607  
3    S         30        0.501316  0.539607  
14   S         30        0.501316  0.539607  
13   S         30        0.501316  0.539607  
2    S         30        0.501316  0.539607  
---------------------------------
---------------------------------

4--8最大流值为：30
最可靠最大流分布概率为 ： 0.501316
状态划分算法消耗的内存为：4.88281
状态划分算法运行时间(ms) ： 41.0602
---------------------------------
流分布如下: 
---------------------------------
0   0   0   0   0   0   0   0   
0   0   0   0   30  0   0   0   
0   0   0   0   0   0   0   0   
0   30  0   0   0   0   0   0   
0   0   0   0   0   0   0   30  
0   0   0   0   0   0   0   0   
0   0   0   0   0   0   0   0   
0   0   0   0   0   0   0   0   
---------------------------------
关键边输出如下：
---------------------------------
11   S         0         1         1         
5    S         29        0.122099  0.196153  
9    S         30        0.122916  0.1408    
1    S         30        0.501316  0.501316  
7    S         30        0.501316  0.501316  
10   S         30        0.501316  0.501316  
12   S         30        0.501316  0.501316  
8    S         30        0.501316  0.523177  
6    S         30        0.501316  0.534744  
4    S         30        0.501316  0.539607  
3    S         30        0.501316  0.539607  
14   S         30        0.501316  0.539607  
13   S         30        0.501316  0.539607  
2    S         30        0.501316  0.539607  
---------------------------------
---------------------------------

4--8最大流值为：30
最可靠最大流分布概率为 ： 0.501316
状态划分算法消耗的内存为：4.91016
状态划分算法运行时间(ms) ： 40.6968
---------------------------------
流分布如下: 
---------------------------------
0   0   0   0   0   0   0   0   
0   0   0   0   30  0   0   0   
0   0   0   0   0   0   0   0   
0   30  0   0   0   0   0   0   
0   0   0   0   0   0   0   30  
0   0   0   0   0   0   0   0   
0   0   0   0   0   0   0   0   
0   0   0   0   0   0   0   0   
---------------------------------
关键边输出如下：
---------------------------------
11   S         0         1         1         
5    S         29        0.122099  0.196153  
9    S         30        0.122916  0.1408    
1    S         30        0.501316  0.501316  
7    S         30        0.501316  0.501316  
10   S         30        0.501316  0.501316  
12   S         30        0.501316  0.501316  
8    S         30        0.501316  0.523177  
6    S         30        0.501316  0.534744  
4    S         30        0.501316  0.539607  
3    S         30        0.501316  0.539607  
14   S         30        0.501316  0.539607  
13   S         30        0.501316  0.539607  
2    S         30        0.501316  0.539607  
---------------------------------
---------------------------------

