3--2最大流值为：8
最可靠最大流分布概率为 ： 0.530255
状态划分算法消耗的内存为：4.87891
状态划分算法运行时间(ms) ： 24.2087
---------------------------------
流分布如下: 
---------------------------------
0   0   0   0   0   0   0   0   
0   0   0   0   0   0   0   0   
0   0   0   0   0   0   8   0   
0   0   0   0   0   0   0   0   
0   0   0   0   0   0   0   0   
0   8   0   0   0   0   0   0   
0   0   0   0   0   0   0   8   
0   0   0   0   0   8   0   0   
---------------------------------
关键边输出如下：
---------------------------------
8    S         0         1         1         
14   S         7         0.716765  0.752391  
6    S         8         0.383286  0.488394  
12   S         8         0.464306  0.487384  
11   S         8         0.530255  0.556611  
10   S         8         0.530255  0.556611  
2    S         8         0.530255  0.556611  
7    S         8         0.530255  0.675667  
5    S         8         0.530255  0.675667  
3    S         8         0.530255  0.709251  
1    S         8         0.530255  0.709251  
4    S         8         0.530255  0.709251  
13   S         8         0.530255  0.709251  
9    S         8         0.530255  0.709251  
---------------------------------
---------------------------------

3--2最大流值为：8
最可靠最大流分布概率为 ： 0.530255
状态划分算法消耗的内存为：4.98047
状态划分算法运行时间(ms) ： 25.7336
---------------------------------
流分布如下: 
---------------------------------
0   0   0   0   0   0   0   0   
0   0   0   0   0   0   0   0   
0   0   0   0   0   0   8   0   
0   0   0   0   0   0   0   0   
0   0   0   0   0   0   0   0   
0   8   0   0   0   0   0   0   
0   0   0   0   0   0   0   8   
0   0   0   0   0   8   0   0   
---------------------------------
关键边输出如下：
---------------------------------
8    S         0         1         1         
14   S         7         0.716765  0.752391  
6    S         8         0.383286  0.488394  
12   S         8         0.464306  0.487384  
11   S         8         0.530255  0.556611  
10   S         8         0.530255  0.556611  
2    S         8         0.530255  0.556611  
7    S         8         0.530255  0.675667  
5    S         8         0.530255  0.675667  
3    S         8         0.530255  0.709251  
1    S         8         0.530255  0.709251  
4    S         8         0.530255  0.709251  
13   S         8         0.530255  0.709251  
9    S         8         0.530255  0.709251  
---------------------------------
---------------------------------

3--2最大流值为：8
最可靠最大流分布概率为 ： 0.530255
状态划分算法消耗的内存为：4.94922
状态划分算法运行时间(ms) ： 24.3412
---------------------------------
流分布如下: 
---------------------------------
0   0   0   0   0   0   0   0   
0   0   0   0   0   0   0   0   
0   0   0   0   0   0   8   0   
0   0   0   0   0   0   0   0   
0   0   0   0   0   0   0   0   
0   8   0   0   0   0   0   0   
0   0   0   0   0   0   0   8   
0   0   0   0   0   8   0   0   
---------------------------------
关键边输出如下：
---------------------------------
8    S         0         1         1         
14   S         7         0.716765  0.752391  
6    S         8         0.383286  0.488394  
12   S         8         0.464306  0.487384  
11   S         8         0.530255  0.556611  
10   S         8         0.530255  0.556611  
2    S         8         0.530255  0.556611  
7    S         8         0.530255  0.675667  
5    S         8         0.530255  0.675667  
3    S         8         0.530255  0.709251  
1    S         8         0.530255  0.709251  
4    S         8         0.530255  0.709251  
13   S         8         0.530255  0.709251  
9    S         8         0.530255  0.709251  
---------------------------------
---------------------------------

3--2最大流值为：8
最可靠最大流分布概率为 ： 0.530255
状态划分算法消耗的内存为：4.87891
状态划分算法运行时间(ms) ： 24.2066
---------------------------------
流分布如下: 
---------------------------------
0   0   0   0   0   0   0   0   
0   0   0   0   0   0   0   0   
0   0   0   0   0   0   8   0   
0   0   0   0   0   0   0   0   
0   0   0   0   0   0   0   0   
0   8   0   0   0   0   0   0   
0   0   0   0   0   0   0   8   
0   0   0   0   0   8   0   0   
---------------------------------
关键边输出如下：
---------------------------------
8    S         0         1         1         
14   S         7         0.716765  0.752391  
6    S         8         0.383286  0.488394  
12   S         8         0.464306  0.487384  
11   S         8         0.530255  0.556611  
10   S         8         0.530255  0.556611  
2    S         8         0.530255  0.556611  
7    S         8         0.530255  0.675667  
5    S         8         0.530255  0.675667  
3    S         8         0.530255  0.709251  
1    S         8         0.530255  0.709251  
4    S         8         0.530255  0.709251  
13   S         8         0.530255  0.709251  
9    S         8         0.530255  0.709251  
---------------------------------
---------------------------------

3--2最大流值为：8
最可靠最大流分布概率为 ： 0.530255
状态划分算法消耗的内存为：4.94531
状态划分算法运行时间(ms) ： 25.1894
---------------------------------
流分布如下: 
---------------------------------
0   0   0   0   0   0   0   0   
0   0   0   0   0   0   0   0   
0   0   0   0   0   0   8   0   
0   0   0   0   0   0   0   0   
0   0   0   0   0   0   0   0   
0   8   0   0   0   0   0   0   
0   0   0   0   0   0   0   8   
0   0   0   0   0   8   0   0   
---------------------------------
关键边输出如下：
---------------------------------
8    S         0         1         1         
14   S         7         0.716765  0.752391  
6    S         8         0.383286  0.488394  
12   S         8         0.464306  0.487384  
11   S         8         0.530255  0.556611  
10   S         8         0.530255  0.556611  
2    S         8         0.530255  0.556611  
7    S         8         0.530255  0.675667  
5    S         8         0.530255  0.675667  
3    S         8         0.530255  0.709251  
1    S         8         0.530255  0.709251  
4    S         8         0.530255  0.709251  
13   S         8         0.530255  0.709251  
9    S         8         0.530255  0.709251  
---------------------------------
---------------------------------

3--2最大流值为：8
最可靠最大流分布概率为 ： 0.530255
状态划分算法消耗的内存为：4.82813
状态划分算法运行时间(ms) ： 24.1619
---------------------------------
流分布如下: 
---------------------------------
0   0   0   0   0   0   0   0   
0   0   0   0   0   0   0   0   
0   0   0   0   0   0   8   0   
0   0   0   0   0   0   0   0   
0   0   0   0   0   0   0   0   
0   8   0   0   0   0   0   0   
0   0   0   0   0   0   0   8   
0   0   0   0   0   8   0   0   
---------------------------------
关键边输出如下：
---------------------------------
8    S         0         1         1         
14   S         7         0.716765  0.752391  
6    S         8         0.383286  0.488394  
12   S         8         0.464306  0.487384  
11   S         8         0.530255  0.556611  
10   S         8         0.530255  0.556611  
2    S         8         0.530255  0.556611  
7    S         8         0.530255  0.675667  
5    S         8         0.530255  0.675667  
3    S         8         0.530255  0.709251  
1    S         8         0.530255  0.709251  
4    S         8         0.530255  0.709251  
13   S         8         0.530255  0.709251  
9    S         8         0.530255  0.709251  
---------------------------------
---------------------------------

3--2最大流值为：8
最可靠最大流分布概率为 ： 0.530255
状态划分算法消耗的内存为：4.94531
状态划分算法运行时间(ms) ： 24.5341
---------------------------------
流分布如下: 
---------------------------------
0   0   0   0   0   0   0   0   
0   0   0   0   0   0   0   0   
0   0   0   0   0   0   8   0   
0   0   0   0   0   0   0   0   
0   0   0   0   0   0   0   0   
0   8   0   0   0   0   0   0   
0   0   0   0   0   0   0   8   
0   0   0   0   0   8   0   0   
---------------------------------
关键边输出如下：
---------------------------------
8    S         0         1         1         
14   S         7         0.716765  0.752391  
6    S         8         0.383286  0.488394  
12   S         8         0.464306  0.487384  
11   S         8         0.530255  0.556611  
10   S         8         0.530255  0.556611  
2    S         8         0.530255  0.556611  
7    S         8         0.530255  0.675667  
5    S         8         0.530255  0.675667  
3    S         8         0.530255  0.709251  
1    S         8         0.530255  0.709251  
4    S         8         0.530255  0.709251  
13   S         8         0.530255  0.709251  
9    S         8         0.530255  0.709251  
---------------------------------
---------------------------------

3--2最大流值为：8
最可靠最大流分布概率为 ： 0.530255
状态划分算法消耗的内存为：4.97656
状态划分算法运行时间(ms) ： 25.0557
---------------------------------
流分布如下: 
---------------------------------
0   0   0   0   0   0   0   0   
0   0   0   0   0   0   0   0   
0   0   0   0   0   0   8   0   
0   0   0   0   0   0   0   0   
0   0   0   0   0   0   0   0   
0   8   0   0   0   0   0   0   
0   0   0   0   0   0   0   8   
0   0   0   0   0   8   0   0   
---------------------------------
关键边输出如下：
---------------------------------
8    S         0         1         1         
14   S         7         0.716765  0.752391  
6    S         8         0.383286  0.488394  
12   S         8         0.464306  0.487384  
11   S         8         0.530255  0.556611  
10   S         8         0.530255  0.556611  
2    S         8         0.530255  0.556611  
7    S         8         0.530255  0.675667  
5    S         8         0.530255  0.675667  
3    S         8         0.530255  0.709251  
1    S         8         0.530255  0.709251  
4    S         8         0.530255  0.709251  
13   S         8         0.530255  0.709251  
9    S         8         0.530255  0.709251  
---------------------------------
---------------------------------

3--2最大流值为：8
最可靠最大流分布概率为 ： 0.530255
状态划分算法消耗的内存为：4.84766
状态划分算法运行时间(ms) ： 24.2495
---------------------------------
流分布如下: 
---------------------------------
0   0   0   0   0   0   0   0   
0   0   0   0   0   0   0   0   
0   0   0   0   0   0   8   0   
0   0   0   0   0   0   0   0   
0   0   0   0   0   0   0   0   
0   8   0   0   0   0   0   0   
0   0   0   0   0   0   0   8   
0   0   0   0   0   8   0   0   
---------------------------------
关键边输出如下：
---------------------------------
8    S         0         1         1         
14   S         7         0.716765  0.752391  
6    S         8         0.383286  0.488394  
12   S         8         0.464306  0.487384  
11   S         8         0.530255  0.556611  
10   S         8         0.530255  0.556611  
2    S         8         0.530255  0.556611  
7    S         8         0.530255  0.675667  
5    S         8         0.530255  0.675667  
3    S         8         0.530255  0.709251  
1    S         8         0.530255  0.709251  
4    S         8         0.530255  0.709251  
13   S         8         0.530255  0.709251  
9    S         8         0.530255  0.709251  
---------------------------------
---------------------------------

3--2最大流值为：8
最可靠最大流分布概率为 ： 0.530255
状态划分算法消耗的内存为：4.95313
状态划分算法运行时间(ms) ： 24.3726
---------------------------------
流分布如下: 
---------------------------------
0   0   0   0   0   0   0   0   
0   0   0   0   0   0   0   0   
0   0   0   0   0   0   8   0   
0   0   0   0   0   0   0   0   
0   0   0   0   0   0   0   0   
0   8   0   0   0   0   0   0   
0   0   0   0   0   0   0   8   
0   0   0   0   0   8   0   0   
---------------------------------
关键边输出如下：
---------------------------------
8    S         0         1         1         
14   S         7         0.716765  0.752391  
6    S         8         0.383286  0.488394  
12   S         8         0.464306  0.487384  
11   S         8         0.530255  0.556611  
10   S         8         0.530255  0.556611  
2    S         8         0.530255  0.556611  
7    S         8         0.530255  0.675667  
5    S         8         0.530255  0.675667  
3    S         8         0.530255  0.709251  
1    S         8         0.530255  0.709251  
4    S         8         0.530255  0.709251  
13   S         8         0.530255  0.709251  
9    S         8         0.530255  0.709251  
---------------------------------
---------------------------------

