8--3最大流值为：57
最可靠最大流分布概率为 ： 0.0748666
状态划分算法消耗的内存为：4.84766
状态划分算法运行时间(ms) ： 19.4564
---------------------------------
流分布如下: 
---------------------------------
0   20  0   0   0   12  0   0   
0   0   20  0   0   0   0   0   
0   0   0   0   0   0   0   0   
0   0   21  0   0   0   0   0   
0   0   0   0   0   0   0   0   
0   0   12  0   0   0   0   0   
0   0   0   0   0   0   0   0   
32  0   4   21  0   0   0   0   
---------------------------------
关键边输出如下：
---------------------------------
12   S         25        0.415493  0.415493  
6    S         36        0.161919  0.161919  
14   S         36        0.161919  0.161919  
4    S         37        0.137641  0.137641  
1    S         37        0.137641  0.152026  
2    S         45        0.127068  0.127068  
10   S         45        0.127068  0.127068  
13   S         53        0.0833134 0.0833134 
9    S         57        0.0748666 0.0748666 
5    S         57        0.0748666 0.0748666 
11   S         57        0.0748666 0.0748666 
3    S         57        0.0748666 0.0748666 
7    S         57        0.0748666 0.0748666 
8    S         57        0.0748666 0.0748666 
---------------------------------
---------------------------------

8--3最大流值为：57
最可靠最大流分布概率为 ： 0.0748666
状态划分算法消耗的内存为：4.93359
状态划分算法运行时间(ms) ： 19.8992
---------------------------------
流分布如下: 
---------------------------------
0   20  0   0   0   12  0   0   
0   0   20  0   0   0   0   0   
0   0   0   0   0   0   0   0   
0   0   21  0   0   0   0   0   
0   0   0   0   0   0   0   0   
0   0   12  0   0   0   0   0   
0   0   0   0   0   0   0   0   
32  0   4   21  0   0   0   0   
---------------------------------
关键边输出如下：
---------------------------------
12   S         25        0.415493  0.415493  
6    S         36        0.161919  0.161919  
14   S         36        0.161919  0.161919  
4    S         37        0.137641  0.137641  
1    S         37        0.137641  0.152026  
2    S         45        0.127068  0.127068  
10   S         45        0.127068  0.127068  
13   S         53        0.0833134 0.0833134 
9    S         57        0.0748666 0.0748666 
5    S         57        0.0748666 0.0748666 
11   S         57        0.0748666 0.0748666 
3    S         57        0.0748666 0.0748666 
7    S         57        0.0748666 0.0748666 
8    S         57        0.0748666 0.0748666 
---------------------------------
---------------------------------

8--3最大流值为：57
最可靠最大流分布概率为 ： 0.0748666
状态划分算法消耗的内存为：4.87891
状态划分算法运行时间(ms) ： 19.7157
---------------------------------
流分布如下: 
---------------------------------
0   20  0   0   0   12  0   0   
0   0   20  0   0   0   0   0   
0   0   0   0   0   0   0   0   
0   0   21  0   0   0   0   0   
0   0   0   0   0   0   0   0   
0   0   12  0   0   0   0   0   
0   0   0   0   0   0   0   0   
32  0   4   21  0   0   0   0   
---------------------------------
关键边输出如下：
---------------------------------
12   S         25        0.415493  0.415493  
6    S         36        0.161919  0.161919  
14   S         36        0.161919  0.161919  
4    S         37        0.137641  0.137641  
1    S         37        0.137641  0.152026  
2    S         45        0.127068  0.127068  
10   S         45        0.127068  0.127068  
13   S         53        0.0833134 0.0833134 
9    S         57        0.0748666 0.0748666 
5    S         57        0.0748666 0.0748666 
11   S         57        0.0748666 0.0748666 
3    S         57        0.0748666 0.0748666 
7    S         57        0.0748666 0.0748666 
8    S         57        0.0748666 0.0748666 
---------------------------------
---------------------------------

8--3最大流值为：57
最可靠最大流分布概率为 ： 0.0748666
状态划分算法消耗的内存为：4.95703
状态划分算法运行时间(ms) ： 19.6587
---------------------------------
流分布如下: 
---------------------------------
0   20  0   0   0   12  0   0   
0   0   20  0   0   0   0   0   
0   0   0   0   0   0   0   0   
0   0   21  0   0   0   0   0   
0   0   0   0   0   0   0   0   
0   0   12  0   0   0   0   0   
0   0   0   0   0   0   0   0   
32  0   4   21  0   0   0   0   
---------------------------------
关键边输出如下：
---------------------------------
12   S         25        0.415493  0.415493  
6    S         36        0.161919  0.161919  
14   S         36        0.161919  0.161919  
4    S         37        0.137641  0.137641  
1    S         37        0.137641  0.152026  
2    S         45        0.127068  0.127068  
10   S         45        0.127068  0.127068  
13   S         53        0.0833134 0.0833134 
9    S         57        0.0748666 0.0748666 
5    S         57        0.0748666 0.0748666 
11   S         57        0.0748666 0.0748666 
3    S         57        0.0748666 0.0748666 
7    S         57        0.0748666 0.0748666 
8    S         57        0.0748666 0.0748666 
---------------------------------
---------------------------------

8--3最大流值为：57
最可靠最大流分布概率为 ： 0.0748666
状态划分算法消耗的内存为：4.96484
状态划分算法运行时间(ms) ： 21.0037
---------------------------------
流分布如下: 
---------------------------------
0   20  0   0   0   12  0   0   
0   0   20  0   0   0   0   0   
0   0   0   0   0   0   0   0   
0   0   21  0   0   0   0   0   
0   0   0   0   0   0   0   0   
0   0   12  0   0   0   0   0   
0   0   0   0   0   0   0   0   
32  0   4   21  0   0   0   0   
---------------------------------
关键边输出如下：
---------------------------------
12   S         25        0.415493  0.415493  
6    S         36        0.161919  0.161919  
14   S         36        0.161919  0.161919  
4    S         37        0.137641  0.137641  
1    S         37        0.137641  0.152026  
2    S         45        0.127068  0.127068  
10   S         45        0.127068  0.127068  
13   S         53        0.0833134 0.0833134 
9    S         57        0.0748666 0.0748666 
5    S         57        0.0748666 0.0748666 
11   S         57        0.0748666 0.0748666 
3    S         57        0.0748666 0.0748666 
7    S         57        0.0748666 0.0748666 
8    S         57        0.0748666 0.0748666 
---------------------------------
---------------------------------

8--3最大流值为：57
最可靠最大流分布概率为 ： 0.0748666
状态划分算法消耗的内存为：4.96094
状态划分算法运行时间(ms) ： 19.6541
---------------------------------
流分布如下: 
---------------------------------
0   20  0   0   0   12  0   0   
0   0   20  0   0   0   0   0   
0   0   0   0   0   0   0   0   
0   0   21  0   0   0   0   0   
0   0   0   0   0   0   0   0   
0   0   12  0   0   0   0   0   
0   0   0   0   0   0   0   0   
32  0   4   21  0   0   0   0   
---------------------------------
关键边输出如下：
---------------------------------
12   S         25        0.415493  0.415493  
6    S         36        0.161919  0.161919  
14   S         36        0.161919  0.161919  
4    S         37        0.137641  0.137641  
1    S         37        0.137641  0.152026  
2    S         45        0.127068  0.127068  
10   S         45        0.127068  0.127068  
13   S         53        0.0833134 0.0833134 
9    S         57        0.0748666 0.0748666 
5    S         57        0.0748666 0.0748666 
11   S         57        0.0748666 0.0748666 
3    S         57        0.0748666 0.0748666 
7    S         57        0.0748666 0.0748666 
8    S         57        0.0748666 0.0748666 
---------------------------------
---------------------------------

8--3最大流值为：57
最可靠最大流分布概率为 ： 0.0748666
状态划分算法消耗的内存为：4.87109
状态划分算法运行时间(ms) ： 20.3475
---------------------------------
流分布如下: 
---------------------------------
0   20  0   0   0   12  0   0   
0   0   20  0   0   0   0   0   
0   0   0   0   0   0   0   0   
0   0   21  0   0   0   0   0   
0   0   0   0   0   0   0   0   
0   0   12  0   0   0   0   0   
0   0   0   0   0   0   0   0   
32  0   4   21  0   0   0   0   
---------------------------------
关键边输出如下：
---------------------------------
12   S         25        0.415493  0.415493  
6    S         36        0.161919  0.161919  
14   S         36        0.161919  0.161919  
4    S         37        0.137641  0.137641  
1    S         37        0.137641  0.152026  
2    S         45        0.127068  0.127068  
10   S         45        0.127068  0.127068  
13   S         53        0.0833134 0.0833134 
9    S         57        0.0748666 0.0748666 
5    S         57        0.0748666 0.0748666 
11   S         57        0.0748666 0.0748666 
3    S         57        0.0748666 0.0748666 
7    S         57        0.0748666 0.0748666 
8    S         57        0.0748666 0.0748666 
---------------------------------
---------------------------------

8--3最大流值为：57
最可靠最大流分布概率为 ： 0.0748666
状态划分算法消耗的内存为：4.96875
状态划分算法运行时间(ms) ： 20.1042
---------------------------------
流分布如下: 
---------------------------------
0   20  0   0   0   12  0   0   
0   0   20  0   0   0   0   0   
0   0   0   0   0   0   0   0   
0   0   21  0   0   0   0   0   
0   0   0   0   0   0   0   0   
0   0   12  0   0   0   0   0   
0   0   0   0   0   0   0   0   
32  0   4   21  0   0   0   0   
---------------------------------
关键边输出如下：
---------------------------------
12   S         25        0.415493  0.415493  
6    S         36        0.161919  0.161919  
14   S         36        0.161919  0.161919  
4    S         37        0.137641  0.137641  
1    S         37        0.137641  0.152026  
2    S         45        0.127068  0.127068  
10   S         45        0.127068  0.127068  
13   S         53        0.0833134 0.0833134 
9    S         57        0.0748666 0.0748666 
5    S         57        0.0748666 0.0748666 
11   S         57        0.0748666 0.0748666 
3    S         57        0.0748666 0.0748666 
7    S         57        0.0748666 0.0748666 
8    S         57        0.0748666 0.0748666 
---------------------------------
---------------------------------

8--3最大流值为：57
最可靠最大流分布概率为 ： 0.0748666
状态划分算法消耗的内存为：4.83594
状态划分算法运行时间(ms) ： 19.895
---------------------------------
流分布如下: 
---------------------------------
0   20  0   0   0   12  0   0   
0   0   20  0   0   0   0   0   
0   0   0   0   0   0   0   0   
0   0   21  0   0   0   0   0   
0   0   0   0   0   0   0   0   
0   0   12  0   0   0   0   0   
0   0   0   0   0   0   0   0   
32  0   4   21  0   0   0   0   
---------------------------------
关键边输出如下：
---------------------------------
12   S         25        0.415493  0.415493  
6    S         36        0.161919  0.161919  
14   S         36        0.161919  0.161919  
4    S         37        0.137641  0.137641  
1    S         37        0.137641  0.152026  
2    S         45        0.127068  0.127068  
10   S         45        0.127068  0.127068  
13   S         53        0.0833134 0.0833134 
9    S         57        0.0748666 0.0748666 
5    S         57        0.0748666 0.0748666 
11   S         57        0.0748666 0.0748666 
3    S         57        0.0748666 0.0748666 
7    S         57        0.0748666 0.0748666 
8    S         57        0.0748666 0.0748666 
---------------------------------
---------------------------------

8--3最大流值为：57
最可靠最大流分布概率为 ： 0.0748666
状态划分算法消耗的内存为：4.86328
状态划分算法运行时间(ms) ： 22.5051
---------------------------------
流分布如下: 
---------------------------------
0   20  0   0   0   12  0   0   
0   0   20  0   0   0   0   0   
0   0   0   0   0   0   0   0   
0   0   21  0   0   0   0   0   
0   0   0   0   0   0   0   0   
0   0   12  0   0   0   0   0   
0   0   0   0   0   0   0   0   
32  0   4   21  0   0   0   0   
---------------------------------
关键边输出如下：
---------------------------------
12   S         25        0.415493  0.415493  
6    S         36        0.161919  0.161919  
14   S         36        0.161919  0.161919  
4    S         37        0.137641  0.137641  
1    S         37        0.137641  0.152026  
2    S         45        0.127068  0.127068  
10   S         45        0.127068  0.127068  
13   S         53        0.0833134 0.0833134 
9    S         57        0.0748666 0.0748666 
5    S         57        0.0748666 0.0748666 
11   S         57        0.0748666 0.0748666 
3    S         57        0.0748666 0.0748666 
7    S         57        0.0748666 0.0748666 
8    S         57        0.0748666 0.0748666 
---------------------------------
---------------------------------

