5--6最大流值为：28
最可靠最大流分布概率为 ： 0.130293
状态划分算法消耗的内存为：4.86719
状态划分算法运行时间(ms) ： 12.9329
---------------------------------
流分布如下: 
---------------------------------
0   0   0   0   0   3   0   0   
0   0   0   0   0   0   0   0   
0   0   0   0   0   0   0   0   
3   0   0   0   0   25  0   0   
0   0   0   0   0   0   8   20  
0   0   0   0   0   0   0   0   
0   0   0   8   0   0   0   0   
0   0   0   20  0   0   0   0   
---------------------------------
关键边输出如下：
---------------------------------
14   S         8         0.57003   0.582076  
9    S         8         0.57003   0.737607  
6    S         10        0.228571  0.228571  
12   S         20        0.743809  0.743809  
8    S         20        0.743809  0.743809  
3    S         25        0.455302  0.455302  
1    S         25        0.455302  0.455302  
4    S         28        0.130293  0.130293  
5    S         28        0.130293  0.130293  
10   S         28        0.130293  0.130293  
11   S         28        0.130293  0.130293  
2    S         28        0.130293  0.130293  
13   S         28        0.130293  0.130293  
7    S         28        0.130293  0.130293  
---------------------------------
---------------------------------

5--6最大流值为：28
最可靠最大流分布概率为 ： 0.130293
状态划分算法消耗的内存为：4.96094
状态划分算法运行时间(ms) ： 12.9079
---------------------------------
流分布如下: 
---------------------------------
0   0   0   0   0   3   0   0   
0   0   0   0   0   0   0   0   
0   0   0   0   0   0   0   0   
3   0   0   0   0   25  0   0   
0   0   0   0   0   0   8   20  
0   0   0   0   0   0   0   0   
0   0   0   8   0   0   0   0   
0   0   0   20  0   0   0   0   
---------------------------------
关键边输出如下：
---------------------------------
14   S         8         0.57003   0.582076  
9    S         8         0.57003   0.737607  
6    S         10        0.228571  0.228571  
12   S         20        0.743809  0.743809  
8    S         20        0.743809  0.743809  
3    S         25        0.455302  0.455302  
1    S         25        0.455302  0.455302  
4    S         28        0.130293  0.130293  
5    S         28        0.130293  0.130293  
10   S         28        0.130293  0.130293  
11   S         28        0.130293  0.130293  
2    S         28        0.130293  0.130293  
13   S         28        0.130293  0.130293  
7    S         28        0.130293  0.130293  
---------------------------------
---------------------------------

5--6最大流值为：28
最可靠最大流分布概率为 ： 0.130293
状态划分算法消耗的内存为：4.82422
状态划分算法运行时间(ms) ： 12.7192
---------------------------------
流分布如下: 
---------------------------------
0   0   0   0   0   3   0   0   
0   0   0   0   0   0   0   0   
0   0   0   0   0   0   0   0   
3   0   0   0   0   25  0   0   
0   0   0   0   0   0   8   20  
0   0   0   0   0   0   0   0   
0   0   0   8   0   0   0   0   
0   0   0   20  0   0   0   0   
---------------------------------
关键边输出如下：
---------------------------------
14   S         8         0.57003   0.582076  
9    S         8         0.57003   0.737607  
6    S         10        0.228571  0.228571  
12   S         20        0.743809  0.743809  
8    S         20        0.743809  0.743809  
3    S         25        0.455302  0.455302  
1    S         25        0.455302  0.455302  
4    S         28        0.130293  0.130293  
5    S         28        0.130293  0.130293  
10   S         28        0.130293  0.130293  
11   S         28        0.130293  0.130293  
2    S         28        0.130293  0.130293  
13   S         28        0.130293  0.130293  
7    S         28        0.130293  0.130293  
---------------------------------
---------------------------------

5--6最大流值为：28
最可靠最大流分布概率为 ： 0.130293
状态划分算法消耗的内存为：4.94922
状态划分算法运行时间(ms) ： 12.7162
---------------------------------
流分布如下: 
---------------------------------
0   0   0   0   0   3   0   0   
0   0   0   0   0   0   0   0   
0   0   0   0   0   0   0   0   
3   0   0   0   0   25  0   0   
0   0   0   0   0   0   8   20  
0   0   0   0   0   0   0   0   
0   0   0   8   0   0   0   0   
0   0   0   20  0   0   0   0   
---------------------------------
关键边输出如下：
---------------------------------
14   S         8         0.57003   0.582076  
9    S         8         0.57003   0.737607  
6    S         10        0.228571  0.228571  
12   S         20        0.743809  0.743809  
8    S         20        0.743809  0.743809  
3    S         25        0.455302  0.455302  
1    S         25        0.455302  0.455302  
4    S         28        0.130293  0.130293  
5    S         28        0.130293  0.130293  
10   S         28        0.130293  0.130293  
11   S         28        0.130293  0.130293  
2    S         28        0.130293  0.130293  
13   S         28        0.130293  0.130293  
7    S         28        0.130293  0.130293  
---------------------------------
---------------------------------

5--6最大流值为：28
最可靠最大流分布概率为 ： 0.130293
状态划分算法消耗的内存为：4.93359
状态划分算法运行时间(ms) ： 13.2752
---------------------------------
流分布如下: 
---------------------------------
0   0   0   0   0   3   0   0   
0   0   0   0   0   0   0   0   
0   0   0   0   0   0   0   0   
3   0   0   0   0   25  0   0   
0   0   0   0   0   0   8   20  
0   0   0   0   0   0   0   0   
0   0   0   8   0   0   0   0   
0   0   0   20  0   0   0   0   
---------------------------------
关键边输出如下：
---------------------------------
14   S         8         0.57003   0.582076  
9    S         8         0.57003   0.737607  
6    S         10        0.228571  0.228571  
12   S         20        0.743809  0.743809  
8    S         20        0.743809  0.743809  
3    S         25        0.455302  0.455302  
1    S         25        0.455302  0.455302  
4    S         28        0.130293  0.130293  
5    S         28        0.130293  0.130293  
10   S         28        0.130293  0.130293  
11   S         28        0.130293  0.130293  
2    S         28        0.130293  0.130293  
13   S         28        0.130293  0.130293  
7    S         28        0.130293  0.130293  
---------------------------------
---------------------------------

5--6最大流值为：28
最可靠最大流分布概率为 ： 0.130293
状态划分算法消耗的内存为：4.97266
状态划分算法运行时间(ms) ： 12.5858
---------------------------------
流分布如下: 
---------------------------------
0   0   0   0   0   3   0   0   
0   0   0   0   0   0   0   0   
0   0   0   0   0   0   0   0   
3   0   0   0   0   25  0   0   
0   0   0   0   0   0   8   20  
0   0   0   0   0   0   0   0   
0   0   0   8   0   0   0   0   
0   0   0   20  0   0   0   0   
---------------------------------
关键边输出如下：
---------------------------------
14   S         8         0.57003   0.582076  
9    S         8         0.57003   0.737607  
6    S         10        0.228571  0.228571  
12   S         20        0.743809  0.743809  
8    S         20        0.743809  0.743809  
3    S         25        0.455302  0.455302  
1    S         25        0.455302  0.455302  
4    S         28        0.130293  0.130293  
5    S         28        0.130293  0.130293  
10   S         28        0.130293  0.130293  
11   S         28        0.130293  0.130293  
2    S         28        0.130293  0.130293  
13   S         28        0.130293  0.130293  
7    S         28        0.130293  0.130293  
---------------------------------
---------------------------------

5--6最大流值为：28
最可靠最大流分布概率为 ： 0.130293
状态划分算法消耗的内存为：4.96875
状态划分算法运行时间(ms) ： 12.6827
---------------------------------
流分布如下: 
---------------------------------
0   0   0   0   0   3   0   0   
0   0   0   0   0   0   0   0   
0   0   0   0   0   0   0   0   
3   0   0   0   0   25  0   0   
0   0   0   0   0   0   8   20  
0   0   0   0   0   0   0   0   
0   0   0   8   0   0   0   0   
0   0   0   20  0   0   0   0   
---------------------------------
关键边输出如下：
---------------------------------
14   S         8         0.57003   0.582076  
9    S         8         0.57003   0.737607  
6    S         10        0.228571  0.228571  
12   S         20        0.743809  0.743809  
8    S         20        0.743809  0.743809  
3    S         25        0.455302  0.455302  
1    S         25        0.455302  0.455302  
4    S         28        0.130293  0.130293  
5    S         28        0.130293  0.130293  
10   S         28        0.130293  0.130293  
11   S         28        0.130293  0.130293  
2    S         28        0.130293  0.130293  
13   S         28        0.130293  0.130293  
7    S         28        0.130293  0.130293  
---------------------------------
---------------------------------

5--6最大流值为：28
最可靠最大流分布概率为 ： 0.130293
状态划分算法消耗的内存为：4.96875
状态划分算法运行时间(ms) ： 12.8849
---------------------------------
流分布如下: 
---------------------------------
0   0   0   0   0   3   0   0   
0   0   0   0   0   0   0   0   
0   0   0   0   0   0   0   0   
3   0   0   0   0   25  0   0   
0   0   0   0   0   0   8   20  
0   0   0   0   0   0   0   0   
0   0   0   8   0   0   0   0   
0   0   0   20  0   0   0   0   
---------------------------------
关键边输出如下：
---------------------------------
14   S         8         0.57003   0.582076  
9    S         8         0.57003   0.737607  
6    S         10        0.228571  0.228571  
12   S         20        0.743809  0.743809  
8    S         20        0.743809  0.743809  
3    S         25        0.455302  0.455302  
1    S         25        0.455302  0.455302  
4    S         28        0.130293  0.130293  
5    S         28        0.130293  0.130293  
10   S         28        0.130293  0.130293  
11   S         28        0.130293  0.130293  
2    S         28        0.130293  0.130293  
13   S         28        0.130293  0.130293  
7    S         28        0.130293  0.130293  
---------------------------------
---------------------------------

5--6最大流值为：28
最可靠最大流分布概率为 ： 0.130293
状态划分算法消耗的内存为：4.875
状态划分算法运行时间(ms) ： 12.6628
---------------------------------
流分布如下: 
---------------------------------
0   0   0   0   0   3   0   0   
0   0   0   0   0   0   0   0   
0   0   0   0   0   0   0   0   
3   0   0   0   0   25  0   0   
0   0   0   0   0   0   8   20  
0   0   0   0   0   0   0   0   
0   0   0   8   0   0   0   0   
0   0   0   20  0   0   0   0   
---------------------------------
关键边输出如下：
---------------------------------
14   S         8         0.57003   0.582076  
9    S         8         0.57003   0.737607  
6    S         10        0.228571  0.228571  
12   S         20        0.743809  0.743809  
8    S         20        0.743809  0.743809  
3    S         25        0.455302  0.455302  
1    S         25        0.455302  0.455302  
4    S         28        0.130293  0.130293  
5    S         28        0.130293  0.130293  
10   S         28        0.130293  0.130293  
11   S         28        0.130293  0.130293  
2    S         28        0.130293  0.130293  
13   S         28        0.130293  0.130293  
7    S         28        0.130293  0.130293  
---------------------------------
---------------------------------

5--6最大流值为：28
最可靠最大流分布概率为 ： 0.130293
状态划分算法消耗的内存为：4.96094
状态划分算法运行时间(ms) ： 12.7044
---------------------------------
流分布如下: 
---------------------------------
0   0   0   0   0   3   0   0   
0   0   0   0   0   0   0   0   
0   0   0   0   0   0   0   0   
3   0   0   0   0   25  0   0   
0   0   0   0   0   0   8   20  
0   0   0   0   0   0   0   0   
0   0   0   8   0   0   0   0   
0   0   0   20  0   0   0   0   
---------------------------------
关键边输出如下：
---------------------------------
14   S         8         0.57003   0.582076  
9    S         8         0.57003   0.737607  
6    S         10        0.228571  0.228571  
12   S         20        0.743809  0.743809  
8    S         20        0.743809  0.743809  
3    S         25        0.455302  0.455302  
1    S         25        0.455302  0.455302  
4    S         28        0.130293  0.130293  
5    S         28        0.130293  0.130293  
10   S         28        0.130293  0.130293  
11   S         28        0.130293  0.130293  
2    S         28        0.130293  0.130293  
13   S         28        0.130293  0.130293  
7    S         28        0.130293  0.130293  
---------------------------------
---------------------------------

