6--2最大流值为：56
最可靠最大流分布概率为 ： 0.0792283
状态划分算法消耗的内存为：4.88672
状态划分算法运行时间(ms) ： 21.2805
---------------------------------
流分布如下: 
---------------------------------
0   0   0   0   0   0   0   0   
0   0   0   0   0   0   0   0   
0   34  0   0   0   0   0   0   
0   0   34  0   0   0   0   0   
0   22  0   0   0   0   0   0   
0   0   0   0   0   0   33  23  
0   0   0   30  22  0   0   0   
0   0   0   4   0   0   19  0   
---------------------------------
关键边输出如下：
---------------------------------
5    S         22        0.318273  0.318273  
6    S         22        0.318273  0.318273  
9    S         25        0.248932  0.275857  
11   S         26        0.108688  0.108688  
10   S         33        0.111438  0.111438  
8    S         34        0.199309  0.199309  
12   S         34        0.199309  0.199309  
14   S         37        0.0871305 0.0871305 
13   S         52        0.0881671 0.0881671 
1    S         56        0.0792283 0.0792283 
2    S         56        0.0792283 0.0792283 
7    S         56        0.0792283 0.0792283 
3    S         56        0.0792283 0.0792283 
4    S         56        0.0792283 0.0792283 
---------------------------------
---------------------------------

6--2最大流值为：56
最可靠最大流分布概率为 ： 0.0792283
状态划分算法消耗的内存为：4.85938
状态划分算法运行时间(ms) ： 20.9276
---------------------------------
流分布如下: 
---------------------------------
0   0   0   0   0   0   0   0   
0   0   0   0   0   0   0   0   
0   34  0   0   0   0   0   0   
0   0   34  0   0   0   0   0   
0   22  0   0   0   0   0   0   
0   0   0   0   0   0   33  23  
0   0   0   30  22  0   0   0   
0   0   0   4   0   0   19  0   
---------------------------------
关键边输出如下：
---------------------------------
5    S         22        0.318273  0.318273  
6    S         22        0.318273  0.318273  
9    S         25        0.248932  0.275857  
11   S         26        0.108688  0.108688  
10   S         33        0.111438  0.111438  
8    S         34        0.199309  0.199309  
12   S         34        0.199309  0.199309  
14   S         37        0.0871305 0.0871305 
13   S         52        0.0881671 0.0881671 
1    S         56        0.0792283 0.0792283 
2    S         56        0.0792283 0.0792283 
7    S         56        0.0792283 0.0792283 
3    S         56        0.0792283 0.0792283 
4    S         56        0.0792283 0.0792283 
---------------------------------
---------------------------------

6--2最大流值为：56
最可靠最大流分布概率为 ： 0.0792283
状态划分算法消耗的内存为：4.85547
状态划分算法运行时间(ms) ： 20.9207
---------------------------------
流分布如下: 
---------------------------------
0   0   0   0   0   0   0   0   
0   0   0   0   0   0   0   0   
0   34  0   0   0   0   0   0   
0   0   34  0   0   0   0   0   
0   22  0   0   0   0   0   0   
0   0   0   0   0   0   33  23  
0   0   0   30  22  0   0   0   
0   0   0   4   0   0   19  0   
---------------------------------
关键边输出如下：
---------------------------------
5    S         22        0.318273  0.318273  
6    S         22        0.318273  0.318273  
9    S         25        0.248932  0.275857  
11   S         26        0.108688  0.108688  
10   S         33        0.111438  0.111438  
8    S         34        0.199309  0.199309  
12   S         34        0.199309  0.199309  
14   S         37        0.0871305 0.0871305 
13   S         52        0.0881671 0.0881671 
1    S         56        0.0792283 0.0792283 
2    S         56        0.0792283 0.0792283 
7    S         56        0.0792283 0.0792283 
3    S         56        0.0792283 0.0792283 
4    S         56        0.0792283 0.0792283 
---------------------------------
---------------------------------

6--2最大流值为：56
最可靠最大流分布概率为 ： 0.0792283
状态划分算法消耗的内存为：4.84375
状态划分算法运行时间(ms) ： 21.1975
---------------------------------
流分布如下: 
---------------------------------
0   0   0   0   0   0   0   0   
0   0   0   0   0   0   0   0   
0   34  0   0   0   0   0   0   
0   0   34  0   0   0   0   0   
0   22  0   0   0   0   0   0   
0   0   0   0   0   0   33  23  
0   0   0   30  22  0   0   0   
0   0   0   4   0   0   19  0   
---------------------------------
关键边输出如下：
---------------------------------
5    S         22        0.318273  0.318273  
6    S         22        0.318273  0.318273  
9    S         25        0.248932  0.275857  
11   S         26        0.108688  0.108688  
10   S         33        0.111438  0.111438  
8    S         34        0.199309  0.199309  
12   S         34        0.199309  0.199309  
14   S         37        0.0871305 0.0871305 
13   S         52        0.0881671 0.0881671 
1    S         56        0.0792283 0.0792283 
2    S         56        0.0792283 0.0792283 
7    S         56        0.0792283 0.0792283 
3    S         56        0.0792283 0.0792283 
4    S         56        0.0792283 0.0792283 
---------------------------------
---------------------------------

6--2最大流值为：56
最可靠最大流分布概率为 ： 0.0792283
状态划分算法消耗的内存为：4.97266
状态划分算法运行时间(ms) ： 20.6309
---------------------------------
流分布如下: 
---------------------------------
0   0   0   0   0   0   0   0   
0   0   0   0   0   0   0   0   
0   34  0   0   0   0   0   0   
0   0   34  0   0   0   0   0   
0   22  0   0   0   0   0   0   
0   0   0   0   0   0   33  23  
0   0   0   30  22  0   0   0   
0   0   0   4   0   0   19  0   
---------------------------------
关键边输出如下：
---------------------------------
5    S         22        0.318273  0.318273  
6    S         22        0.318273  0.318273  
9    S         25        0.248932  0.275857  
11   S         26        0.108688  0.108688  
10   S         33        0.111438  0.111438  
8    S         34        0.199309  0.199309  
12   S         34        0.199309  0.199309  
14   S         37        0.0871305 0.0871305 
13   S         52        0.0881671 0.0881671 
1    S         56        0.0792283 0.0792283 
2    S         56        0.0792283 0.0792283 
7    S         56        0.0792283 0.0792283 
3    S         56        0.0792283 0.0792283 
4    S         56        0.0792283 0.0792283 
---------------------------------
---------------------------------

6--2最大流值为：56
最可靠最大流分布概率为 ： 0.0792283
状态划分算法消耗的内存为：4.96484
状态划分算法运行时间(ms) ： 20.5998
---------------------------------
流分布如下: 
---------------------------------
0   0   0   0   0   0   0   0   
0   0   0   0   0   0   0   0   
0   34  0   0   0   0   0   0   
0   0   34  0   0   0   0   0   
0   22  0   0   0   0   0   0   
0   0   0   0   0   0   33  23  
0   0   0   30  22  0   0   0   
0   0   0   4   0   0   19  0   
---------------------------------
关键边输出如下：
---------------------------------
5    S         22        0.318273  0.318273  
6    S         22        0.318273  0.318273  
9    S         25        0.248932  0.275857  
11   S         26        0.108688  0.108688  
10   S         33        0.111438  0.111438  
8    S         34        0.199309  0.199309  
12   S         34        0.199309  0.199309  
14   S         37        0.0871305 0.0871305 
13   S         52        0.0881671 0.0881671 
1    S         56        0.0792283 0.0792283 
2    S         56        0.0792283 0.0792283 
7    S         56        0.0792283 0.0792283 
3    S         56        0.0792283 0.0792283 
4    S         56        0.0792283 0.0792283 
---------------------------------
---------------------------------

6--2最大流值为：56
最可靠最大流分布概率为 ： 0.0792283
状态划分算法消耗的内存为：4.9375
状态划分算法运行时间(ms) ： 21.3801
---------------------------------
流分布如下: 
---------------------------------
0   0   0   0   0   0   0   0   
0   0   0   0   0   0   0   0   
0   34  0   0   0   0   0   0   
0   0   34  0   0   0   0   0   
0   22  0   0   0   0   0   0   
0   0   0   0   0   0   33  23  
0   0   0   30  22  0   0   0   
0   0   0   4   0   0   19  0   
---------------------------------
关键边输出如下：
---------------------------------
5    S         22        0.318273  0.318273  
6    S         22        0.318273  0.318273  
9    S         25        0.248932  0.275857  
11   S         26        0.108688  0.108688  
10   S         33        0.111438  0.111438  
8    S         34        0.199309  0.199309  
12   S         34        0.199309  0.199309  
14   S         37        0.0871305 0.0871305 
13   S         52        0.0881671 0.0881671 
1    S         56        0.0792283 0.0792283 
2    S         56        0.0792283 0.0792283 
7    S         56        0.0792283 0.0792283 
3    S         56        0.0792283 0.0792283 
4    S         56        0.0792283 0.0792283 
---------------------------------
---------------------------------

6--2最大流值为：56
最可靠最大流分布概率为 ： 0.0792283
状态划分算法消耗的内存为：4.97266
状态划分算法运行时间(ms) ： 20.848
---------------------------------
流分布如下: 
---------------------------------
0   0   0   0   0   0   0   0   
0   0   0   0   0   0   0   0   
0   34  0   0   0   0   0   0   
0   0   34  0   0   0   0   0   
0   22  0   0   0   0   0   0   
0   0   0   0   0   0   33  23  
0   0   0   30  22  0   0   0   
0   0   0   4   0   0   19  0   
---------------------------------
关键边输出如下：
---------------------------------
5    S         22        0.318273  0.318273  
6    S         22        0.318273  0.318273  
9    S         25        0.248932  0.275857  
11   S         26        0.108688  0.108688  
10   S         33        0.111438  0.111438  
8    S         34        0.199309  0.199309  
12   S         34        0.199309  0.199309  
14   S         37        0.0871305 0.0871305 
13   S         52        0.0881671 0.0881671 
1    S         56        0.0792283 0.0792283 
2    S         56        0.0792283 0.0792283 
7    S         56        0.0792283 0.0792283 
3    S         56        0.0792283 0.0792283 
4    S         56        0.0792283 0.0792283 
---------------------------------
---------------------------------

6--2最大流值为：56
最可靠最大流分布概率为 ： 0.0792283
状态划分算法消耗的内存为：4.87109
状态划分算法运行时间(ms) ： 20.838
---------------------------------
流分布如下: 
---------------------------------
0   0   0   0   0   0   0   0   
0   0   0   0   0   0   0   0   
0   34  0   0   0   0   0   0   
0   0   34  0   0   0   0   0   
0   22  0   0   0   0   0   0   
0   0   0   0   0   0   33  23  
0   0   0   30  22  0   0   0   
0   0   0   4   0   0   19  0   
---------------------------------
关键边输出如下：
---------------------------------
5    S         22        0.318273  0.318273  
6    S         22        0.318273  0.318273  
9    S         25        0.248932  0.275857  
11   S         26        0.108688  0.108688  
10   S         33        0.111438  0.111438  
8    S         34        0.199309  0.199309  
12   S         34        0.199309  0.199309  
14   S         37        0.0871305 0.0871305 
13   S         52        0.0881671 0.0881671 
1    S         56        0.0792283 0.0792283 
2    S         56        0.0792283 0.0792283 
7    S         56        0.0792283 0.0792283 
3    S         56        0.0792283 0.0792283 
4    S         56        0.0792283 0.0792283 
---------------------------------
---------------------------------

6--2最大流值为：56
最可靠最大流分布概率为 ： 0.0792283
状态划分算法消耗的内存为：4.87891
状态划分算法运行时间(ms) ： 20.6237
---------------------------------
流分布如下: 
---------------------------------
0   0   0   0   0   0   0   0   
0   0   0   0   0   0   0   0   
0   34  0   0   0   0   0   0   
0   0   34  0   0   0   0   0   
0   22  0   0   0   0   0   0   
0   0   0   0   0   0   33  23  
0   0   0   30  22  0   0   0   
0   0   0   4   0   0   19  0   
---------------------------------
关键边输出如下：
---------------------------------
5    S         22        0.318273  0.318273  
6    S         22        0.318273  0.318273  
9    S         25        0.248932  0.275857  
11   S         26        0.108688  0.108688  
10   S         33        0.111438  0.111438  
8    S         34        0.199309  0.199309  
12   S         34        0.199309  0.199309  
14   S         37        0.0871305 0.0871305 
13   S         52        0.0881671 0.0881671 
1    S         56        0.0792283 0.0792283 
2    S         56        0.0792283 0.0792283 
7    S         56        0.0792283 0.0792283 
3    S         56        0.0792283 0.0792283 
4    S         56        0.0792283 0.0792283 
---------------------------------
---------------------------------

