g	#	1
s	12	46
e	1	4	32	0.998737	1
e	1	6	74	0.722298	2
e	1	4	50	0.710255	3
e	1	8	10	0.884807	4
e	1	12	10	0.766352	5
e	2	12	11	0.864343	6
e	2	5	4	0.764464	7
e	2	1	52	0.5647		8
e	2	7	19	0.906958	9
e	2	12	14	0.679665	10
e	2	11	91	0.507145	11
e	3	4	84	0.634447	12
e	3	4	22	0.590033	13
e	4	2	64	0.556564	14
e	4	5	92	0.51539		15
e	4	10	41	0.760226	16
e	5	2	56	0.671957	17
e	5	8	78	0.949049	18
e	5	4	91	0.653553	19
e	5	4	77	0.83956		20
e	5	4	87	0.591872	21
e	6	2	98	0.678171	22
e	6	4	29	0.690638	23
e	6	3	67	0.955472	24
e	6	7	36	0.858713	25
e	7	3	94	0.871639	26
e	7	1	72	0.867456	27
e	7	10	25	0.863662	28
e	7	9	5	0.986019	29
e	8	3	71	0.598049	30
e	8	7	51	0.585865	31
e	9	3	3	0.518632	32
e	9	10	27	0.574626	33
e	9	8	14	0.67431		34
e	9	5	29	0.782517	35
e	9	6	94	0.835656	36
e	9	6	71	0.562449	37
e	11	7	96	0.941856	38
e	11	12	99	0.927438	39
e	11	4	18	0.767715	40
e	11	10	67	0.507201	41
e	11	10	56	0.516599	42
e	11	4	75	0.800065	43
e	12	5	46	0.978828	44
e	12	11	95	0.828876	45
e	12	4	83	0.940223	46
g	#	0