g	#	1
s	12	46
e	1	8	14	0.897952	1
e	1	4	61	0.859983	2
e	1	2	79	0.903954	3
e	1	8	19	0.842704	4
e	1	4	25	0.646963	5
e	2	9	31	0.870766	6
e	2	11	27	0.969077	7
e	3	8	1	0.619326	8
e	3	4	42	0.622844	9
e	3	1	22	0.734799	10
e	3	2	69	0.97219		11
e	3	8	0	0.553535	12
e	3	9	25	0.731502	13
e	4	5	73	0.506857	14
e	4	7	42	0.841137	15
e	4	5	72	0.771646	16
e	5	3	32	0.862977	17
e	5	12	69	0.907294	18
e	5	6	53	0.738897	19
e	5	1	57	0.617268	20
e	5	2	24	0.730247	21
e	5	8	52	0.562148	22
e	6	12	3	0.921021	23
e	6	2	55	0.910756	24
e	6	4	94	0.646437	25
e	6	9	44	0.67403		26
e	6	3	16	0.559062	27
e	6	7	90	0.83698		28
e	7	11	95	0.664379	29
e	7	10	14	0.622023	30
e	7	8	80	0.84137		31
e	8	3	20	0.782072	32
e	9	2	26	0.651085	33
e	9	8	45	0.572604	34
e	9	5	55	0.548456	35
e	9	6	48	0.944821	36
e	9	4	79	0.586534	37
e	9	12	95	0.930374	38
e	10	8	52	0.922897	39
e	11	7	88	0.698256	40
e	11	4	37	0.965837	41
e	11	6	80	0.578545	42
e	12	4	80	0.795992	43
e	12	3	60	0.768614	44
e	12	2	83	0.91609		45
e	12	10	89	0.939096	46
g	#	0