g	#	1
s	12	64
e	1	12	79	0.697585	1
e	1	8	47	0.732656	2
e	1	2	67	0.847066	3
e	1	4	46	0.628592	4
e	1	7	48	0.515125	5
e	2	6	78	0.745843	6
e	2	12	43	0.84446		7
e	2	10	97	0.837132	8
e	2	4	18	0.997607	9
e	2	4	98	0.500814	10
e	2	6	87	0.866337	11
e	3	12	99	0.778272	12
e	3	1	63	0.520346	13
e	3	8	42	0.927107	14
e	3	4	75	0.871675	15
e	4	3	31	0.725854	16
e	4	8	9	0.506523	17
e	4	10	70	0.522431	18
e	4	7	63	0.533678	19
e	5	2	41	0.77718		20
e	5	4	13	0.502005	21
e	5	3	6	0.833059	22
e	5	4	15	0.796407	23
e	5	2	4	0.571756	24
e	5	8	55	0.838745	25
e	5	2	44	0.581319	26
e	5	8	17	0.968547	27
e	5	12	18	0.86785		28
e	5	2	1	0.564346	29
e	6	8	45	0.676598	30
e	6	3	39	0.770869	31
e	6	3	72	0.517507	32
e	6	11	32	0.844261	33
e	6	3	59	0.54903		34
e	6	11	72	0.691705	35
e	6	2	26	0.798775	36
e	6	9	24	0.629136	37
e	6	1	70	0.766166	38
e	7	12	56	0.57607		39
e	7	6	26	0.831525	40
e	7	8	69	0.915464	41
e	8	3	62	0.735911	42
e	8	5	55	0.509802	43
e	8	7	44	0.916062	44
e	8	7	98	0.871404	45
e	8	5	14	0.92008		46
e	8	10	44	0.86037		47
e	9	4	4	0.706368	48
e	9	10	18	0.580482	49
e	9	1	78	0.804243	50
e	9	4	22	0.773565	51
e	10	1	66	0.873509	52
e	10	5	89	0.793593	53
e	10	4	21	0.917984	54
e	10	12	36	0.653236	55
e	11	3	14	0.730502	56
e	11	12	35	0.515916	57
e	11	6	57	0.551954	58
e	11	10	7	0.97438		59
e	11	1	99	0.601475	60
e	11	4	97	0.923552	61
e	12	9	60	0.866262	62
e	12	7	87	0.707281	63
e	12	6	75	0.503475	64
g	#	0