g	#	1
s	12	56
e	1	4	68	0.679021	1
e	1	7	48	0.587822	2
e	1	4	73	0.652716	3
e	1	2	7	0.779818	4
e	1	9	69	0.82712		5
e	1	4	46	0.793316	6
e	1	8	61	0.836212	7
e	1	12	54	0.801133	8
e	1	4	30	0.522863	9
e	2	8	49	0.845397	10
e	2	8	47	0.891836	11
e	2	11	6	0.65744		12
e	3	8	30	0.836958	13
e	3	9	22	0.629752	14
e	3	10	57	0.857584	15
e	3	9	88	0.651223	16
e	3	4	83	0.715894	17
e	4	7	38	0.639328	18
e	4	11	29	0.66927		19
e	4	5	25	0.907633	20
e	5	8	55	0.635233	21
e	5	4	42	0.565566	22
e	5	10	71	0.972159	23
e	5	1	61	0.676126	24
e	5	4	72	0.781222	25
e	5	2	47	0.516457	26
e	5	1	72	0.615476	27
e	6	1	8	0.664179	28
e	6	9	20	0.890411	29
e	6	4	83	0.761019	30
e	6	3	74	0.806115	31
e	7	8	92	0.83699		32
e	7	2	84	0.668042	33
e	8	5	24	0.558812	34
e	8	12	93	0.606052	35
e	8	6	14	0.546394	36
e	8	7	78	0.634967	37
e	9	10	87	0.919929	38
e	9	10	48	0.631579	39
e	9	8	35	0.650671	40
e	10	6	37	0.758716	41
e	10	11	94	0.883166	42
e	10	2	97	0.55026		43
e	10	7	21	0.880126	44
e	10	7	13	0.673093	45
e	10	4	77	0.933003	46
e	10	6	10	0.645786	47
e	11	7	5	0.828458	48
e	11	7	41	0.585522	49
e	11	12	99	0.509185	50
e	11	4	32	0.697827	51
e	11	6	92	0.619933	52
e	11	8	58	0.874346	53
e	12	4	18	0.854369	54
e	12	3	13	0.853254	55
e	12	6	73	0.687074	56
g	#	0