g	#	1
s	12	56
e	1	4	80	0.788091	1
e	1	11	65	0.764101	2
e	1	4	39	0.788157	3
e	2	5	63	0.77185		4
e	2	6	15	0.728502	5
e	2	1	44	0.791863	6
e	3	5	6	0.867213	7
e	3	11	77	0.693364	8
e	3	10	64	0.842724	9
e	3	4	48	0.964786	10
e	3	9	20	0.614257	11
e	3	11	4	0.914388	12
e	3	8	10	0.635254	13
e	4	12	3	0.812089	14
e	4	12	31	0.509064	15
e	4	9	1	0.605706	16
e	4	8	53	0.97816		17
e	4	6	8	0.54688		18
e	4	5	76	0.810619	19
e	4	9	32	0.946624	20
e	5	1	96	0.973998	21
e	5	8	10	0.680045	22
e	6	11	29	0.551822	23
e	6	5	25	0.911729	24
e	6	2	73	0.567372	25
e	6	9	18	0.669266	26
e	6	3	89	0.904543	27
e	6	1	85	0.652607	28
e	6	3	35	0.673723	29
e	6	3	65	0.710795	30
e	6	1	75	0.890385	31
e	7	4	4	0.921697	32
e	8	1	56	0.862171	33
e	8	11	99	0.521294	34
e	8	10	12	0.962788	35
e	8	9	41	0.997444	36
e	8	1	31	0.758417	37
e	9	2	5	0.566019	38
e	9	8	35	0.854366	39
e	9	4	33	0.624674	40
e	9	7	95	0.996352	41
e	9	10	20	0.781541	42
e	10	5	30	0.749018	43
e	10	8	71	0.752695	44
e	10	9	78	0.78694		45
e	10	11	15	0.564146	46
e	10	9	59	0.546527	47
e	10	1	42	0.549605	48
e	11	2	18	0.946997	49
e	11	5	83	0.636666	50
e	11	8	22	0.662402	51
e	11	8	80	0.742532	52
e	11	9	71	0.841982	53
e	12	9	69	0.967933	54
e	12	7	81	0.802406	55
e	12	11	82	0.5535		56
g	#	0