g	#	1
s	12	34
e	1	10	35	0.962812	1
e	1	8	65	0.915518	2
e	1	8	30	0.738125	3
e	1	5	11	0.873876	4
e	1	8	86	0.76662		5
e	2	9	95	0.767223	6
e	2	3	82	0.601825	7
e	2	3	66	0.736371	8
e	3	11	46	0.67882		9
e	3	4	3	0.89047		10
e	3	11	39	0.784695	11
e	3	4	39	0.584769	12
e	3	10	29	0.667057	13
e	5	3	14	0.769134	14
e	5	8	70	0.632465	15
e	6	8	12	0.861461	16
e	6	10	84	0.697674	17
e	6	9	71	0.87588		18
e	6	8	47	0.708636	19
e	7	4	15	0.719246	20
e	7	11	23	0.500527	21
e	7	9	58	0.597272	22
e	7	12	20	0.882599	23
e	7	2	78	0.530878	24
e	8	9	94	0.871138	25
e	8	3	51	0.877783	26
e	8	4	98	0.808876	27
e	8	3	38	0.881786	28
e	8	12	54	0.92748		29
e	8	11	34	0.680079	30
e	9	4	63	0.690968	31
e	9	10	7	0.512277	32
e	11	10	30	0.845098	33
e	11	1	41	0.764061	34
g	#	0