g	#	1
s	12	64
e	1	2	96	0.60718		1
e	1	2	39	0.931065	2
e	1	6	26	0.90989		3
e	1	6	53	0.682216	4
e	1	12	5	0.853939	5
e	2	6	64	0.563688	6
e	2	10	60	0.530839	7
e	2	5	59	0.699361	8
e	2	1	85	0.795773	9
e	2	5	70	0.963548	10
e	2	3	13	0.860354	11
e	3	8	40	0.602849	12
e	3	11	13	0.586988	13
e	3	5	60	0.600683	14
e	4	5	23	0.723428	15
e	4	3	98	0.617205	16
e	4	10	93	0.773838	17
e	4	9	85	0.732075	18
e	4	3	89	0.52707		19
e	4	9	50	0.640049	20
e	4	12	64	0.789626	21
e	5	11	5	0.921565	22
e	5	7	8	0.746746	23
e	5	7	75	0.957691	24
e	6	3	74	0.522148	25
e	6	7	85	0.965662	26
e	6	11	81	0.848718	27
e	6	8	17	0.627348	28
e	6	11	65	0.939143	29
e	7	2	32	0.887778	30
e	7	11	65	0.59767		31
e	7	4	70	0.825023	32
e	8	7	57	0.5611		33
e	8	3	10	0.98567		34
e	8	12	25	0.806728	35
e	8	7	86	0.974324	36
e	8	1	90	0.722671	37
e	8	3	21	0.749924	38
e	8	4	98	0.810962	39
e	8	11	30	0.531874	40
e	8	1	74	0.932332	41
e	9	1	21	0.908285	42
e	9	12	7	0.82355		43
e	9	4	3	0.550114	44
e	9	11	78	0.570661	45
e	9	1	26	0.732085	46
e	9	10	31	0.636729	47
e	9	3	80	0.743546	48
e	9	1	70	0.597214	49
e	9	11	75	0.596119	50
e	9	1	79	0.605935	51
e	10	3	81	0.515961	52
e	10	4	58	0.80224		53
e	10	3	21	0.812495	54
e	11	2	4	0.737765	55
e	11	10	95	0.582981	56
e	11	1	24	0.808925	57
e	11	2	47	0.748212	58
e	11	10	33	0.940433	59
e	12	3	37	0.557123	60
e	12	9	58	0.605575	61
e	12	7	37	0.864321	62
e	12	3	54	0.596903	63
e	12	6	93	0.812415	64
g	#	0