g	#	1
s	12	34
e	1	11	75	0.819653	1
e	1	12	26	0.524091	2
e	1	6	51	0.631082	3
e	1	10	95	0.835895	4
e	2	3	44	0.71299		5
e	2	5	21	0.568572	6
e	2	9	95	0.934009	7
e	3	10	14	0.949449	8
e	4	9	43	0.640578	9
e	4	11	4	0.918814	10
e	4	7	72	0.941115	11
e	4	3	67	0.553335	12
e	5	3	57	0.823809	13
e	5	12	3	0.620616	14
e	6	3	98	0.933495	15
e	6	9	80	0.572788	16
e	7	12	88	0.962383	17
e	7	6	14	0.568104	18
e	7	11	61	0.879917	19
e	7	6	52	0.678759	20
e	8	12	29	0.592897	21
e	9	1	3	0.820074	22
e	10	2	65	0.767973	23
e	10	7	36	0.725089	24
e	10	6	44	0.95363		25
e	10	12	97	0.63577		26
e	10	7	83	0.93837		27
e	10	12	14	0.973083	28
e	11	7	27	0.614018	29
e	11	9	26	0.660196	30
e	12	2	55	0.854021	31
e	12	1	7	0.84208		32
e	12	3	99	0.549647	33
e	12	7	39	0.694889	34
g	#	0