g	#	1
s	12	64
e	1	7	65	0.690797	1
e	1	8	10	0.593064	2
e	1	7	63	0.608266	3
e	2	10	68	0.653241	4
e	2	7	58	0.616871	5
e	2	3	84	0.933049	6
e	2	11	96	0.610285	7
e	2	11	7	0.559001	8
e	3	10	14	0.788485	9
e	3	7	24	0.965237	10
e	3	5	62	0.863868	11
e	3	2	88	0.99946		12
e	4	9	36	0.9936		13
e	4	9	52	0.998454	14
e	4	12	35	0.994154	15
e	4	11	33	0.620389	16
e	4	7	8	0.649998	17
e	4	11	75	0.700665	18
e	4	8	2	0.731042	19
e	4	3	88	0.895685	20
e	5	1	90	0.626856	21
e	5	6	76	0.502313	22
e	5	1	77	0.585387	23
e	5	2	80	0.758073	24
e	5	11	7	0.560738	25
e	5	4	82	0.893177	26
e	6	3	14	0.551685	27
e	6	10	43	0.734394	28
e	6	3	42	0.611405	29
e	6	9	8	0.843183	30
e	6	1	96	0.979214	31
e	6	8	60	0.511603	32
e	7	4	21	0.94705		33
e	7	2	88	0.5567		34
e	7	11	34	0.621853	35
e	7	2	81	0.613065	36
e	7	8	46	0.544053	37
e	8	3	44	0.603319	38
e	8	1	75	0.689273	39
e	8	1	98	0.942524	40
e	9	11	73	0.755455	41
e	9	8	11	0.611973	42
e	9	10	52	0.769523	43
e	9	3	88	0.503421	44
e	9	6	30	0.682306	45
e	9	2	44	0.504273	46
e	9	7	44	0.527464	47
e	9	5	19	0.529941	48
e	10	3	3	0.967205	49
e	10	4	36	0.878554	50
e	10	1	77	0.622162	51
e	11	8	92	0.556489	52
e	11	1	27	0.898939	53
e	11	2	83	0.890277	54
e	12	11	35	0.581641	55
e	12	11	38	0.746085	56
e	12	6	83	0.883856	57
e	12	7	82	0.979485	58
e	12	5	78	0.95568		59
e	12	11	90	0.881859	60
e	12	7	92	0.885671	61
e	12	4	81	0.912394	62
e	12	5	34	0.895107	63
e	12	2	29	0.61824		64
g	#	0