g	#	1
s	14	56
e	1	2	21	0.747058	1
e	2	5	5	0.583063	2
e	2	3	38	0.698154	3
e	2	10	36	0.686189	4
e	2	5	18	0.777689	5
e	2	9	25	0.876018	6
e	2	6	22	0.92463		7
e	2	9	21	0.699491	8
e	2	9	93	0.601267	9
e	3	5	9	0.655282	10
e	3	5	40	0.91341		11
e	4	11	92	0.603599	12
e	4	7	84	0.721389	13
e	4	1	65	0.737053	14
e	5	8	7	0.945068	15
e	5	4	59	0.749399	16
e	5	2	35	0.569607	17
e	5	13	52	0.767016	18
e	6	3	47	0.847354	19
e	7	14	42	0.986221	20
e	7	13	40	0.837927	21
e	8	13	50	0.619961	22
e	8	10	87	0.743743	23
e	8	7	9	0.725357	24
e	8	1	2	0.919546	25
e	8	6	83	0.622323	26
e	9	8	84	0.899902	27
e	9	6	94	0.800454	28
e	9	4	62	0.655346	29
e	10	2	99	0.60407		30
e	10	4	76	0.765687	31
e	10	9	77	0.807026	32
e	11	10	38	0.808435	33
e	11	1	43	0.916911	34
e	11	2	19	0.765124	35
e	12	11	43	0.72973		36
e	12	10	3	0.70486		37
e	12	1	21	0.939642	38
e	12	3	74	0.917748	39
e	12	7	80	0.860581	40
e	12	5	33	0.562586	41
e	12	2	51	0.994628	42
e	13	11	15	0.713319	43
e	13	12	34	0.882234	44
e	13	9	61	0.502588	45
e	13	12	80	0.746087	46
e	13	1	55	0.871744	47
e	13	12	79	0.967362	48
e	13	6	87	0.592388	49
e	14	9	17	0.784197	50
e	14	13	40	0.821886	51
e	14	10	54	0.976351	52
e	14	1	26	0.795016	53
e	14	9	20	0.963067	54
e	14	7	16	0.68081		55
e	14	3	90	0.918501	56
g	#	0