g	#	1
s	14	64
e	1	10	18	0.537291	1
e	1	14	15	0.700499	2
e	1	11	24	0.660874	3
e	1	14	56	0.632217	4
e	1	4	4	0.55178		5
e	1	10	0	0.734504	6
e	2	8	98	0.834319	7
e	2	12	95	0.509832	8
e	2	13	22	0.68383		9
e	3	4	31	0.753131	10
e	3	12	75	0.772438	11
e	3	10	2	0.759061	12
e	4	2	69	0.755887	13
e	4	3	3	0.946302	14
e	4	9	9	0.722354	15
e	4	6	9	0.560594	16
e	4	6	43	0.938663	17
e	5	3	72	0.762164	18
e	5	6	93	0.586891	19
e	5	2	8	0.841673	20
e	5	13	28	0.750011	21
e	5	7	84	0.959859	22
e	6	13	81	0.965418	23
e	6	3	39	0.866482	24
e	6	7	43	0.704578	25
e	6	9	61	0.859434	26
e	6	11	10	0.584108	27
e	6	11	57	0.911041	28
e	6	14	0	0.894016	29
e	6	11	44	0.685318	30
e	7	2	31	0.889708	31
e	7	8	1	0.682342	32
e	7	11	11	0.567257	33
e	7	12	39	0.69095		34
e	7	6	58	0.606556	35
e	8	7	84	0.518469	36
e	8	11	51	0.566066	37
e	8	11	69	0.819609	38
e	8	14	21	0.538929	39
e	9	1	84	0.830857	40
e	9	3	11	0.812796	41
e	9	12	42	0.636118	42
e	9	14	38	0.836731	43
e	9	4	1	0.535611	44
e	9	10	40	0.605853	45
e	10	8	52	0.739849	46
e	10	4	42	0.785178	47
e	11	6	16	0.712502	48
e	11	1	16	0.828334	49
e	11	10	95	0.782141	50
e	11	7	10	0.785949	51
e	11	4	64	0.5431		52
e	11	2	67	0.986724	53
e	12	6	2	0.780022	54
e	12	11	20	0.902823	55
e	12	4	89	0.689084	56
e	12	9	54	0.88287		57
e	13	11	94	0.504082	58
e	13	8	14	0.922092	59
e	13	14	21	0.547259	60
e	13	8	37	0.970446	61
e	13	12	33	0.71948		62
e	14	12	50	0.610509	63
e	14	5	85	0.833688	64
g	#	0