g	#	1
s	14	82
e	1	4	70	0.890241	1
e	1	12	31	0.591593	2
e	1	12	82	0.592848	3
e	1	12	24	0.936424	4
e	1	8	9	0.715276	5
e	2	11	40	0.522291	6
e	2	7	28	0.752393	7
e	2	1	42	0.825185	8
e	2	14	67	0.708687	9
e	2	12	77	0.760554	10
e	3	14	62	0.572966	11
e	3	1	46	0.853608	12
e	3	1	96	0.586104	13
e	3	2	65	0.532567	14
e	3	9	87	0.901539	15
e	4	11	1	0.945017	16
e	4	2	31	0.623639	17
e	4	13	98	0.533914	18
e	4	8	35	0.898041	19
e	4	3	31	0.829236	20
e	4	9	37	0.588472	21
e	4	13	99	0.97458		22
e	4	10	86	0.597522	23
e	5	2	47	0.881971	24
e	5	6	1	0.896037	25
e	5	7	98	0.721332	26
e	5	9	61	0.55549		27
e	5	13	90	0.711802	28
e	5	8	14	0.620602	29
e	6	5	3	0.520804	30
e	6	12	49	0.848293	31
e	6	1	21	0.917994	32
e	6	5	61	0.666796	33
e	6	7	64	0.998426	34
e	6	5	61	0.722351	35
e	6	11	26	0.904528	36
e	6	5	7	0.999335	37
e	6	4	43	0.753406	38
e	6	1	97	0.808907	39
e	6	12	17	0.810213	40
e	7	12	43	0.85693		41
e	7	6	1	0.7239		42
e	7	5	98	0.758794	43
e	7	11	56	0.529881	44
e	7	3	84	0.874668	45
e	8	9	56	0.553035	46
e	8	14	64	0.600626	47
e	8	11	97	0.761521	48
e	8	9	86	0.938401	49
e	8	6	48	0.67278		50
e	9	1	51	0.955338	51
e	9	4	18	0.79832		52
e	9	5	90	0.883234	53
e	9	7	10	0.999711	54
e	9	14	43	0.953775	55
e	9	6	59	0.592108	56
e	9	8	75	0.732478	57
e	9	3	58	0.612254	58
e	10	13	72	0.533789	59
e	10	8	24	0.523779	60
e	10	3	55	0.541141	61
e	10	6	37	0.608156	62
e	11	10	15	0.843286	63
e	11	7	6	0.675192	64
e	11	12	93	0.784763	65
e	11	3	79	0.882335	66
e	11	14	16	0.636566	67
e	11	9	86	0.824497	68
e	12	3	50	0.761788	69
e	12	7	15	0.724101	70
e	12	1	46	0.89446		71
e	12	5	80	0.710606	72
e	12	11	8	0.958949	73
e	12	7	76	0.610899	74
e	13	8	55	0.569285	75
e	13	2	98	0.723095	76
e	13	7	69	0.905718	77
e	13	12	45	0.618483	78
e	14	6	3	0.762027	79
e	14	11	45	0.86369		80
e	14	6	84	0.952683	81
e	14	8	73	0.996847	82
g	#	0