g	#	1
s	14	34
e	1	2	41	0.792291	1
e	1	7	64	0.785843	2
e	1	4	80	0.962431	3
e	1	10	31	0.95226		4
e	1	2	22	0.639755	5
e	1	7	56	0.809434	6
e	1	12	21	0.71718		7
e	2	13	6	0.730259	8
e	2	13	62	0.930794	9
e	3	4	80	0.970502	10
e	3	8	31	0.838775	11
e	4	12	8	0.548397	12
e	5	3	90	0.56448		13
e	5	10	20	0.68037		14
e	6	1	9	0.955205	15
e	6	8	32	0.510869	16
e	6	9	87	0.885937	17
e	6	3	28	0.518235	18
e	7	4	56	0.795284	19
e	9	8	70	0.567107	20
e	9	4	43	0.990719	21
e	10	5	80	0.984723	22
e	12	6	53	0.920482	23
e	12	13	23	0.557542	24
e	12	4	86	0.913671	25
e	13	11	10	0.628076	26
e	13	1	45	0.977795	27
e	13	8	73	0.872656	28
e	13	6	32	0.675006	29
e	13	9	26	0.630563	30
e	13	14	75	0.773488	31
e	13	12	77	0.703954	32
e	14	10	97	0.765712	33
e	14	9	56	0.590493	34
g	#	0