g	#	1
s	14	82
e	1	5	45	0.772152	1
e	1	7	90	0.836952	2
e	1	8	41	0.644863	3
e	1	3	1	0.622667	4
e	2	7	34	0.869283	5
e	2	6	81	0.946648	6
e	2	3	57	0.601202	7
e	2	7	43	0.703762	8
e	2	6	17	0.905965	9
e	2	8	88	0.829697	10
e	3	12	89	0.741598	11
e	3	10	11	0.582323	12
e	3	2	22	0.879646	13
e	3	4	47	0.876723	14
e	3	2	74	0.521285	15
e	4	6	53	0.580616	16
e	4	7	73	0.961505	17
e	4	1	45	0.756828	18
e	5	14	92	0.988063	19
e	5	12	20	0.834973	20
e	5	13	60	0.628506	21
e	5	2	32	0.545676	22
e	5	10	43	0.908175	23
e	5	4	35	0.971953	24
e	5	10	59	0.891454	25
e	5	12	16	0.614535	26
e	5	13	55	0.925888	27
e	6	1	60	0.9624		28
e	6	13	21	0.77975		29
e	6	2	76	0.954464	30
e	6	11	21	0.743156	31
e	7	1	96	0.558534	32
e	7	12	76	0.734215	33
e	7	4	16	0.821359	34
e	7	13	6	0.862837	35
e	8	12	11	0.798566	36
e	8	2	73	0.7303		37
e	8	14	6	0.538957	38
e	8	13	75	0.942022	39
e	8	9	25	0.614931	40
e	8	3	66	0.539847	41
e	8	14	80	0.856025	42
e	9	2	84	0.623128	43
e	9	10	1	0.829827	44
e	9	4	94	0.771712	45
e	9	1	23	0.702604	46
e	9	2	12	0.641137	47
e	9	12	49	0.801257	48
e	9	7	79	0.695542	49
e	10	3	84	0.73406		50
e	10	8	71	0.673419	51
e	10	7	22	0.8253		52
e	10	14	91	0.563545	53
e	10	11	56	0.543608	54
e	10	2	5	0.840144	55
e	11	13	94	0.862111	56
e	11	6	96	0.658114	57
e	11	14	24	0.866851	58
e	11	14	26	0.649872	59
e	11	6	21	0.6682		60
e	11	5	49	0.824099	61
e	11	9	64	0.996012	62
e	12	13	17	0.565867	63
e	12	4	49	0.877442	64
e	12	3	35	0.680929	65
e	12	2	80	0.556284	66
e	12	2	36	0.625277	67
e	12	8	86	0.630113	68
e	13	9	35	0.999448	69
e	13	6	7	0.913415	70
e	13	12	0	0.793955	71
e	13	2	83	0.588717	72
e	13	4	60	0.535272	73
e	14	13	80	0.960349	74
e	14	13	13	0.522903	75
e	14	5	41	0.754045	76
e	14	2	93	0.744173	77
e	14	9	12	0.715397	78
e	14	5	70	0.850104	79
e	14	8	86	0.935748	80
e	14	9	61	0.574677	81
e	14	8	23	0.825891	82
g	#	0