g	#	1
s	14	82
e	1	10	13	0.99513		1
e	1	9	19	0.572273	2
e	1	4	77	0.933981	3
e	1	2	8	0.574893	4
e	1	13	42	0.685176	5
e	2	1	39	0.820178	6
e	2	12	34	0.572612	7
e	2	13	35	0.93992		8
e	3	10	11	0.909548	9
e	3	10	73	0.985369	10
e	3	5	21	0.850209	11
e	4	2	44	0.626405	12
e	4	11	71	0.538609	13
e	4	11	34	0.811787	14
e	4	8	63	0.860197	15
e	4	1	10	0.550517	16
e	4	9	63	0.51264		17
e	4	12	89	0.814662	18
e	5	3	86	0.635408	19
e	5	13	37	0.679198	20
e	5	14	15	0.679879	21
e	5	8	70	0.639279	22
e	5	6	48	0.890412	23
e	5	11	4	0.68999		24
e	5	11	92	0.968624	25
e	6	14	62	0.645863	26
e	6	7	47	0.90859		27
e	6	9	70	0.70309		28
e	6	8	70	0.560482	29
e	6	3	99	0.707622	30
e	6	10	13	0.723767	31
e	6	7	19	0.617536	32
e	7	10	7	0.977948	33
e	7	11	12	0.826416	34
e	7	8	65	0.793111	35
e	7	10	4	0.645565	36
e	7	8	27	0.54689		37
e	7	2	68	0.803663	38
e	7	5	42	0.695166	39
e	8	11	71	0.74652		40
e	8	11	74	0.831577	41
e	8	12	74	0.578406	42
e	8	12	28	0.923164	43
e	8	13	86	0.832392	44
e	8	10	35	0.627251	45
e	8	9	94	0.962312	46
e	8	7	73	0.847394	47
e	9	14	19	0.867757	48
e	9	1	55	0.696568	49
e	9	8	94	0.85209		50
e	9	6	19	0.775216	51
e	10	1	1	0.934044	52
e	10	14	59	0.555516	53
e	10	1	34	0.872329	54
e	10	4	89	0.617614	55
e	11	14	57	0.783313	56
e	11	2	82	0.51021		57
e	11	14	8	0.854472	58
e	11	7	11	0.51575		59
e	11	13	29	0.933887	60
e	11	10	61	0.523066	61
e	11	2	14	0.794987	62
e	11	6	40	0.947357	63
e	11	13	69	0.548208	64
e	11	1	63	0.589496	65
e	12	4	16	0.692247	66
e	12	14	5	0.846517	67
e	12	4	48	0.738959	68
e	13	12	93	0.664514	69
e	13	12	32	0.748695	70
e	13	6	41	0.539331	71
e	13	4	61	0.624186	72
e	13	2	89	0.679981	73
e	13	14	94	0.860415	74
e	13	11	57	0.788944	75
e	13	7	46	0.539622	76
e	14	5	64	0.604087	77
e	14	9	60	0.719106	78
e	14	7	25	0.707915	79
e	14	8	85	0.755742	80
e	14	11	42	0.832156	81
e	14	9	31	0.970406	82
g	#	0