g	#	1
s	14	64
e	1	4	30	0.639547	1
e	1	3	44	0.98097		2
e	1	6	66	0.966603	3
e	1	13	74	0.507837	4
e	1	5	6	0.66574		5
e	1	2	28	0.828346	6
e	1	6	68	0.59878		7
e	2	14	19	0.741145	8
e	2	8	69	0.618931	9
e	2	1	11	0.523688	10
e	3	5	77	0.774575	11
e	3	2	63	0.803892	12
e	3	2	90	0.633516	13
e	4	3	62	0.663549	14
e	4	6	2	0.568611	15
e	4	11	75	0.984831	16
e	4	11	49	0.985919	17
e	4	1	8	0.592082	18
e	4	9	79	0.657634	19
e	5	4	75	0.917616	20
e	5	10	20	0.860634	21
e	5	8	11	0.959099	22
e	5	14	84	0.740046	23
e	5	6	50	0.968597	24
e	6	9	73	0.665828	25
e	6	7	81	0.807463	26
e	6	1	7	0.988972	27
e	6	4	35	0.889003	28
e	7	12	6	0.944089	29
e	7	11	3	0.62461		30
e	7	9	47	0.963805	31
e	7	11	40	0.809433	32
e	8	3	25	0.541925	33
e	8	1	56	0.899631	34
e	8	1	88	0.585133	35
e	8	9	10	0.561531	36
e	8	11	39	0.839326	37
e	8	9	90	0.860853	38
e	9	14	45	0.735539	39
e	9	3	58	0.792469	40
e	9	3	34	0.568348	41
e	9	7	29	0.779639	42
e	10	11	11	0.722161	43
e	10	14	42	0.55452		44
e	10	5	27	0.735896	45
e	10	13	35	0.624603	46
e	11	4	52	0.528867	47
e	11	6	61	0.675275	48
e	11	4	73	0.966932	49
e	12	11	80	0.568365	50
e	12	14	41	0.743389	51
e	12	5	18	0.565967	52
e	12	3	59	0.625461	53
e	12	5	82	0.807197	54
e	12	2	15	0.993023	55
e	13	3	43	0.871371	56
e	13	2	20	0.735936	57
e	13	11	58	0.732578	58
e	13	12	20	0.775201	59
e	14	11	57	0.794774	60
e	14	12	2	0.96964		61
e	14	5	47	0.810402	62
e	14	3	81	0.811649	63
e	14	9	7	0.748203	64
g	#	0