g	#	1
s	14	56
e	1	12	43	0.690229	1
e	1	10	96	0.572628	2
e	1	12	53	0.869983	3
e	1	8	80	0.692243	4
e	1	8	92	0.816068	5
e	1	12	14	0.537773	6
e	2	7	66	0.988982	7
e	2	11	12	0.698364	8
e	2	5	72	0.854637	9
e	2	14	64	0.673075	10
e	2	11	6	0.746224	11
e	3	5	51	0.958931	12
e	3	9	75	0.779072	13
e	3	10	94	0.783946	14
e	4	3	77	0.975815	15
e	5	14	86	0.690229	16
e	5	8	57	0.774006	17
e	5	2	82	0.833952	18
e	5	4	2	0.832589	19
e	5	12	47	0.81157		20
e	6	3	42	0.847315	21
e	6	14	80	0.798366	22
e	6	2	26	0.801156	23
e	6	7	86	0.984923	24
e	6	4	14	0.7295		25
e	7	10	44	0.88437		26
e	7	12	2	0.947459	27
e	7	6	81	0.754852	28
e	7	14	4	0.94977		29
e	8	2	17	0.734068	30
e	8	14	80	0.654528	31
e	9	8	67	0.712065	32
e	9	11	86	0.646449	33
e	9	2	55	0.885876	34
e	9	7	73	0.769647	35
e	9	13	37	0.542993	36
e	9	1	23	0.555317	37
e	9	14	93	0.949115	38
e	10	12	12	0.628004	39
e	10	11	16	0.517625	40
e	10	3	73	0.956006	41
e	11	13	67	0.842733	42
e	11	14	54	0.742454	43
e	11	6	77	0.737533	44
e	11	8	34	0.735482	45
e	12	11	31	0.959018	46
e	12	1	62	0.575738	47
e	12	3	16	0.8976		48
e	13	10	48	0.63695		49
e	13	4	84	0.914745	50
e	13	7	93	0.689708	51
e	13	6	11	0.989324	52
e	13	8	11	0.538935	53
e	14	2	79	0.822565	54
e	14	13	41	0.703835	55
e	14	9	65	0.540408	56
g	#	0