g	#	1
s	14	64
e	1	2	83	0.652416	1
e	1	10	76	0.66948		2
e	1	6	2	0.919326	3
e	1	3	6	0.623608	4
e	2	5	23	0.735925	5
e	2	13	24	0.862148	6
e	2	7	53	0.607447	7
e	2	3	78	0.886534	8
e	2	1	54	0.906468	9
e	2	5	89	0.6482		10
e	3	12	48	0.737602	11
e	3	5	26	0.799397	12
e	3	9	80	0.681893	13
e	3	4	52	0.686285	14
e	3	4	53	0.571646	15
e	3	1	93	0.538897	16
e	4	5	60	0.745487	17
e	4	13	66	0.582072	18
e	4	11	84	0.710756	19
e	4	11	22	0.534799	20
e	5	8	47	0.664451	21
e	5	13	23	0.773656	22
e	5	13	19	0.748035	23
e	6	8	91	0.71609		24
e	6	10	23	0.64137		25
e	6	12	67	0.698486	26
e	6	7	56	0.630123	27
e	6	2	52	0.697952	28
e	6	1	45	0.58414		29
e	6	7	75	0.998256	30
e	6	3	75	0.881257	31
e	6	1	7	0.560616	32
e	6	12	51	0.659983	33
e	7	3	23	0.979368	34
e	7	4	49	0.649283	35
e	7	2	94	0.885965	36
e	7	14	4	0.81406		37
e	8	12	44	0.882882	38
e	8	1	93	0.824863	39
e	8	3	6	0.795768	40
e	9	11	80	0.785927	41
e	9	2	43	0.642698	42
e	9	8	37	0.934464	43
e	10	9	28	0.952152	44
e	10	11	69	0.567041	45
e	10	9	38	0.518957	46
e	10	6	13	0.703954	47
e	10	4	64	0.853535	48
e	11	3	44	0.944692	49
e	11	4	31	0.615272	50
e	11	5	20	0.533404	51
e	11	6	32	0.968063	52
e	12	5	15	0.628038	53
e	12	7	9	0.878545	54
e	12	11	28	0.709167	55
e	12	13	7	0.843604	56
e	13	5	94	0.838195	57
e	13	8	81	0.675866	58
e	13	1	16	0.658185	59
e	13	8	88	0.615423	60
e	14	5	62	0.951953	61
e	14	12	80	0.656723	62
e	14	9	17	0.523156	63
e	14	6	8	0.707294	64
g	#	0