g	#	1
s	14	56
e	1	12	56	0.854752	1
e	1	14	43	0.64372		2
e	1	2	32	0.727874	3
e	1	4	14	0.757336	4
e	2	5	88	0.773806	5
e	2	8	89	0.859672	6
e	2	8	89	0.92685		7
e	2	14	8	0.772039	8
e	4	13	66	0.680274	9
e	4	5	86	0.915338	10
e	4	3	18	0.960672	11
e	4	3	56	0.714623	12
e	4	13	22	0.960608	13
e	5	11	79	0.897481	14
e	5	4	57	0.81952		15
e	5	8	38	0.629583	16
e	6	1	74	0.741723	17
e	6	8	28	0.709895	18
e	6	12	77	0.855311	19
e	7	2	30	0.721164	20
e	7	5	82	0.795946	21
e	7	5	58	0.531519	22
e	7	2	95	0.785691	23
e	7	2	80	0.781371	24
e	7	6	20	0.917039	25
e	7	8	6	0.593186	26
e	8	4	25	0.839739	27
e	8	11	31	0.686409	28
e	8	11	0	0.808498	29
e	8	1	84	0.580528	30
e	9	11	56	0.678514	31
e	9	5	78	0.992304	32
e	9	6	26	0.994151	33
e	10	13	36	0.870934	34
e	10	1	44	0.570807	35
e	11	12	32	0.923405	36
e	11	2	79	0.646344	37
e	11	10	49	0.881099	38
e	11	8	69	0.768064	39
e	11	8	4	0.511996	40
e	11	7	83	0.852852	41
e	11	9	1	0.980183	42
e	12	3	78	0.547872	43
e	12	6	56	0.792023	44
e	13	14	63	0.958584	45
e	13	12	56	0.931266	46
e	13	4	42	0.710654	47
e	13	3	26	0.83556		48
e	13	2	90	0.681956	49
e	13	4	79	0.956957	50
e	13	12	22	0.638608	51
e	13	6	17	0.798772	52
e	14	6	98	0.853043	53
e	14	4	67	0.693616	54
e	14	11	41	0.514341	55
e	14	4	3	0.727736	56
g	#	0