g	#	1
s	14	34
e	1	6	67	0.771748	1
e	1	8	13	0.90243		2
e	1	7	62	0.534228	3
e	2	7	93	0.800519	4
e	2	1	96	0.506127	5
e	3	8	7	0.776083	6
e	3	7	80	0.824886	7
e	3	10	46	0.831882	8
e	3	2	3	0.956387	9
e	4	6	46	0.9775		10
e	4	13	72	0.694181	11
e	5	14	54	0.800676	12
e	5	11	77	0.955614	13
e	5	9	54	0.754287	14
e	6	2	74	0.648442	15
e	6	10	75	0.814225	16
e	6	7	47	0.785359	17
e	6	2	48	0.63507		18
e	7	14	4	0.778324	19
e	7	2	6	0.673718	20
e	8	7	97	0.79064		21
e	9	6	72	0.611555	22
e	9	2	83	0.853343	23
e	9	8	81	0.84949		24
e	10	8	83	0.508963	25
e	11	9	12	0.974794	26
e	11	10	34	0.962133	27
e	11	1	87	0.87078		28
e	11	3	66	0.999836	29
e	11	12	7	0.591517	30
e	12	5	38	0.681314	31
e	13	4	61	0.606286	32
e	14	7	34	0.514091	33
e	14	9	96	0.735682	34
g	#	0