g	#	1
s	16	82
e	1	2	33	0.689329	1
e	1	4	91	0.716664	2
e	1	12	48	0.581034	3
e	1	2	91	0.517449	4
e	1	16	78	0.686296	5
e	1	8	71	0.837022	6
e	1	2	28	0.833037	7
e	1	13	52	0.735159	8
e	2	7	39	0.849542	9
e	2	10	65	0.923669	10
e	2	12	1	0.903281	11
e	2	11	51	0.616095	12
e	3	1	40	0.79804		13
e	3	13	17	0.508915	14
e	3	4	99	0.896549	15
e	3	15	26	0.728488	16
e	4	11	95	0.834732	17
e	4	11	26	0.639125	18
e	4	6	67	0.745399	19
e	4	3	86	0.838515	20
e	4	9	91	0.812982	21
e	4	10	82	0.522757	22
e	4	9	65	0.585994	23
e	5	7	25	0.940952	24
e	5	8	56	0.522267	25
e	5	9	77	0.547434	26
e	5	8	61	0.754035	27
e	6	12	77	0.581971	28
e	6	5	76	0.812431	29
e	6	1	5	0.891978	30
e	6	3	65	0.659924	31
e	6	11	98	0.537472	32
e	6	15	70	0.52924		33
e	6	4	79	0.573722	34
e	6	1	47	0.67014		35
e	6	5	79	0.68589		36
e	6	8	43	0.82043		37
e	7	3	32	0.824202	38
e	7	16	89	0.969397	39
e	7	2	26	0.776077	40
e	7	10	6	0.752453	41
e	7	8	2	0.51682		42
e	7	1	40	0.886321	43
e	8	11	63	0.743293	44
e	8	12	11	0.72681		45
e	8	9	27	0.562354	46
e	8	3	38	0.565054	47
e	8	12	35	0.636822	48
e	9	12	19	0.936033	49
e	9	12	49	0.78215		50
e	9	13	14	0.955974	51
e	10	3	31	0.939431	52
e	10	16	50	0.533676	53
e	10	14	17	0.809241	54
e	10	14	77	0.850232	55
e	11	8	46	0.777393	56
e	11	8	89	0.543594	57
e	11	16	27	0.547327	58
e	11	12	80	0.857242	59
e	12	5	90	0.658093	60
e	12	10	19	0.684064	61
e	13	10	91	0.718969	62
e	13	8	28	0.977457	63
e	13	4	38	0.727073	64
e	13	10	69	0.685235	65
e	13	12	92	0.619095	66
e	13	6	60	0.72828		67
e	13	7	85	0.824289	68
e	13	5	66	0.80255		69
e	14	10	38	0.783488	70
e	14	8	27	0.782042	71
e	14	4	30	0.667676	72
e	14	10	13	0.792518	73
e	14	1	9	0.789827	74
e	15	3	14	0.625396	75
e	15	16	89	0.935898	76
e	15	10	30	0.783072	77
e	15	7	85	0.651353	78
e	15	7	15	0.572532	79
e	16	3	2	0.509948	80
e	16	15	68	0.528956	81
e	16	6	33	0.594		82
g	#	0