g	#	1
s	16	100
e	1	11	42	0.901544	1
e	1	4	41	0.523272	2
e	1	16	75	0.634334	3
e	1	2	47	0.963015	4
e	1	11	52	0.831257	5
e	1	14	43	0.821278	6
e	1	3	1	0.903538	7
e	1	8	32	0.894658	8
e	1	16	36	0.896719	9
e	1	4	21	0.565862	10
e	1	16	10	0.782534	11
e	2	7	26	0.925343	12
e	2	9	19	0.946888	13
e	2	7	38	0.620601	14
e	2	14	62	0.694599	15
e	2	4	32	0.854643	16
e	3	10	16	0.795947	17
e	3	8	98	0.5639		18
e	3	11	47	0.733123	19
e	3	6	57	0.780995	20
e	3	8	88	0.552348	21
e	4	9	60	0.712132	22
e	4	9	76	0.582521	23
e	4	8	70	0.870221	24
e	4	9	55	0.883207	25
e	4	2	56	0.96983		26
e	4	7	35	0.694877	27
e	5	14	11	0.730249	28
e	5	15	81	0.634096	29
e	5	1	86	0.504786	30
e	5	3	16	0.508732	31
e	5	13	6	0.533829	32
e	5	2	35	0.7046		33
e	5	13	42	0.755541	34
e	5	13	49	0.790302	35
e	6	7	56	0.668344	36
e	6	4	13	0.545274	37
e	6	15	14	0.996805	38
e	7	4	81	0.614852	39
e	7	2	70	0.732862	40
e	7	11	88	0.926083	41
e	7	2	4	0.613448	42
e	7	16	99	0.967157	43
e	7	1	87	0.602188	44
e	7	16	92	0.686475	45
e	7	1	42	0.553989	46
e	7	8	87	0.793299	47
e	8	14	91	0.808874	48
e	8	3	61	0.817325	49
e	8	11	58	0.970203	50
e	8	15	93	0.83321		51
e	8	16	80	0.558028	52
e	8	6	91	0.877875	53
e	8	4	20	0.65766		54
e	8	5	91	0.897493	55
e	8	5	19	0.960464	56
e	9	7	44	0.642718	57
e	9	2	3	0.584561	58
e	9	15	9	0.941626	59
e	9	10	49	0.69291		60
e	10	14	89	0.77096		61
e	10	7	46	0.924991	62
e	10	2	92	0.62181		63
e	10	9	1	0.677251	64
e	10	9	33	0.530378	65
e	10	14	55	0.606222	66
e	10	6	93	0.830871	67
e	10	8	74	0.735997	68
e	11	3	81	0.741593	69
e	11	10	89	0.944917	70
e	11	2	94	0.576187	71
e	11	5	18	0.870734	72
e	12	1	79	0.866768	73
e	12	3	31	0.813592	74
e	12	3	90	0.571643	75
e	12	11	75	0.547412	76
e	12	3	93	0.740927	77
e	12	4	15	0.853869	78
e	12	15	95	0.625714	79
e	12	7	78	0.927797	80
e	12	16	72	0.828672	81
e	12	14	91	0.839104	82
e	13	10	99	0.971363	83
e	13	6	54	0.626377	84
e	13	15	29	0.91503		85
e	14	15	80	0.741756	86
e	14	16	77	0.868979	87
e	14	3	87	0.97228		88
e	14	3	47	0.708451	89
e	14	15	43	0.675312	90
e	14	7	18	0.864026	91
e	15	5	74	0.870628	92
e	15	1	89	0.80383		93
e	15	2	9	0.89364		94
e	15	3	95	0.572934	95
e	16	1	14	0.911572	96
e	16	15	75	0.709104	97
e	16	1	49	0.592712	98
e	16	13	51	0.827452	99
e	16	7	5	0.884203	100
g	#	0