g	#	1
s	16	64
e	1	15	36	0.74993		1
e	1	11	4	0.655865	2
e	1	12	96	0.523655	3
e	2	11	19	0.800733	4
e	2	9	10	0.713156	5
e	2	11	61	0.505269	6
e	2	7	74	0.852799	7
e	3	5	58	0.653243	8
e	3	11	29	0.944303	9
e	3	14	92	0.72223		10
e	3	10	14	0.950501	11
e	3	12	1	0.671313	12
e	3	5	92	0.718881	13
e	3	8	88	0.803693	14
e	3	13	45	0.633787	15
e	3	2	25	0.551564	16
e	3	10	88	0.807115	17
e	4	1	74	0.777306	18
e	4	3	68	0.919945	19
e	4	1	91	0.643402	20
e	5	4	20	0.632526	21
e	5	2	39	0.899561	22
e	6	3	25	0.748296	23
e	6	3	9	0.695821	24
e	7	8	22	0.60015		25
e	7	9	52	0.835578	26
e	7	11	27	0.528568	27
e	7	13	91	0.907168	28
e	8	1	78	0.777899	29
e	8	14	88	0.978537	30
e	8	9	96	0.677997	31
e	9	14	92	0.597095	32
e	9	12	54	0.724546	33
e	9	5	63	0.738576	34
e	9	12	24	0.809632	35
e	9	10	25	0.905816	36
e	9	11	54	0.579069	37
e	10	8	19	0.644477	38
e	10	13	91	0.636412	39
e	10	5	36	0.542113	40
e	10	9	37	0.796067	41
e	10	16	16	0.938219	42
e	11	1	59	0.843424	43
e	11	12	21	0.62904		44
e	11	3	14	0.633799	45
e	12	4	21	0.84998		46
e	12	8	88	0.873754	47
e	12	1	11	0.621903	48
e	12	3	95	0.500233	49
e	12	3	96	0.935759	50
e	13	4	59	0.682824	51
e	13	12	59	0.737895	52
e	14	11	4	0.641118	53
e	14	13	30	0.734647	54
e	14	13	6	0.543707	55
e	14	5	23	0.878133	56
e	14	13	48	0.625561	57
e	14	9	19	0.924192	58
e	14	1	44	0.992577	59
e	14	6	75	0.927115	60
e	15	4	52	0.689269	61
e	16	9	16	0.570274	62
e	16	10	99	0.800475	63
e	16	13	7	0.546335	64
g	#	0