g	#	1
s	16	100
e	1	8	74	0.522766	1
e	1	16	81	0.699478	2
e	1	3	93	0.955807	3
e	2	15	79	0.70403		4
e	2	1	3	0.737845	5
e	2	1	78	0.987575	6
e	2	9	32	0.968628	7
e	2	1	9	0.886858	8
e	2	13	51	0.867717	9
e	2	5	56	0.905155	10
e	2	10	31	0.784654	11
e	2	14	92	0.914718	12
e	2	12	49	0.588556	13
e	3	8	10	0.861826	14
e	3	4	78	0.702635	15
e	3	13	95	0.591293	16
e	4	13	49	0.964999	17
e	4	14	98	0.955158	18
e	4	1	50	0.917266	19
e	4	1	94	0.543089	20
e	4	12	20	0.860173	21
e	4	13	91	0.780452	22
e	4	5	94	0.833682	23
e	4	12	84	0.667486	24
e	5	3	47	0.659529	25
e	5	15	89	0.901098	26
e	5	16	92	0.838711	27
e	5	1	18	0.892128	28
e	6	15	63	0.906832	29
e	6	13	18	0.552113	30
e	6	15	2	0.839997	31
e	6	11	35	0.857406	32
e	6	5	43	0.547792	33
e	7	9	5	0.601929	34
e	7	15	7	0.8315		35
e	7	2	25	0.729846	36
e	7	14	79	0.527642	37
e	7	16	4	0.592075	38
e	7	9	43	0.507426	39
e	7	12	76	0.952226	40
e	7	1	57	0.615668	41
e	7	6	24	0.563094	42
e	7	14	68	0.75182		43
e	7	2	29	0.616193	44
e	7	14	41	0.675119	45
e	8	5	56	0.52286		46
e	8	7	64	0.608448	47
e	8	5	31	0.907729	48
e	8	12	77	0.942886	49
e	8	2	9	0.64326		50
e	9	8	54	0.941421	51
e	9	6	70	0.716082	52
e	9	4	51	0.521629	53
e	9	6	71	0.550488	54
e	10	7	44	0.975121	55
e	10	7	60	0.510561	56
e	10	6	87	0.847009	57
e	10	7	65	0.522657	58
e	10	16	96	0.614056	59
e	10	5	75	0.848679	60
e	11	12	43	0.781442	61
e	11	13	12	0.889183	62
e	11	15	93	0.851124	63
e	11	1	63	0.555765	64
e	11	16	51	0.783446	65
e	12	5	45	0.596939	66
e	12	2	67	0.860341	67
e	12	13	17	0.623989	68
e	12	3	0	0.560988	69
e	13	2	80	0.541835	70
e	13	16	57	0.776678	71
e	13	9	94	0.938307	72
e	13	16	42	0.57333		73
e	13	14	2	0.758362	74
e	13	15	86	0.730064	75
e	13	14	32	0.784503	76
e	13	15	49	0.792048	77
e	13	6	47	0.610411	78
e	14	12	67	0.571897	79
e	14	1	45	0.591254	80
e	14	9	99	0.852993	81
e	14	13	23	0.688188	82
e	14	4	74	0.620316	83
e	14	2	51	0.791695	84
e	14	3	7	0.644773	85
e	14	3	55	0.586499	86
e	15	5	62	0.753116	87
e	15	16	20	0.82586		88
e	15	7	46	0.879987	89
e	15	13	56	0.867183	90
e	15	7	39	0.740444	91
e	15	8	15	0.811929	92
e	16	8	49	0.811934	93
e	16	12	82	0.825954	94
e	16	5	72	0.772359	95
e	16	7	68	0.876525	96
e	16	7	23	0.647797	97
e	16	12	58	0.538125	98
e	16	4	48	0.724198	99
e	16	6	87	0.817293	100
g	#	0