g	#	1
s	16	56
e	1	8	4	0.577333	1
e	2	15	9	0.525707	2
e	2	1	33	0.938904	3
e	2	1	2	0.841858	4
e	2	9	67	0.693929	5
e	2	1	28	0.547379	6
e	2	13	91	0.657923	7
e	2	5	96	0.886678	8
e	2	10	50	0.97164		9
e	3	8	39	0.617198	10
e	4	13	5	0.742165	11
e	4	14	16	0.816943	12
e	4	1	9	0.75643		13
e	5	3	22	0.683629	14
e	5	15	79	0.70333		15
e	5	16	24	0.808632	16
e	6	15	81	0.781658	17
e	6	13	82	0.700327	18
e	6	15	88	0.824819	19
e	6	11	9	0.716455	20
e	7	9	99	0.765197	21
e	7	15	82	0.865274	22
e	7	2	53	0.874606	23
e	7	14	4	0.623297	24
e	7	16	66	0.903311	25
e	7	9	94	0.724672	26
e	7	12	57	0.92595		27
e	8	5	2	0.805304	28
e	8	7	53	0.98058		29
e	8	5	26	0.767255	30
e	9	8	23	0.529822	31
e	9	6	78	0.648661	32
e	10	7	88	0.706991	33
e	10	7	16	0.697042	34
e	11	12	37	0.721396	35
e	11	13	6	0.865169	36
e	11	15	40	0.842219	37
e	12	5	88	0.796992	38
e	12	2	70	0.975571	39
e	12	13	74	0.698508	40
e	13	2	54	0.72649		41
e	13	16	23	0.759082	42
e	13	9	82	0.943455	43
e	13	16	92	0.584342	44
e	14	12	31	0.721536	45
e	14	1	98	0.990958	46
e	14	9	54	0.852268	47
e	14	13	14	0.516493	48
e	15	5	33	0.965105	49
e	15	16	22	0.748178	50
e	15	7	43	0.541419	51
e	16	8	81	0.9067		52
e	16	12	23	0.914095	53
e	16	5	51	0.701356	54
e	16	7	34	0.885706	55
e	16	7	44	0.848365	56
g	#	0