g	#	1
s	16	82
e	1	14	75	0.911866	1
e	1	12	81	0.785909	2
e	1	8	85	0.577859	3
e	1	14	1	0.942912	4
e	1	16	77	0.800484	5
e	1	10	67	0.862752	6
e	1	11	89	0.901279	7
e	1	9	53	0.923153	8
e	2	14	70	0.539077	9
e	2	12	7	0.796806	10
e	2	8	11	0.694551	11
e	2	14	11	0.716063	12
e	2	5	67	0.797787	13
e	3	7	9	0.625313	14
e	3	4	74	0.889217	15
e	3	14	59	0.616656	16
e	3	11	55	0.517359	17
e	3	11	40	0.559825	18
e	4	7	85	0.939295	19
e	4	3	35	0.504138	20
e	4	10	4	0.847075	21
e	5	6	27	0.660354	22
e	5	8	47	0.703661	23
e	5	16	20	0.793885	24
e	5	6	89	0.983761	25
e	5	4	86	0.530614	26
e	5	12	31	0.636873	27
e	5	6	79	0.601358	28
e	5	1	57	0.955588	29
e	6	11	1	0.883739	30
e	6	14	61	0.854327	31
e	6	16	95	0.649675	32
e	6	15	55	0.564996	33
e	7	5	44	0.682416	34
e	7	1	71	0.786216	35
e	7	8	5	0.78435		36
e	7	3	65	0.662601	37
e	8	15	19	0.70617		38
e	8	15	13	0.733815	39
e	8	10	61	0.850107	40
e	8	7	20	0.908566	41
e	8	13	35	0.8065		42
e	8	14	67	0.624899	43
e	8	13	68	0.923286	44
e	9	11	24	0.781128	45
e	9	12	31	0.540609	46
e	9	13	92	0.626662	47
e	9	12	5	0.90006		48
e	10	16	89	0.659718	49
e	10	9	68	0.889682	50
e	10	5	89	0.814746	51
e	10	7	28	0.9547		52
e	10	15	17	0.946524	53
e	10	3	63	0.566636	54
e	10	8	38	0.541221	55
e	10	5	69	0.547356	56
e	10	9	23	0.625424	57
e	10	12	89	0.79421		58
e	11	7	0	0.997419	59
e	11	4	64	0.945503	60
e	11	6	62	0.535184	61
e	11	14	10	0.573712	62
e	11	12	82	0.947538	63
e	11	5	64	0.552416	64
e	12	15	85	0.935091	65
e	12	16	58	0.51881		66
e	12	13	14	0.592522	67
e	12	7	38	0.919641	68
e	12	16	85	0.598414	69
e	13	16	4	0.722065	70
e	13	16	16	0.736646	71
e	13	1	22	0.674731	72
e	14	7	9	0.957006	73
e	14	4	1	0.5856		74
e	14	2	21	0.623949	75
e	14	2	75	0.9505		76
e	15	12	32	0.630877	77
e	15	12	8	0.776717	78
e	15	4	8	0.919791	79
e	15	16	68	0.901618	80
e	16	9	24	0.995956	81
e	16	14	36	0.930415	82
g	#	0