g	#	1
s	16	56
e	1	3	39	0.710638	1
e	1	4	91	0.837555	2
e	1	5	19	0.504566	3
e	2	8	74	0.846669	4
e	2	1	38	0.577791	5
e	2	13	0	0.842597	6
e	2	15	72	0.843318	7
e	2	7	82	0.522382	8
e	2	11	47	0.865944	9
e	3	15	9	0.637786	10
e	3	12	86	0.879059	11
e	3	14	64	0.626139	12
e	3	6	28	0.577478	13
e	3	4	28	0.909529	14
e	4	7	67	0.911584	15
e	4	8	32	0.647505	16
e	4	5	82	0.586011	17
e	4	15	54	0.593502	18
e	5	8	17	0.862356	19
e	5	8	35	0.531126	20
e	5	9	23	0.717366	21
e	6	15	45	0.976779	22
e	6	12	68	0.856773	23
e	7	4	15	0.949877	24
e	7	4	59	0.596561	25
e	8	1	13	0.973653	26
e	8	6	15	0.806187	27
e	9	6	5	0.52777		28
e	9	4	4	0.985807	29
e	9	16	74	0.76641		30
e	9	6	89	0.922265	31
e	9	8	3	0.878618	32
e	10	6	11	0.552051	33
e	10	4	11	0.763542	34
e	10	16	9	0.935439	35
e	10	6	61	0.573707	36
e	11	15	58	0.839485	37
e	11	12	54	0.658318	38
e	11	6	42	0.668748	39
e	13	14	62	0.828454	40
e	13	16	68	0.75979		41
e	13	8	61	0.655429	42
e	13	14	52	0.849729	43
e	13	12	33	0.83441		44
e	13	4	9	0.978696	45
e	13	14	99	0.672764	46
e	13	9	46	0.774079	47
e	14	3	83	0.651975	48
e	14	6	61	0.596679	49
e	15	13	15	0.590339	50
e	15	9	94	0.828885	51
e	15	16	61	0.71303		52
e	16	7	53	0.706348	53
e	16	7	5	0.930126	54
e	16	2	16	0.898952	55
e	16	15	61	0.912051	56
g	#	0