g	#	1
s	16	64
e	1	15	1	0.617936	1
e	1	11	75	0.883133	2
e	1	12	81	0.688149	3
e	2	11	40	0.812817	4
e	2	9	83	0.977263	5
e	2	11	3	0.728415	6
e	2	7	83	0.737713	7
e	3	5	63	0.872157	8
e	3	11	56	0.893304	9
e	3	14	29	0.95937		10
e	3	10	6	0.728228	11
e	3	12	36	0.554151	12
e	3	5	91	0.994629	13
e	3	8	92	0.816722	14
e	3	13	6	0.54651		15
e	3	2	97	0.749187	16
e	3	10	63	0.781795	17
e	4	1	44	0.673703	18
e	4	3	5	0.926968	19
e	4	1	71	0.950823	20
e	5	4	4	0.706711	21
e	5	2	89	0.605056	22
e	6	3	17	0.858702	23
e	6	3	62	0.961847	24
e	7	8	70	0.559544	25
e	7	9	7	0.768929	26
e	7	11	6	0.500615	27
e	7	13	29	0.977847	28
e	8	1	86	0.501426	29
e	8	14	69	0.65587		30
e	8	9	51	0.756458	31
e	9	14	72	0.537296	32
e	9	12	86	0.66736		33
e	9	5	53	0.9823		34
e	9	12	57	0.620512	35
e	9	10	50	0.965262	36
e	9	11	29	0.865113	37
e	10	8	26	0.989037	38
e	10	13	88	0.724898	39
e	10	5	12	0.614665	40
e	10	9	22	0.753658	41
e	10	16	44	0.904822	42
e	11	1	89	0.523537	43
e	11	12	35	0.670814	44
e	11	3	25	0.514663	45
e	12	4	44	0.688213	46
e	12	8	40	0.704442	47
e	12	1	74	0.804538	48
e	12	3	16	0.694269	49
e	12	3	40	0.914336	50
e	13	4	4	0.927986	51
e	13	12	13	0.930084	52
e	14	11	16	0.604976	53
e	14	13	71	0.83717		54
e	14	13	23	0.573614	55
e	14	5	98	0.554915	56
e	14	13	87	0.671776	57
e	14	9	21	0.671904	58
e	14	1	1	0.81591		59
e	14	6	90	0.766302	60
e	15	4	2	0.717712	61
e	16	9	94	0.523433	62
e	16	10	75	0.572889	63
e	16	13	91	0.902358	64
g	#	0