g	#	1
s	16	82
e	1	6	83	0.564564	1
e	1	6	88	0.828606	2
e	1	14	35	0.527779	3
e	1	10	30	0.627442	4
e	2	3	63	0.978011	5
e	2	8	88	0.753028	6
e	3	8	24	0.736966	7
e	3	6	5	0.905765	8
e	3	2	81	0.559665	9
e	3	8	43	0.881935	10
e	3	10	21	0.659097	11
e	3	4	33	0.892086	12
e	3	5	26	0.631548	13
e	4	8	98	0.569061	14
e	4	6	47	0.98165		15
e	4	2	68	0.741301	16
e	4	8	2	0.88093		17
e	4	15	19	0.843377	18
e	5	13	90	0.840756	19
e	5	1	96	0.806094	20
e	5	14	86	0.799492	21
e	5	8	20	0.816715	22
e	6	1	27	0.613317	23
e	6	13	92	0.576231	24
e	6	4	44	0.539291	25
e	7	16	2	0.886783	26
e	7	2	78	0.932669	27
e	7	10	85	0.852421	28
e	7	16	6	0.65622		29
e	7	14	85	0.942799	30
e	7	6	42	0.767384	31
e	7	16	48	0.680741	32
e	7	11	32	0.652525	33
e	7	15	73	0.633079	34
e	8	5	18	0.742969	35
e	8	10	30	0.955958	36
e	8	9	39	0.845905	37
e	9	15	29	0.578734	38
e	9	11	43	0.776677	39
e	9	2	20	0.950005	40
e	9	13	44	0.581801	41
e	10	9	58	0.932738	42
e	10	2	63	0.641293	43
e	10	9	94	0.799272	44
e	10	4	44	0.911561	45
e	10	1	73	0.60843		46
e	10	7	13	0.759296	47
e	10	8	22	0.800933	48
e	10	7	83	0.694696	49
e	10	2	88	0.951011	50
e	11	5	45	0.658079	51
e	11	6	56	0.847152	52
e	11	7	25	0.540869	53
e	11	6	24	0.512402	54
e	12	10	20	0.51847		55
e	12	3	18	0.835601	56
e	12	15	27	0.590216	57
e	12	1	20	0.775891	58
e	12	9	44	0.726246	59
e	12	13	21	0.885204	60
e	12	2	26	0.504639	61
e	12	15	10	0.896816	62
e	12	3	52	0.968988	63
e	12	6	58	0.925183	64
e	13	1	76	0.626096	65
e	13	14	30	0.969855	66
e	13	16	56	0.906038	67
e	13	8	40	0.637969	68
e	13	6	93	0.943407	69
e	13	5	57	0.852472	70
e	13	15	47	0.611451	71
e	14	9	77	0.600647	72
e	14	10	62	0.718938	73
e	14	7	30	0.597203	74
e	14	1	52	0.972631	75
e	14	10	56	0.822421	76
e	15	10	38	0.896356	77
e	15	10	83	0.784803	78
e	15	11	79	0.93825		79
e	16	1	11	0.815854	80
e	16	14	87	0.797331	81
e	16	12	8	0.769736	82
g	#	0