g	#	1
s	16	56
e	1	14	81	0.610649	1
e	1	12	5	0.620454	2
e	1	8	83	0.67174		3
e	1	14	92	0.763169	4
e	1	16	99	0.684454	5
e	2	14	48	0.572124	6
e	2	12	25	0.560739	7
e	2	8	53	0.518557	8
e	2	14	37	0.666852	9
e	3	7	74	0.727421	10
e	3	4	75	0.667496	11
e	3	14	14	0.641973	12
e	5	6	87	0.537761	13
e	5	8	49	0.943205	14
e	5	16	11	0.926173	15
e	5	6	39	0.52503		16
e	5	4	7	0.525494	17
e	5	12	45	0.769719	18
e	5	6	41	0.57027		19
e	5	1	54	0.859901	20
e	6	11	59	0.5828		21
e	6	14	12	0.657011	22
e	7	5	71	0.517647	23
e	7	1	86	0.8613		24
e	7	8	95	0.709944	25
e	8	15	22	0.877624	26
e	8	15	17	0.776358	27
e	8	10	3	0.594411	28
e	8	7	58	0.632739	29
e	9	11	41	0.820704	30
e	9	12	71	0.666478	31
e	9	13	49	0.600541	32
e	10	16	30	0.927203	33
e	10	9	47	0.541482	34
e	10	5	14	0.523786	35
e	10	7	14	0.541606	36
e	10	15	95	0.768246	37
e	10	3	47	0.939985	38
e	11	7	26	0.850978	39
e	11	4	23	0.886879	40
e	11	6	17	0.751904	41
e	11	14	49	0.874709	42
e	11	12	47	0.820037	43
e	12	15	31	0.740641	44
e	12	16	50	0.738535	45
e	12	13	61	0.580658	46
e	12	7	36	0.810067	47
e	13	16	11	0.671997	48
e	13	16	3	0.553524	49
e	13	1	21	0.594007	50
e	14	7	52	0.605606	51
e	14	4	85	0.664725	52
e	15	12	96	0.711656	53
e	15	12	80	0.94009		54
e	16	9	75	0.6984		55
e	16	14	59	0.564118	56
g	#	0