3--4最大流值为：55
最可靠最大流分布概率为 ： 0.0597624
状态划分算法消耗的内存为：4.26953
状态划分算法运行时间(ms) ： 173.868
---------------------------------
流分布如下: 
---------------------------------
0   0   0   0   0   0   0   0   0   0   
0   0   0   0   0   0   0   0   0   0   
0   0   0   38  0   3   14  0   0   0   
0   0   0   0   0   0   0   0   0   0   
0   0   0   0   0   0   0   0   0   0   
0   0   0   0   0   0   0   0   0   3   
0   0   0   17  0   0   0   0   0   0   
0   0   0   0   0   0   0   0   0   0   
0   0   0   0   0   0   0   0   0   0   
0   0   0   0   0   0   3   0   0   0   
---------------------------------
关键边输出如下：
---------------------------------
5    A         17        0.109103  0.169758  
7    A         41        0.0891653 0.138736  
12   A         38        0.54776   0.54776   
18   A         52        0.22457   0.22457   
1    B         55        0.0597624 0.0928866 
2    B         55        0.0597624 0.0926001 
3    B         55        0.0597624 0.0707101 
4    B         55        0.0597624 0.0687702 
6    B         55        0.0475751 0.0811785 
8    B         55        0.0597624 0.0882128 
9    B         55        0.0597624 0.092794  
11   B         55        0.0475751 0.0475751 
14   B         55        0.0597624 0.092905  
15   B         55        0.0597624 0.0893128 
16   B         55        0.0597624 0.092794  
10   C         55        0.0597624 0.0929866 
13   C         55        0.0597624 0.0929866 
17   C         55        0.0597624 0.0929866 
---------------------------------
---------------------------------

1--4最大流值为：47
最可靠最大流分布概率为 ： 0.0355748
状态划分算法消耗的内存为：4.27734
状态划分算法运行时间(ms) ： 155.862
---------------------------------
流分布如下: 
---------------------------------
0   12  35  0   0   0   0   0   0   0   
0   0   0   0   12  0   0   0   0   0   
0   0   0   0   35  0   0   0   0   0   
0   0   0   0   0   0   0   0   0   0   
0   0   0   22  0   0   25  0   0   0   
0   0   0   0   0   0   0   0   0   0   
0   0   0   22  0   0   0   0   0   3   
0   0   0   0   0   0   0   0   0   0   
0   0   0   0   0   0   0   0   0   0   
0   0   0   3   0   0   0   0   0   0   
---------------------------------
关键边输出如下：
---------------------------------
1    A         37        0.0940541 0.0940541 
2    A         12        0.362531  0.48575   
3    A         43        0.0199682 0.0199682 
5    A         41        0.008673760.0101841 
9    A         25        0.107421  0.168792  
10   A         28        0.0288944 0.0522679 
13   A         25        0.0744889 0.147428  
17   A         44        0.0605819 0.0605819 
4    B         47        0.0355748 0.0413772 
11   B         47        0.0355748 0.0411026 
14   B         47        0.0251292 0.0360633 
6    C         47        0.0355748 0.0439019 
7    C         47        0.0355748 0.0439019 
8    C         47        0.0355748 0.0439019 
12   C         47        0.0355748 0.0439019 
15   C         47        0.0355748 0.0439019 
16   C         47        0.0355748 0.0439019 
18   C         47        0.0355748 0.0439019 
---------------------------------
---------------------------------

1--3最大流值为：30
最可靠最大流分布概率为 ： 0.012557
状态划分算法消耗的内存为：4.27734
状态划分算法运行时间(ms) ： 79.6642
---------------------------------
流分布如下: 
---------------------------------
0   0   0   12  0   0   0   0   12  6   
0   0   0   0   0   0   0   0   0   0   
0   0   0   0   0   0   0   0   0   0   
0   0   14  0   1   0   0   0   0   0   
0   0   1   0   0   0   0   0   0   0   
0   0   0   0   0   0   0   0   0   0   
0   0   0   3   0   0   0   0   0   0   
0   0   0   0   0   0   3   0   0   0   
0   0   12  0   0   0   0   0   0   0   
0   0   3   0   0   0   0   3   0   0   
---------------------------------
关键边输出如下：
---------------------------------
1    A         18        0.0357915 0.0480398 
2    A         18        0.0649019 0.104826  
3    A         24        0.271694  0.364671  
4    A         29        0.0242616 0.0242616 
5    A         29        0.034203  0.034203  
7    A         29        0.034203  0.034203  
11   A         27        0.139823  0.187672  
13   A         27        0.139823  0.187672  
15   A         18        0.022859  0.022859  
17   A         27        0.0164463 0.0164463 
18   A         27        0.139823  0.187672  
6    C         30        0.012557  0.012557  
8    C         30        0.012557  0.012557  
9    C         30        0.012557  0.012557  
10   C         30        0.012557  0.012557  
12   C         30        0.012557  0.012557  
14   C         30        0.012557  0.012557  
16   C         30        0.012557  0.012557  
---------------------------------
---------------------------------

2--8最大流值为：52
最可靠最大流分布概率为 ： 0.028081
状态划分算法消耗的内存为：4.27734
状态划分算法运行时间(ms) ： 109.383
---------------------------------
流分布如下: 
---------------------------------
0   0   0   0   0   0   0   12  0   0   
0   0   36  13  0   0   0   0   0   3   
12  0   0   0   0   0   12  25  0   0   
0   0   13  0   0   0   0   0   0   0   
0   0   0   0   0   0   0   0   0   0   
0   0   0   0   0   0   0   0   0   0   
0   0   0   0   0   0   0   12  0   0   
0   0   0   0   0   0   0   0   0   0   
0   0   0   0   0   0   0   0   0   0   
0   0   0   0   0   0   0   3   0   0   
---------------------------------
关键边输出如下：
---------------------------------
1    A         40        0.0364294 0.0518934 
3    A         29        0.0493885 0.0493885 
4    A         51        0.0525766 0.0525766 
7    A         40        0.084732  0.146914  
8    A         27        0.10724   0.18948   
10   A         51        0.0525766 0.0525766 
15   A         40        0.084732  0.146914  
18   A         49        0.0844196 0.0964273 
2    B         52        0.028081  0.028081  
5    B         52        0.0193889 0.0193889 
6    B         52        0.0206563 0.0294247 
9    B         52        0.028081  0.0320752 
11   C         52        0.028081  0.0408437 
12   C         52        0.028081  0.0408437 
13   C         52        0.028081  0.0408437 
14   C         52        0.028081  0.0408437 
16   C         52        0.028081  0.0408437 
17   C         52        0.028081  0.0408437 
---------------------------------
---------------------------------

8--1最大流值为：63
最可靠最大流分布概率为 ： 0.0652329
状态划分算法消耗的内存为：4.27734
状态划分算法运行时间(ms) ： 66.5122
---------------------------------
流分布如下: 
---------------------------------
0   0   0   0   0   0   0   0   0   0   
22  0   0   0   0   0   0   0   0   0   
38  0   0   0   0   0   0   0   0   0   
0   0   0   0   0   0   0   0   0   0   
0   0   0   0   0   0   0   0   0   0   
3   0   0   0   0   0   0   0   0   0   
0   0   0   0   0   0   0   0   0   0   
0   22  38  0   0   0   0   0   0   3   
0   0   0   0   0   0   0   0   0   0   
0   0   0   0   0   3   0   0   0   0   
---------------------------------
关键边输出如下：
---------------------------------
2    A         41        0.148274  0.148274  
5    A         25        0.154844  0.181542  
13   A         41        0.148274  0.163443  
14   A         37        0.0523351 0.0905905 
17   A         60        0.185343  0.185343  
18   A         60        0.185343  0.185343  
10   B         63        0.0466866 0.0466866 
11   B         63        0.0652329 0.0652329 
1    C         63        0.0652329 0.0764802 
3    C         63        0.0652329 0.0764802 
4    C         63        0.0652329 0.0764802 
6    C         63        0.0652329 0.0764802 
7    C         63        0.0652329 0.0764802 
8    C         63        0.0652329 0.0764802 
9    C         63        0.0652329 0.0764802 
12   C         63        0.0652329 0.0764802 
15   C         63        0.0652329 0.0764802 
16   C         63        0.0652329 0.0764802 
---------------------------------
---------------------------------

