6--5最大流值为：26
最可靠最大流分布概率为 ： 0.132277
状态划分算法消耗的内存为：4.27734
状态划分算法运行时间(ms) ： 1626.71
---------------------------------
流分布如下: 
---------------------------------
0   0   0   0   13  0   0   0   0   0   0   0   
0   0   0   0   0   0   0   0   0   0   0   0   
0   0   0   0   13  0   0   0   0   0   0   0   
0   0   0   0   0   0   0   0   0   0   0   0   
0   0   0   0   0   0   0   0   0   0   0   0   
0   0   0   0   0   0   13  0   13  0   0   0   
13  0   0   0   0   0   0   0   0   0   0   0   
0   0   0   0   0   0   0   0   0   0   0   0   
0   0   0   0   0   0   0   0   0   0   0   13  
0   0   13  0   0   0   0   0   0   0   0   0   
0   0   0   0   0   0   0   0   0   0   0   0   
0   0   0   0   0   0   0   0   0   13  0   0   
---------------------------------
关键边输出如下：
---------------------------------
1    A         13        0.214936  0.358489  
4    A         13        0.615423  0.668847  
18   A         13        0.615423  0.665555  
2    B         26        0.132277  0.214241  
3    B         26        0.132277  0.18397   
7    B         26        0.132277  0.211994  
8    B         26        0.132277  0.218698  
9    B         26        0.132277  0.212155  
10   B         26        0.132277  0.210791  
11   B         26        0.0686003 0.143133  
12   B         26        0.0724632 0.118602  
13   B         26        0.132277  0.21174   
14   B         26        0.0686003 0.143133  
15   B         26        0.132277  0.196904  
16   B         26        0.132277  0.219569  
17   B         26        0.116865  0.180901  
19   B         26        0.132277  0.206791  
20   B         26        0.132277  0.213619  
21   B         26        0.132277  0.219405  
22   B         26        0.116865  0.201068  
5    C         26        0.132277  0.219633  
6    C         26        0.132277  0.219633  
---------------------------------
---------------------------------

7--12最大流值为：61
最可靠最大流分布概率为 ： 0.111716
状态划分算法消耗的内存为：4.27734
状态划分算法运行时间(ms) ： 159.112
---------------------------------
流分布如下: 
---------------------------------
0   0   0   0   0   0   0   0   0   0   0   13  
0   0   0   0   0   0   0   0   0   0   0   0   
0   0   0   0   0   0   0   0   0   0   0   0   
0   0   0   0   0   0   0   0   0   0   0   0   
0   0   0   0   0   0   0   0   0   0   0   0   
0   0   0   0   0   0   0   0   0   0   0   0   
0   0   0   0   0   0   0   29  0   0   0   32  
0   0   0   0   0   0   0   0   19  0   10  0   
0   0   0   0   0   0   0   0   0   19  0   0   
13  0   0   0   0   0   0   0   0   0   0   16  
0   0   0   0   0   0   0   0   0   10  0   0   
0   0   0   0   0   0   0   0   0   0   0   0   
---------------------------------
关键边输出如下：
---------------------------------
1    A         48        0.397694  0.42021   
9    A         47        0.277911  0.283284  
11   A         29        0.119831  0.130144  
15   A         53        0.226078  0.226078  
16   A         48        0.397694  0.42021   
19   A         45        0.340838  0.432341  
22   A         51        0.138333  0.138333  
8    B         61        0.111716  0.11252   
10   B         61        0.111716  0.120528  
12   B         61        0.0575258 0.0575258 
13   B         61        0.0621694 0.0621694 
21   B         61        0.111716  0.11252   
2    C         61        0.111716  0.121331  
3    C         61        0.111716  0.121331  
4    C         61        0.111716  0.121331  
5    C         61        0.111716  0.121331  
6    C         61        0.111716  0.121331  
7    C         61        0.111716  0.121331  
14   C         61        0.111716  0.121331  
17   C         61        0.111716  0.121331  
18   C         61        0.111716  0.121331  
20   C         61        0.111716  0.121331  
---------------------------------
---------------------------------

10--8最大流值为：32
最可靠最大流分布概率为 ： 0.107603
状态划分算法消耗的内存为：4.27734
状态划分算法运行时间(ms) ： 96.7637
---------------------------------
流分布如下: 
---------------------------------
0   0   0   0   0   0   0   0   0   0   0   0   
0   0   0   0   0   0   0   0   0   0   0   19  
0   0   0   0   0   0   0   0   0   0   0   0   
0   0   0   0   0   19  0   0   0   0   0   0   
0   0   0   0   0   0   0   0   0   0   0   0   
0   0   0   0   0   0   0   32  0   0   0   0   
0   0   0   0   0   0   0   0   0   0   0   0   
0   0   0   0   0   0   0   0   0   0   0   0   
0   0   0   0   0   0   0   0   0   0   0   0   
0   19  0   0   0   13  0   0   0   0   0   0   
0   0   0   7   0   0   0   0   0   0   0   0   
0   0   0   12  0   0   0   0   0   0   7   0   
---------------------------------
关键边输出如下：
---------------------------------
5    A         13        0.714152  0.731688  
7    A         27        0.119749  0.119749  
11   A         14        0.16768   0.16768   
17   A         13        0.714152  0.73206   
18   A         19        0.140469  0.140469  
19   A         25        0.198278  0.20569   
21   A         29        0.16735   0.16735   
22   A         25        0.198278  0.20569   
8    B         32        0.107603  0.107603  
1    C         32        0.107603  0.107603  
2    C         32        0.107603  0.107603  
3    C         32        0.107603  0.107603  
4    C         32        0.107603  0.107603  
6    C         32        0.107603  0.107603  
9    C         32        0.107603  0.107603  
10   C         32        0.107603  0.107603  
12   C         32        0.107603  0.107603  
13   C         32        0.107603  0.107603  
14   C         32        0.107603  0.107603  
15   C         32        0.107603  0.107603  
16   C         32        0.107603  0.107603  
20   C         32        0.107603  0.107603  
---------------------------------
---------------------------------

12--6最大流值为：62
最可靠最大流分布概率为 ： 0.0330876
状态划分算法消耗的内存为：4.27734
状态划分算法运行时间(ms) ： 387.96
---------------------------------
流分布如下: 
---------------------------------
0   0   0   0   0   5   0   0   0   0   0   0   
0   0   0   0   0   0   29  0   0   0   0   0   
5   0   0   0   0   0   0   0   0   0   0   0   
0   0   0   0   0   0   0   0   0   0   0   0   
0   0   0   0   0   0   0   0   0   0   0   0   
0   0   0   0   0   0   0   0   0   0   0   0   
0   0   0   0   0   0   0   29  0   0   0   0   
0   0   0   0   0   29  0   0   0   0   0   0   
0   0   0   0   0   0   0   0   0   0   0   0   
0   0   0   0   0   0   0   0   0   0   0   0   
0   0   5   0   0   16  0   0   0   0   0   0   
0   29  0   0   0   12  0   0   0   0   21  0   
---------------------------------
关键边输出如下：
---------------------------------
1    A         57        0.107355  0.107355  
5    A         55        0.0190023 0.0261411 
6    A         57        0.107355  0.107355  
12   A         55        0.0199302 0.0398045 
13   A         55        0.0199302 0.0398045 
18   A         57        0.107355  0.107355  
19   A         54        0.0498832 0.0498832 
20   A         33        0.107545  0.107545  
21   A         50        0.0514596 0.0514596 
22   A         41        0.197821  0.22464   
3    B         62        0.0330876 0.0330876 
4    B         62        0.0330876 0.0330876 
8    B         62        0.0330876 0.0330876 
11   B         62        0.0330876 0.0330876 
2    C         62        0.0330876 0.0330876 
7    C         62        0.0330876 0.0330876 
9    C         62        0.0330876 0.0330876 
10   C         62        0.0330876 0.0330876 
14   C         62        0.0330876 0.0330876 
15   C         62        0.0330876 0.0330876 
16   C         62        0.0330876 0.0330876 
17   C         62        0.0330876 0.0330876 
---------------------------------
---------------------------------

7--6最大流值为：27
最可靠最大流分布概率为 ： 0.0693474
状态划分算法消耗的内存为：4.27734
状态划分算法运行时间(ms) ： 144.801
---------------------------------
流分布如下: 
---------------------------------
0   0   0   0   0   0   0   0   0   0   0   0   
0   0   0   0   0   14  0   0   0   0   0   0   
0   14  0   0   0   0   0   0   0   0   0   0   
0   0   0   0   0   0   0   13  0   0   0   0   
0   0   0   0   0   0   0   0   0   0   0   0   
0   0   0   0   0   0   0   0   0   0   0   0   
0   0   14  0   0   0   0   0   13  0   0   0   
0   0   0   0   0   13  0   0   0   0   0   0   
0   0   0   13  0   0   0   0   0   0   0   0   
0   0   0   0   0   0   0   0   0   0   0   0   
0   0   0   0   0   0   0   0   0   0   0   0   
0   0   0   0   0   0   0   0   0   0   0   0   
---------------------------------
关键边输出如下：
---------------------------------
2    A         13        0.415914  0.544157  
14   A         19        0.0974482 0.0974482 
15   A         20        0.129143  0.224435  
18   A         14        0.298718  0.389678  
20   A         20        0.129143  0.191874  
1    B         27        0.0693474 0.116918  
3    B         27        0.0693474 0.116918  
4    B         27        0.0664402 0.092097  
5    B         27        0.0693474 0.0986979 
6    B         27        0.0693474 0.117452  
8    B         27        0.0693474 0.0693474 
9    B         27        0.0664402 0.0664402 
21   B         27        0.0693474 0.117452  
7    C         27        0.0693474 0.122031  
10   C         27        0.0693474 0.122031  
11   C         27        0.0693474 0.122031  
12   C         27        0.0693474 0.122031  
13   C         27        0.0693474 0.122031  
16   C         27        0.0693474 0.122031  
17   C         27        0.0693474 0.122031  
19   C         27        0.0693474 0.122031  
22   C         27        0.0693474 0.122031  
---------------------------------
---------------------------------

