12--8最大流值为：38
最可靠最大流分布概率为 ： 0.0628504
状态划分算法消耗的内存为：4.26563
状态划分算法运行时间(ms) ： 131.856
---------------------------------
流分布如下: 
---------------------------------
0   0   0   0   0   0   0   0   0   0   0   0   0   0   
0   0   0   0   0   0   0   0   0   0   0   0   0   0   
0   0   0   0   0   0   19  0   0   0   0   0   0   0   
0   0   0   0   0   0   0   19  0   0   0   0   0   0   
0   0   0   19  0   0   0   0   0   0   0   0   0   0   
0   0   0   0   0   0   0   0   0   0   0   0   0   0   
0   0   0   0   0   0   0   0   0   0   0   0   19  0   
0   0   0   0   0   0   0   0   0   0   0   0   0   0   
0   0   0   0   0   0   0   0   0   0   0   0   0   0   
0   0   0   0   0   0   0   0   0   0   0   0   0   0   
0   0   0   0   0   0   0   0   0   0   0   0   0   0   
0   0   19  0   19  0   0   0   0   0   0   0   0   0   
0   0   0   0   0   0   0   19  0   0   0   0   0   0   
0   0   0   0   0   0   0   0   0   0   0   0   0   0   
---------------------------------
关键边输出如下：
---------------------------------
6    A         19        0.263208  0.263208  
8    A         29        0.0667191 0.0955738 
11   A         19        0.238786  0.238786  
13   A         19        0.263208  0.30461   
19   A         28        0.0502952 0.0627893 
23   A         19        0.263208  0.30461   
3    B         38        0.0628504 0.0628504 
5    B         38        0.0628504 0.0628504 
14   B         38        0.0628504 0.0628504 
17   B         38        0.0628504 0.0628504 
20   B         38        0.0252411 0.0252411 
22   B         38        0.0628504 0.0628504 
25   B         38        0.0628504 0.0628504 
1    C         38        0.0628504 0.0723805 
2    C         38        0.0628504 0.0723805 
4    C         38        0.0628504 0.0723805 
7    C         38        0.0628504 0.0723805 
9    C         38        0.0628504 0.0723805 
10   C         38        0.0628504 0.0723805 
12   C         38        0.0628504 0.0723805 
15   C         38        0.0628504 0.0723805 
16   C         38        0.0628504 0.0723805 
18   C         38        0.0628504 0.0723805 
21   C         38        0.0628504 0.0723805 
24   C         38        0.0628504 0.0723805 
26   C         38        0.0628504 0.0723805 
---------------------------------
---------------------------------

7--8最大流值为：38
最可靠最大流分布概率为 ： 0.107265
状态划分算法消耗的内存为：4.26953
状态划分算法运行时间(ms) ： 193.177
---------------------------------
流分布如下: 
---------------------------------
0   0   0   0   0   0   0   0   0   0   0   0   0   0   
0   0   0   0   19  0   0   0   0   0   0   0   0   0   
0   0   0   0   0   0   0   0   0   0   0   0   0   0   
0   0   0   0   0   0   0   19  0   0   0   0   0   0   
0   0   0   19  0   0   0   0   0   0   0   0   0   0   
0   0   0   0   0   0   0   0   0   0   0   0   0   0   
0   0   0   0   0   0   0   0   0   0   0   0   19  19  
0   0   0   0   0   0   0   0   0   0   0   0   0   0   
0   0   0   0   0   0   0   0   0   0   0   0   0   0   
0   1   0   0   0   0   0   0   0   0   0   0   0   0   
0   0   0   0   0   0   0   0   0   0   0   0   0   0   
0   0   0   0   0   0   0   0   0   0   0   0   0   0   
0   0   0   0   0   0   0   19  0   0   0   0   0   0   
0   18  0   0   0   0   0   0   0   1   0   0   0   0   
---------------------------------
关键边输出如下：
---------------------------------
3    A         26        0.04457   0.0739087 
8    A         29        0.181011  0.216245  
11   A         19        0.677668  0.677668  
13   A         19        0.158286  0.188374  
14   A         23        0.098065  0.136121  
23   A         19        0.158286  0.274875  
25   A         34        0.0452787 0.0452787 
5    B         38        0.107265  0.107265  
12   B         38        0.107265  0.107265  
17   B         38        0.0549686 0.0549686 
18   B         38        0.107265  0.107265  
26   B         38        0.0549686 0.0549686 
1    C         38        0.107265  0.127655  
2    C         38        0.107265  0.127655  
4    C         38        0.107265  0.127655  
6    C         38        0.107265  0.127655  
7    C         38        0.107265  0.127655  
9    C         38        0.107265  0.127655  
10   C         38        0.107265  0.127655  
15   C         38        0.107265  0.127655  
16   C         38        0.107265  0.127655  
19   C         38        0.107265  0.127655  
20   C         38        0.107265  0.127655  
21   C         38        0.107265  0.127655  
22   C         38        0.107265  0.127655  
24   C         38        0.107265  0.127655  
---------------------------------
---------------------------------

12--10最大流值为：81
最可靠最大流分布概率为 ： 0.023357
状态划分算法消耗的内存为：4.27734
状态划分算法运行时间(ms) ： 152.259
---------------------------------
流分布如下: 
---------------------------------
0   0   0   0   0   0   0   0   0   0   0   0   0   0   
0   0   0   0   0   0   0   0   0   0   0   0   0   0   
0   0   0   0   0   0   24  0   0   0   0   0   0   0   
0   0   0   0   0   0   0   0   0   19  0   0   0   0   
0   0   0   19  0   0   0   0   0   0   0   0   0   0   
0   0   0   0   0   0   0   0   0   0   0   0   0   0   
0   0   0   0   0   0   0   0   0   0   0   0   1   23  
0   0   0   0   0   0   0   0   0   1   0   0   0   0   
0   0   0   0   0   0   0   0   0   0   0   0   0   0   
0   0   0   0   0   0   0   0   0   0   0   0   0   0   
0   0   0   0   0   0   0   0   0   0   0   0   0   0   
0   0   24  0   19  0   0   0   0   38  0   0   0   0   
0   0   0   0   0   0   0   1   0   0   0   0   0   0   
0   0   0   0   0   0   0   0   0   23  0   0   0   0   
---------------------------------
关键边输出如下：
---------------------------------
6    A         57        0.224997  0.224997  
10   A         62        0.0736843 0.0943009 
11   A         62        0.0736843 0.0736843 
13   A         80        0.0467281 0.0467281 
14   A         58        0.0396284 0.0553475 
15   A         80        0.0467281 0.0467281 
19   A         66        0.0373935 0.0373935 
20   A         71        0.0283117 0.0283117 
22   A         43        0.0329065 0.0329065 
23   A         80        0.0467281 0.0467281 
26   A         58        0.0396284 0.0638271 
1    C         81        0.023357  0.023357  
2    C         81        0.023357  0.023357  
3    C         81        0.023357  0.023357  
4    C         81        0.023357  0.023357  
5    C         81        0.023357  0.023357  
7    C         81        0.023357  0.023357  
8    C         81        0.023357  0.023357  
9    C         81        0.023357  0.023357  
12   C         81        0.023357  0.023357  
16   C         81        0.023357  0.023357  
17   C         81        0.023357  0.023357  
18   C         81        0.023357  0.023357  
21   C         81        0.023357  0.023357  
24   C         81        0.023357  0.023357  
25   C         81        0.023357  0.023357  
---------------------------------
---------------------------------

7--3最大流值为：32
最可靠最大流分布概率为 ： 0.0355738
状态划分算法消耗的内存为：4.27734
状态划分算法运行时间(ms) ： 271.541
---------------------------------
流分布如下: 
---------------------------------
0   0   0   0   0   0   0   0   0   0   0   0   0   0   
0   0   0   0   0   0   0   0   9   0   0   0   0   0   
0   0   0   0   0   0   0   0   0   0   0   0   0   0   
0   0   0   0   0   0   0   0   0   0   0   0   0   0   
0   0   0   0   0   0   0   0   0   0   0   0   0   0   
0   0   0   0   0   0   0   0   0   0   0   0   0   0   
0   0   0   0   0   0   0   0   0   0   4   0   19  9   
0   0   0   0   0   0   0   0   0   0   0   0   0   0   
0   0   9   0   0   0   0   0   0   0   0   0   0   0   
0   0   0   0   0   0   0   0   0   0   0   0   0   0   
0   0   4   0   0   0   0   0   0   0   0   0   0   0   
0   0   19  0   0   0   0   0   0   0   0   0   0   0   
0   0   0   0   0   0   0   0   0   0   0   19  0   0   
0   9   0   0   0   0   0   0   0   0   0   0   0   0   
---------------------------------
关键边输出如下：
---------------------------------
13   A         13        0.134388  0.259978  
14   A         23        0.143942  0.143942  
16   A         23        0.143942  0.16661   
18   A         28        0.0654206 0.107385  
19   A         13        0.134388  0.330148  
24   A         13        0.134388  0.259978  
2    B         32        0.0355738 0.0583927 
3    B         32        0.0355738 0.0424984 
4    B         32        0.0310144 0.0400472 
7    B         32        0.0355738 0.0583927 
9    B         32        0.0355738 0.0490631 
11   B         32        0.0355738 0.0424984 
12   B         32        0.0310144 0.0413117 
17   B         32        0.0355738 0.0593044 
25   B         32        0.0293028 0.0402621 
26   B         32        0.0355738 0.0593044 
1    C         32        0.0355738 0.0688187 
5    C         32        0.0355738 0.0688187 
6    C         32        0.0355738 0.0688187 
8    C         32        0.0355738 0.0688187 
10   C         32        0.0355738 0.0688187 
15   C         32        0.0355738 0.0688187 
20   C         32        0.0355738 0.0688187 
21   C         32        0.0355738 0.0688187 
22   C         32        0.0355738 0.0688187 
23   C         32        0.0355738 0.0688187 
---------------------------------
---------------------------------

12--2最大流值为：29
最可靠最大流分布概率为 ： 0.17837
状态划分算法消耗的内存为：4.27734
状态划分算法运行时间(ms) ： 129.302
---------------------------------
流分布如下: 
---------------------------------
0   0   0   0   0   0   0   0   0   0   0   0   0   0   
0   0   0   0   0   0   0   0   0   0   0   0   0   0   
0   0   0   0   0   0   18  0   0   0   0   0   0   0   
0   0   0   0   0   0   0   0   0   0   0   0   0   0   
0   0   0   0   0   0   0   0   0   0   0   0   0   0   
0   0   0   0   0   0   0   0   0   0   0   0   0   0   
0   0   0   0   0   0   0   0   0   0   0   0   0   18  
0   0   0   0   0   0   0   0   0   0   0   0   0   0   
0   0   0   0   0   0   0   0   0   0   0   0   0   0   
0   11  0   0   0   0   0   0   0   0   0   0   0   0   
0   0   0   0   0   0   0   0   0   0   0   0   0   0   
0   0   18  0   0   0   0   0   0   11  0   0   0   0   
0   0   0   0   0   0   0   0   0   0   0   0   0   0   
0   18  0   0   0   0   0   0   0   0   0   0   0   0   
---------------------------------
关键边输出如下：
---------------------------------
6    A         11        0.708625  0.800464  
14   A         11        0.708625  0.800464  
17   A         18        0.251713  0.251713  
19   A         24        0.0433476 0.0717038 
25   A         11        0.708625  0.844908  
5    B         29        0.17837   0.201487  
10   B         29        0.17837   0.17837   
11   B         29        0.17837   0.17837   
20   B         29        0.17837   0.192243  
22   B         29        0.0796578 0.0977075 
26   B         29        0.17837   0.201487  
1    C         29        0.17837   0.206725  
2    C         29        0.17837   0.206725  
3    C         29        0.17837   0.206725  
4    C         29        0.17837   0.206725  
7    C         29        0.17837   0.206725  
8    C         29        0.17837   0.206725  
9    C         29        0.17837   0.206725  
12   C         29        0.17837   0.206725  
13   C         29        0.17837   0.206725  
15   C         29        0.17837   0.206725  
16   C         29        0.17837   0.206725  
18   C         29        0.17837   0.206725  
21   C         29        0.17837   0.206725  
23   C         29        0.17837   0.206725  
24   C         29        0.17837   0.206725  
---------------------------------
---------------------------------

