6--1最大流值为：72
最可靠最大流分布概率为 ： 0.354885
状态划分算法消耗的内存为：3.24609
状态划分算法运行时间(ms) ： 25.911
---------------------------------
流分布如下: 
---------------------------------
0   0   0   0   0   0   
0   0   0   0   0   0   
0   0   0   0   0   0   
16  0   0   0   0   0   
23  0   0   2   0   0   
33  0   0   14  25  0   
---------------------------------
关键边输出如下：
---------------------------------
3    A         56        0.523928  0.523928  
5    A         49        0.430701  0.430701  
6    A         70        0.405458  0.405458  
7    A         39        0.379195  0.379195  
9    A         58        0.434583  0.434583  
10   A         47        0.724269  0.724269  
1    C         72        0.354885  0.354885  
2    C         72        0.354885  0.354885  
4    C         72        0.354885  0.354885  
8    C         72        0.354885  0.354885  
---------------------------------
---------------------------------

3--1最大流值为：80
最可靠最大流分布概率为 ： 0.27254
状态划分算法消耗的内存为：3.64453
状态划分算法运行时间(ms) ： 34.1752
---------------------------------
流分布如下: 
---------------------------------
0   0   0   0   0   0   
0   0   0   0   0   0   
20  0   0   0   37  23  
0   0   0   0   0   0   
33  0   0   0   0   4   
27  0   0   0   0   0   
---------------------------------
关键边输出如下：
---------------------------------
3    A         60        0.287588  0.325037  
4    A         43        0.530526  0.530526  
5    A         59        0.330765  0.373836  
7    A         47        0.291209  0.365203  
10   A         53        0.59617   0.59617   
2    B         80        0.27254   0.27254   
8    B         80        0.27254   0.27254   
9    B         80        0.193519  0.193519  
1    C         80        0.27254   0.30803   
6    C         80        0.27254   0.30803   
---------------------------------
---------------------------------

5--2最大流值为：35
最可靠最大流分布概率为 ： 0.252686
状态划分算法消耗的内存为：3.64453
状态划分算法运行时间(ms) ： 27.1639
---------------------------------
流分布如下: 
---------------------------------
0   8   0   0   0   0   
0   0   0   0   0   0   
0   0   0   0   0   8   
0   0   0   0   0   0   
0   0   8   0   0   27  
8   27  0   0   0   0   
---------------------------------
关键边输出如下：
---------------------------------
1    A         27        0.60213   0.60213   
5    A         27        0.60213   0.60213   
7    A         27        0.60213   0.60213   
8    A         23        0.523928  0.523928  
9    A         27        0.60213   0.60213   
10   A         8         0.482291  0.530027  
2    C         35        0.252686  0.252686  
3    C         35        0.252686  0.252686  
4    C         35        0.252686  0.252686  
6    C         35        0.252686  0.252686  
---------------------------------
---------------------------------

1--5最大流值为：45
最可靠最大流分布概率为 ： 0.127364
状态划分算法消耗的内存为：3.64453
状态划分算法运行时间(ms) ： 31.6258
---------------------------------
流分布如下: 
---------------------------------
0   7   18  0   20  0   
0   0   7   0   0   0   
0   0   0   23  0   2   
0   0   0   0   23  0   
0   0   0   0   0   0   
0   0   0   0   2   0   
---------------------------------
关键边输出如下：
---------------------------------
1    A         38        0.478132  0.478132  
2    A         28        0.327356  0.327356  
3    A         25        0.134396  0.134396  
4    A         38        0.478132  0.478132  
5    A         22        0.368712  0.455991  
6    A         43        0.214177  0.214177  
7    A         22        0.368712  0.455991  
10   A         43        0.214177  0.214177  
8    C         45        0.127364  0.127364  
9    C         45        0.127364  0.127364  
---------------------------------
---------------------------------

5--1最大流值为：76
最可靠最大流分布概率为 ： 0.115151
状态划分算法消耗的内存为：3.64453
状态划分算法运行时间(ms) ： 27.039
---------------------------------
流分布如下: 
---------------------------------
0   0   0   0   0   0   
22  0   0   0   0   0   
0   0   0   0   0   0   
32  0   0   0   0   0   
22  22  0   32  0   0   
0   0   0   0   0   0   
---------------------------------
关键边输出如下：
---------------------------------
1    A         54        0.164846  0.164846  
7    A         44        0.359729  0.359729  
8    A         54        0.223604  0.223604  
9    A         54        0.164846  0.164846  
10   A         44        0.359729  0.359729  
2    C         76        0.115151  0.115151  
3    C         76        0.115151  0.115151  
4    C         76        0.115151  0.115151  
5    C         76        0.115151  0.115151  
6    C         76        0.115151  0.115151  
---------------------------------
---------------------------------

6--1最大流值为：72
最可靠最大流分布概率为 ： 0.354885
状态划分算法消耗的内存为：3.25
状态划分算法运行时间(ms) ： 26.9934
---------------------------------
流分布如下: 
---------------------------------
0   0   0   0   0   0   
0   0   0   0   0   0   
0   0   0   0   0   0   
16  0   0   0   0   0   
23  0   0   2   0   0   
33  0   0   14  25  0   
---------------------------------
关键边输出如下：
---------------------------------
3    A         56        0.523928  0.523928  
5    A         49        0.430701  0.430701  
6    A         70        0.405458  0.405458  
7    A         39        0.379195  0.379195  
9    A         58        0.434583  0.434583  
10   A         47        0.724269  0.724269  
1    C         72        0.354885  0.354885  
2    C         72        0.354885  0.354885  
4    C         72        0.354885  0.354885  
8    C         72        0.354885  0.354885  
---------------------------------
---------------------------------

3--1最大流值为：80
最可靠最大流分布概率为 ： 0.27254
状态划分算法消耗的内存为：3.64844
状态划分算法运行时间(ms) ： 35.2944
---------------------------------
流分布如下: 
---------------------------------
0   0   0   0   0   0   
0   0   0   0   0   0   
20  0   0   0   37  23  
0   0   0   0   0   0   
33  0   0   0   0   4   
27  0   0   0   0   0   
---------------------------------
关键边输出如下：
---------------------------------
3    A         60        0.287588  0.325037  
4    A         43        0.530526  0.530526  
5    A         59        0.330765  0.373836  
7    A         47        0.291209  0.365203  
10   A         53        0.59617   0.59617   
2    B         80        0.27254   0.27254   
8    B         80        0.27254   0.27254   
9    B         80        0.193519  0.193519  
1    C         80        0.27254   0.30803   
6    C         80        0.27254   0.30803   
---------------------------------
---------------------------------

5--2最大流值为：35
最可靠最大流分布概率为 ： 0.252686
状态划分算法消耗的内存为：3.64844
状态划分算法运行时间(ms) ： 38.5052
---------------------------------
流分布如下: 
---------------------------------
0   8   0   0   0   0   
0   0   0   0   0   0   
0   0   0   0   0   8   
0   0   0   0   0   0   
0   0   8   0   0   27  
8   27  0   0   0   0   
---------------------------------
关键边输出如下：
---------------------------------
1    A         27        0.60213   0.60213   
5    A         27        0.60213   0.60213   
7    A         27        0.60213   0.60213   
8    A         23        0.523928  0.523928  
9    A         27        0.60213   0.60213   
10   A         8         0.482291  0.530027  
2    C         35        0.252686  0.252686  
3    C         35        0.252686  0.252686  
4    C         35        0.252686  0.252686  
6    C         35        0.252686  0.252686  
---------------------------------
---------------------------------

1--5最大流值为：45
最可靠最大流分布概率为 ： 0.127364
状态划分算法消耗的内存为：3.64844
状态划分算法运行时间(ms) ： 38.2945
---------------------------------
流分布如下: 
---------------------------------
0   7   18  0   20  0   
0   0   7   0   0   0   
0   0   0   23  0   2   
0   0   0   0   23  0   
0   0   0   0   0   0   
0   0   0   0   2   0   
---------------------------------
关键边输出如下：
---------------------------------
1    A         38        0.478132  0.478132  
2    A         28        0.327356  0.327356  
3    A         25        0.134396  0.134396  
4    A         38        0.478132  0.478132  
5    A         22        0.368712  0.455991  
6    A         43        0.214177  0.214177  
7    A         22        0.368712  0.455991  
10   A         43        0.214177  0.214177  
8    C         45        0.127364  0.127364  
9    C         45        0.127364  0.127364  
---------------------------------
---------------------------------

5--1最大流值为：76
最可靠最大流分布概率为 ： 0.115151
状态划分算法消耗的内存为：3.64844
状态划分算法运行时间(ms) ： 32.5531
---------------------------------
流分布如下: 
---------------------------------
0   0   0   0   0   0   
22  0   0   0   0   0   
0   0   0   0   0   0   
32  0   0   0   0   0   
22  22  0   32  0   0   
0   0   0   0   0   0   
---------------------------------
关键边输出如下：
---------------------------------
1    A         54        0.164846  0.164846  
7    A         44        0.359729  0.359729  
8    A         54        0.223604  0.223604  
9    A         54        0.164846  0.164846  
10   A         44        0.359729  0.359729  
2    C         76        0.115151  0.115151  
3    C         76        0.115151  0.115151  
4    C         76        0.115151  0.115151  
5    C         76        0.115151  0.115151  
6    C         76        0.115151  0.115151  
---------------------------------
---------------------------------

6--1最大流值为：72
最可靠最大流分布概率为 ： 0.354885
状态划分算法消耗的内存为：3.23828
状态划分算法运行时间(ms) ： 27.7891
---------------------------------
流分布如下: 
---------------------------------
0   0   0   0   0   0   
0   0   0   0   0   0   
0   0   0   0   0   0   
16  0   0   0   0   0   
23  0   0   2   0   0   
33  0   0   14  25  0   
---------------------------------
关键边输出如下：
---------------------------------
3    A         56        0.523928  0.523928  
5    A         49        0.430701  0.430701  
6    A         70        0.405458  0.405458  
7    A         39        0.379195  0.379195  
9    A         58        0.434583  0.434583  
10   A         47        0.724269  0.724269  
1    C         72        0.354885  0.354885  
2    C         72        0.354885  0.354885  
4    C         72        0.354885  0.354885  
8    C         72        0.354885  0.354885  
---------------------------------
---------------------------------

3--1最大流值为：80
最可靠最大流分布概率为 ： 0.27254
状态划分算法消耗的内存为：3.63672
状态划分算法运行时间(ms) ： 33.8897
---------------------------------
流分布如下: 
---------------------------------
0   0   0   0   0   0   
0   0   0   0   0   0   
20  0   0   0   37  23  
0   0   0   0   0   0   
33  0   0   0   0   4   
27  0   0   0   0   0   
---------------------------------
关键边输出如下：
---------------------------------
3    A         60        0.287588  0.325037  
4    A         43        0.530526  0.530526  
5    A         59        0.330765  0.373836  
7    A         47        0.291209  0.365203  
10   A         53        0.59617   0.59617   
2    B         80        0.27254   0.27254   
8    B         80        0.27254   0.27254   
9    B         80        0.193519  0.193519  
1    C         80        0.27254   0.30803   
6    C         80        0.27254   0.30803   
---------------------------------
---------------------------------

5--2最大流值为：35
最可靠最大流分布概率为 ： 0.252686
状态划分算法消耗的内存为：3.63672
状态划分算法运行时间(ms) ： 30.8769
---------------------------------
流分布如下: 
---------------------------------
0   8   0   0   0   0   
0   0   0   0   0   0   
0   0   0   0   0   8   
0   0   0   0   0   0   
0   0   8   0   0   27  
8   27  0   0   0   0   
---------------------------------
关键边输出如下：
---------------------------------
1    A         27        0.60213   0.60213   
5    A         27        0.60213   0.60213   
7    A         27        0.60213   0.60213   
8    A         23        0.523928  0.523928  
9    A         27        0.60213   0.60213   
10   A         8         0.482291  0.530027  
2    C         35        0.252686  0.252686  
3    C         35        0.252686  0.252686  
4    C         35        0.252686  0.252686  
6    C         35        0.252686  0.252686  
---------------------------------
---------------------------------

1--5最大流值为：45
最可靠最大流分布概率为 ： 0.127364
状态划分算法消耗的内存为：3.63672
状态划分算法运行时间(ms) ： 41.1125
---------------------------------
流分布如下: 
---------------------------------
0   7   18  0   20  0   
0   0   7   0   0   0   
0   0   0   23  0   2   
0   0   0   0   23  0   
0   0   0   0   0   0   
0   0   0   0   2   0   
---------------------------------
关键边输出如下：
---------------------------------
1    A         38        0.478132  0.478132  
2    A         28        0.327356  0.327356  
3    A         25        0.134396  0.134396  
4    A         38        0.478132  0.478132  
5    A         22        0.368712  0.455991  
6    A         43        0.214177  0.214177  
7    A         22        0.368712  0.455991  
10   A         43        0.214177  0.214177  
8    C         45        0.127364  0.127364  
9    C         45        0.127364  0.127364  
---------------------------------
---------------------------------

5--1最大流值为：76
最可靠最大流分布概率为 ： 0.115151
状态划分算法消耗的内存为：3.63672
状态划分算法运行时间(ms) ： 32.2706
---------------------------------
流分布如下: 
---------------------------------
0   0   0   0   0   0   
22  0   0   0   0   0   
0   0   0   0   0   0   
32  0   0   0   0   0   
22  22  0   32  0   0   
0   0   0   0   0   0   
---------------------------------
关键边输出如下：
---------------------------------
1    A         54        0.164846  0.164846  
7    A         44        0.359729  0.359729  
8    A         54        0.223604  0.223604  
9    A         54        0.164846  0.164846  
10   A         44        0.359729  0.359729  
2    C         76        0.115151  0.115151  
3    C         76        0.115151  0.115151  
4    C         76        0.115151  0.115151  
5    C         76        0.115151  0.115151  
6    C         76        0.115151  0.115151  
---------------------------------
---------------------------------

6--1最大流值为：72
最可靠最大流分布概率为 ： 0.354885
状态划分算法消耗的内存为：3.25
状态划分算法运行时间(ms) ： 25.8926
---------------------------------
流分布如下: 
---------------------------------
0   0   0   0   0   0   
0   0   0   0   0   0   
0   0   0   0   0   0   
16  0   0   0   0   0   
23  0   0   2   0   0   
33  0   0   14  25  0   
---------------------------------
关键边输出如下：
---------------------------------
3    A         56        0.523928  0.523928  
5    A         49        0.430701  0.430701  
6    A         70        0.405458  0.405458  
7    A         39        0.379195  0.379195  
9    A         58        0.434583  0.434583  
10   A         47        0.724269  0.724269  
1    C         72        0.354885  0.354885  
2    C         72        0.354885  0.354885  
4    C         72        0.354885  0.354885  
8    C         72        0.354885  0.354885  
---------------------------------
---------------------------------

3--1最大流值为：80
最可靠最大流分布概率为 ： 0.27254
状态划分算法消耗的内存为：3.64844
状态划分算法运行时间(ms) ： 39.1719
---------------------------------
流分布如下: 
---------------------------------
0   0   0   0   0   0   
0   0   0   0   0   0   
20  0   0   0   37  23  
0   0   0   0   0   0   
33  0   0   0   0   4   
27  0   0   0   0   0   
---------------------------------
关键边输出如下：
---------------------------------
3    A         60        0.287588  0.325037  
4    A         43        0.530526  0.530526  
5    A         59        0.330765  0.373836  
7    A         47        0.291209  0.365203  
10   A         53        0.59617   0.59617   
2    B         80        0.27254   0.27254   
8    B         80        0.27254   0.27254   
9    B         80        0.193519  0.193519  
1    C         80        0.27254   0.30803   
6    C         80        0.27254   0.30803   
---------------------------------
---------------------------------

5--2最大流值为：35
最可靠最大流分布概率为 ： 0.252686
状态划分算法消耗的内存为：3.64844
状态划分算法运行时间(ms) ： 35.6935
---------------------------------
流分布如下: 
---------------------------------
0   8   0   0   0   0   
0   0   0   0   0   0   
0   0   0   0   0   8   
0   0   0   0   0   0   
0   0   8   0   0   27  
8   27  0   0   0   0   
---------------------------------
关键边输出如下：
---------------------------------
1    A         27        0.60213   0.60213   
5    A         27        0.60213   0.60213   
7    A         27        0.60213   0.60213   
8    A         23        0.523928  0.523928  
9    A         27        0.60213   0.60213   
10   A         8         0.482291  0.530027  
2    C         35        0.252686  0.252686  
3    C         35        0.252686  0.252686  
4    C         35        0.252686  0.252686  
6    C         35        0.252686  0.252686  
---------------------------------
---------------------------------

1--5最大流值为：45
最可靠最大流分布概率为 ： 0.127364
状态划分算法消耗的内存为：3.64844
状态划分算法运行时间(ms) ： 37.1595
---------------------------------
流分布如下: 
---------------------------------
0   7   18  0   20  0   
0   0   7   0   0   0   
0   0   0   23  0   2   
0   0   0   0   23  0   
0   0   0   0   0   0   
0   0   0   0   2   0   
---------------------------------
关键边输出如下：
---------------------------------
1    A         38        0.478132  0.478132  
2    A         28        0.327356  0.327356  
3    A         25        0.134396  0.134396  
4    A         38        0.478132  0.478132  
5    A         22        0.368712  0.455991  
6    A         43        0.214177  0.214177  
7    A         22        0.368712  0.455991  
10   A         43        0.214177  0.214177  
8    C         45        0.127364  0.127364  
9    C         45        0.127364  0.127364  
---------------------------------
---------------------------------

5--1最大流值为：76
最可靠最大流分布概率为 ： 0.115151
状态划分算法消耗的内存为：3.64844
状态划分算法运行时间(ms) ： 29.9793
---------------------------------
流分布如下: 
---------------------------------
0   0   0   0   0   0   
22  0   0   0   0   0   
0   0   0   0   0   0   
32  0   0   0   0   0   
22  22  0   32  0   0   
0   0   0   0   0   0   
---------------------------------
关键边输出如下：
---------------------------------
1    A         54        0.164846  0.164846  
7    A         44        0.359729  0.359729  
8    A         54        0.223604  0.223604  
9    A         54        0.164846  0.164846  
10   A         44        0.359729  0.359729  
2    C         76        0.115151  0.115151  
3    C         76        0.115151  0.115151  
4    C         76        0.115151  0.115151  
5    C         76        0.115151  0.115151  
6    C         76        0.115151  0.115151  
---------------------------------
---------------------------------

6--1最大流值为：72
最可靠最大流分布概率为 ： 0.354885
状态划分算法消耗的内存为：3.24219
状态划分算法运行时间(ms) ： 26.7127
---------------------------------
流分布如下: 
---------------------------------
0   0   0   0   0   0   
0   0   0   0   0   0   
0   0   0   0   0   0   
16  0   0   0   0   0   
23  0   0   2   0   0   
33  0   0   14  25  0   
---------------------------------
关键边输出如下：
---------------------------------
3    A         56        0.523928  0.523928  
5    A         49        0.430701  0.430701  
6    A         70        0.405458  0.405458  
7    A         39        0.379195  0.379195  
9    A         58        0.434583  0.434583  
10   A         47        0.724269  0.724269  
1    C         72        0.354885  0.354885  
2    C         72        0.354885  0.354885  
4    C         72        0.354885  0.354885  
8    C         72        0.354885  0.354885  
---------------------------------
---------------------------------

3--1最大流值为：80
最可靠最大流分布概率为 ： 0.27254
状态划分算法消耗的内存为：3.64063
状态划分算法运行时间(ms) ： 33.7602
---------------------------------
流分布如下: 
---------------------------------
0   0   0   0   0   0   
0   0   0   0   0   0   
20  0   0   0   37  23  
0   0   0   0   0   0   
33  0   0   0   0   4   
27  0   0   0   0   0   
---------------------------------
关键边输出如下：
---------------------------------
3    A         60        0.287588  0.325037  
4    A         43        0.530526  0.530526  
5    A         59        0.330765  0.373836  
7    A         47        0.291209  0.365203  
10   A         53        0.59617   0.59617   
2    B         80        0.27254   0.27254   
8    B         80        0.27254   0.27254   
9    B         80        0.193519  0.193519  
1    C         80        0.27254   0.30803   
6    C         80        0.27254   0.30803   
---------------------------------
---------------------------------

5--2最大流值为：35
最可靠最大流分布概率为 ： 0.252686
状态划分算法消耗的内存为：3.64063
状态划分算法运行时间(ms) ： 33.7855
---------------------------------
流分布如下: 
---------------------------------
0   8   0   0   0   0   
0   0   0   0   0   0   
0   0   0   0   0   8   
0   0   0   0   0   0   
0   0   8   0   0   27  
8   27  0   0   0   0   
---------------------------------
关键边输出如下：
---------------------------------
1    A         27        0.60213   0.60213   
5    A         27        0.60213   0.60213   
7    A         27        0.60213   0.60213   
8    A         23        0.523928  0.523928  
9    A         27        0.60213   0.60213   
10   A         8         0.482291  0.530027  
2    C         35        0.252686  0.252686  
3    C         35        0.252686  0.252686  
4    C         35        0.252686  0.252686  
6    C         35        0.252686  0.252686  
---------------------------------
---------------------------------

1--5最大流值为：45
最可靠最大流分布概率为 ： 0.127364
状态划分算法消耗的内存为：3.64063
状态划分算法运行时间(ms) ： 40.8291
---------------------------------
流分布如下: 
---------------------------------
0   7   18  0   20  0   
0   0   7   0   0   0   
0   0   0   23  0   2   
0   0   0   0   23  0   
0   0   0   0   0   0   
0   0   0   0   2   0   
---------------------------------
关键边输出如下：
---------------------------------
1    A         38        0.478132  0.478132  
2    A         28        0.327356  0.327356  
3    A         25        0.134396  0.134396  
4    A         38        0.478132  0.478132  
5    A         22        0.368712  0.455991  
6    A         43        0.214177  0.214177  
7    A         22        0.368712  0.455991  
10   A         43        0.214177  0.214177  
8    C         45        0.127364  0.127364  
9    C         45        0.127364  0.127364  
---------------------------------
---------------------------------

5--1最大流值为：76
最可靠最大流分布概率为 ： 0.115151
状态划分算法消耗的内存为：3.64063
状态划分算法运行时间(ms) ： 29.8582
---------------------------------
流分布如下: 
---------------------------------
0   0   0   0   0   0   
22  0   0   0   0   0   
0   0   0   0   0   0   
32  0   0   0   0   0   
22  22  0   32  0   0   
0   0   0   0   0   0   
---------------------------------
关键边输出如下：
---------------------------------
1    A         54        0.164846  0.164846  
7    A         44        0.359729  0.359729  
8    A         54        0.223604  0.223604  
9    A         54        0.164846  0.164846  
10   A         44        0.359729  0.359729  
2    C         76        0.115151  0.115151  
3    C         76        0.115151  0.115151  
4    C         76        0.115151  0.115151  
5    C         76        0.115151  0.115151  
6    C         76        0.115151  0.115151  
---------------------------------
---------------------------------

6--1最大流值为：72
最可靠最大流分布概率为 ： 0.354885
状态划分算法消耗的内存为：3.24609
状态划分算法运行时间(ms) ： 25.4247
---------------------------------
流分布如下: 
---------------------------------
0   0   0   0   0   0   
0   0   0   0   0   0   
0   0   0   0   0   0   
16  0   0   0   0   0   
23  0   0   2   0   0   
33  0   0   14  25  0   
---------------------------------
关键边输出如下：
---------------------------------
3    A         56        0.523928  0.523928  
5    A         49        0.430701  0.430701  
6    A         70        0.405458  0.405458  
7    A         39        0.379195  0.379195  
9    A         58        0.434583  0.434583  
10   A         47        0.724269  0.724269  
1    C         72        0.354885  0.354885  
2    C         72        0.354885  0.354885  
4    C         72        0.354885  0.354885  
8    C         72        0.354885  0.354885  
---------------------------------
---------------------------------

3--1最大流值为：80
最可靠最大流分布概率为 ： 0.27254
状态划分算法消耗的内存为：3.64453
状态划分算法运行时间(ms) ： 39.3872
---------------------------------
流分布如下: 
---------------------------------
0   0   0   0   0   0   
0   0   0   0   0   0   
20  0   0   0   37  23  
0   0   0   0   0   0   
33  0   0   0   0   4   
27  0   0   0   0   0   
---------------------------------
关键边输出如下：
---------------------------------
3    A         60        0.287588  0.325037  
4    A         43        0.530526  0.530526  
5    A         59        0.330765  0.373836  
7    A         47        0.291209  0.365203  
10   A         53        0.59617   0.59617   
2    B         80        0.27254   0.27254   
8    B         80        0.27254   0.27254   
9    B         80        0.193519  0.193519  
1    C         80        0.27254   0.30803   
6    C         80        0.27254   0.30803   
---------------------------------
---------------------------------

5--2最大流值为：35
最可靠最大流分布概率为 ： 0.252686
状态划分算法消耗的内存为：3.64453
状态划分算法运行时间(ms) ： 31.7622
---------------------------------
流分布如下: 
---------------------------------
0   8   0   0   0   0   
0   0   0   0   0   0   
0   0   0   0   0   8   
0   0   0   0   0   0   
0   0   8   0   0   27  
8   27  0   0   0   0   
---------------------------------
关键边输出如下：
---------------------------------
1    A         27        0.60213   0.60213   
5    A         27        0.60213   0.60213   
7    A         27        0.60213   0.60213   
8    A         23        0.523928  0.523928  
9    A         27        0.60213   0.60213   
10   A         8         0.482291  0.530027  
2    C         35        0.252686  0.252686  
3    C         35        0.252686  0.252686  
4    C         35        0.252686  0.252686  
6    C         35        0.252686  0.252686  
---------------------------------
---------------------------------

1--5最大流值为：45
最可靠最大流分布概率为 ： 0.127364
状态划分算法消耗的内存为：3.64453
状态划分算法运行时间(ms) ： 34.2214
---------------------------------
流分布如下: 
---------------------------------
0   7   18  0   20  0   
0   0   7   0   0   0   
0   0   0   23  0   2   
0   0   0   0   23  0   
0   0   0   0   0   0   
0   0   0   0   2   0   
---------------------------------
关键边输出如下：
---------------------------------
1    A         38        0.478132  0.478132  
2    A         28        0.327356  0.327356  
3    A         25        0.134396  0.134396  
4    A         38        0.478132  0.478132  
5    A         22        0.368712  0.455991  
6    A         43        0.214177  0.214177  
7    A         22        0.368712  0.455991  
10   A         43        0.214177  0.214177  
8    C         45        0.127364  0.127364  
9    C         45        0.127364  0.127364  
---------------------------------
---------------------------------

5--1最大流值为：76
最可靠最大流分布概率为 ： 0.115151
状态划分算法消耗的内存为：3.64453
状态划分算法运行时间(ms) ： 35.4731
---------------------------------
流分布如下: 
---------------------------------
0   0   0   0   0   0   
22  0   0   0   0   0   
0   0   0   0   0   0   
32  0   0   0   0   0   
22  22  0   32  0   0   
0   0   0   0   0   0   
---------------------------------
关键边输出如下：
---------------------------------
1    A         54        0.164846  0.164846  
7    A         44        0.359729  0.359729  
8    A         54        0.223604  0.223604  
9    A         54        0.164846  0.164846  
10   A         44        0.359729  0.359729  
2    C         76        0.115151  0.115151  
3    C         76        0.115151  0.115151  
4    C         76        0.115151  0.115151  
5    C         76        0.115151  0.115151  
6    C         76        0.115151  0.115151  
---------------------------------
---------------------------------

6--1最大流值为：72
最可靠最大流分布概率为 ： 0.354885
状态划分算法消耗的内存为：3.23438
状态划分算法运行时间(ms) ： 27.0399
---------------------------------
流分布如下: 
---------------------------------
0   0   0   0   0   0   
0   0   0   0   0   0   
0   0   0   0   0   0   
16  0   0   0   0   0   
23  0   0   2   0   0   
33  0   0   14  25  0   
---------------------------------
关键边输出如下：
---------------------------------
3    A         56        0.523928  0.523928  
5    A         49        0.430701  0.430701  
6    A         70        0.405458  0.405458  
7    A         39        0.379195  0.379195  
9    A         58        0.434583  0.434583  
10   A         47        0.724269  0.724269  
1    C         72        0.354885  0.354885  
2    C         72        0.354885  0.354885  
4    C         72        0.354885  0.354885  
8    C         72        0.354885  0.354885  
---------------------------------
---------------------------------

3--1最大流值为：80
最可靠最大流分布概率为 ： 0.27254
状态划分算法消耗的内存为：3.62891
状态划分算法运行时间(ms) ： 37.0802
---------------------------------
流分布如下: 
---------------------------------
0   0   0   0   0   0   
0   0   0   0   0   0   
20  0   0   0   37  23  
0   0   0   0   0   0   
33  0   0   0   0   4   
27  0   0   0   0   0   
---------------------------------
关键边输出如下：
---------------------------------
3    A         60        0.287588  0.325037  
4    A         43        0.530526  0.530526  
5    A         59        0.330765  0.373836  
7    A         47        0.291209  0.365203  
10   A         53        0.59617   0.59617   
2    B         80        0.27254   0.27254   
8    B         80        0.27254   0.27254   
9    B         80        0.193519  0.193519  
1    C         80        0.27254   0.30803   
6    C         80        0.27254   0.30803   
---------------------------------
---------------------------------

5--2最大流值为：35
最可靠最大流分布概率为 ： 0.252686
状态划分算法消耗的内存为：3.62891
状态划分算法运行时间(ms) ： 31.3191
---------------------------------
流分布如下: 
---------------------------------
0   8   0   0   0   0   
0   0   0   0   0   0   
0   0   0   0   0   8   
0   0   0   0   0   0   
0   0   8   0   0   27  
8   27  0   0   0   0   
---------------------------------
关键边输出如下：
---------------------------------
1    A         27        0.60213   0.60213   
5    A         27        0.60213   0.60213   
7    A         27        0.60213   0.60213   
8    A         23        0.523928  0.523928  
9    A         27        0.60213   0.60213   
10   A         8         0.482291  0.530027  
2    C         35        0.252686  0.252686  
3    C         35        0.252686  0.252686  
4    C         35        0.252686  0.252686  
6    C         35        0.252686  0.252686  
---------------------------------
---------------------------------

1--5最大流值为：45
最可靠最大流分布概率为 ： 0.127364
状态划分算法消耗的内存为：3.62891
状态划分算法运行时间(ms) ： 37.3373
---------------------------------
流分布如下: 
---------------------------------
0   7   18  0   20  0   
0   0   7   0   0   0   
0   0   0   23  0   2   
0   0   0   0   23  0   
0   0   0   0   0   0   
0   0   0   0   2   0   
---------------------------------
关键边输出如下：
---------------------------------
1    A         38        0.478132  0.478132  
2    A         28        0.327356  0.327356  
3    A         25        0.134396  0.134396  
4    A         38        0.478132  0.478132  
5    A         22        0.368712  0.455991  
6    A         43        0.214177  0.214177  
7    A         22        0.368712  0.455991  
10   A         43        0.214177  0.214177  
8    C         45        0.127364  0.127364  
9    C         45        0.127364  0.127364  
---------------------------------
---------------------------------

5--1最大流值为：76
最可靠最大流分布概率为 ： 0.115151
状态划分算法消耗的内存为：3.62891
状态划分算法运行时间(ms) ： 35.3168
---------------------------------
流分布如下: 
---------------------------------
0   0   0   0   0   0   
22  0   0   0   0   0   
0   0   0   0   0   0   
32  0   0   0   0   0   
22  22  0   32  0   0   
0   0   0   0   0   0   
---------------------------------
关键边输出如下：
---------------------------------
1    A         54        0.164846  0.164846  
7    A         44        0.359729  0.359729  
8    A         54        0.223604  0.223604  
9    A         54        0.164846  0.164846  
10   A         44        0.359729  0.359729  
2    C         76        0.115151  0.115151  
3    C         76        0.115151  0.115151  
4    C         76        0.115151  0.115151  
5    C         76        0.115151  0.115151  
6    C         76        0.115151  0.115151  
---------------------------------
---------------------------------

6--1最大流值为：72
最可靠最大流分布概率为 ： 0.354885
状态划分算法消耗的内存为：3.23438
状态划分算法运行时间(ms) ： 25.7887
---------------------------------
流分布如下: 
---------------------------------
0   0   0   0   0   0   
0   0   0   0   0   0   
0   0   0   0   0   0   
16  0   0   0   0   0   
23  0   0   2   0   0   
33  0   0   14  25  0   
---------------------------------
关键边输出如下：
---------------------------------
3    A         56        0.523928  0.523928  
5    A         49        0.430701  0.430701  
6    A         70        0.405458  0.405458  
7    A         39        0.379195  0.379195  
9    A         58        0.434583  0.434583  
10   A         47        0.724269  0.724269  
1    C         72        0.354885  0.354885  
2    C         72        0.354885  0.354885  
4    C         72        0.354885  0.354885  
8    C         72        0.354885  0.354885  
---------------------------------
---------------------------------

3--1最大流值为：80
最可靠最大流分布概率为 ： 0.27254
状态划分算法消耗的内存为：3.625
状态划分算法运行时间(ms) ： 42.2828
---------------------------------
流分布如下: 
---------------------------------
0   0   0   0   0   0   
0   0   0   0   0   0   
20  0   0   0   37  23  
0   0   0   0   0   0   
33  0   0   0   0   4   
27  0   0   0   0   0   
---------------------------------
关键边输出如下：
---------------------------------
3    A         60        0.287588  0.325037  
4    A         43        0.530526  0.530526  
5    A         59        0.330765  0.373836  
7    A         47        0.291209  0.365203  
10   A         53        0.59617   0.59617   
2    B         80        0.27254   0.27254   
8    B         80        0.27254   0.27254   
9    B         80        0.193519  0.193519  
1    C         80        0.27254   0.30803   
6    C         80        0.27254   0.30803   
---------------------------------
---------------------------------

5--2最大流值为：35
最可靠最大流分布概率为 ： 0.252686
状态划分算法消耗的内存为：3.625
状态划分算法运行时间(ms) ： 37.5459
---------------------------------
流分布如下: 
---------------------------------
0   8   0   0   0   0   
0   0   0   0   0   0   
0   0   0   0   0   8   
0   0   0   0   0   0   
0   0   8   0   0   27  
8   27  0   0   0   0   
---------------------------------
关键边输出如下：
---------------------------------
1    A         27        0.60213   0.60213   
5    A         27        0.60213   0.60213   
7    A         27        0.60213   0.60213   
8    A         23        0.523928  0.523928  
9    A         27        0.60213   0.60213   
10   A         8         0.482291  0.530027  
2    C         35        0.252686  0.252686  
3    C         35        0.252686  0.252686  
4    C         35        0.252686  0.252686  
6    C         35        0.252686  0.252686  
---------------------------------
---------------------------------

1--5最大流值为：45
最可靠最大流分布概率为 ： 0.127364
状态划分算法消耗的内存为：3.625
状态划分算法运行时间(ms) ： 34.87
---------------------------------
流分布如下: 
---------------------------------
0   7   18  0   20  0   
0   0   7   0   0   0   
0   0   0   23  0   2   
0   0   0   0   23  0   
0   0   0   0   0   0   
0   0   0   0   2   0   
---------------------------------
关键边输出如下：
---------------------------------
1    A         38        0.478132  0.478132  
2    A         28        0.327356  0.327356  
3    A         25        0.134396  0.134396  
4    A         38        0.478132  0.478132  
5    A         22        0.368712  0.455991  
6    A         43        0.214177  0.214177  
7    A         22        0.368712  0.455991  
10   A         43        0.214177  0.214177  
8    C         45        0.127364  0.127364  
9    C         45        0.127364  0.127364  
---------------------------------
---------------------------------

5--1最大流值为：76
最可靠最大流分布概率为 ： 0.115151
状态划分算法消耗的内存为：3.625
状态划分算法运行时间(ms) ： 32.1399
---------------------------------
流分布如下: 
---------------------------------
0   0   0   0   0   0   
22  0   0   0   0   0   
0   0   0   0   0   0   
32  0   0   0   0   0   
22  22  0   32  0   0   
0   0   0   0   0   0   
---------------------------------
关键边输出如下：
---------------------------------
1    A         54        0.164846  0.164846  
7    A         44        0.359729  0.359729  
8    A         54        0.223604  0.223604  
9    A         54        0.164846  0.164846  
10   A         44        0.359729  0.359729  
2    C         76        0.115151  0.115151  
3    C         76        0.115151  0.115151  
4    C         76        0.115151  0.115151  
5    C         76        0.115151  0.115151  
6    C         76        0.115151  0.115151  
---------------------------------
---------------------------------

6--1最大流值为：72
最可靠最大流分布概率为 ： 0.354885
状态划分算法消耗的内存为：3.23828
状态划分算法运行时间(ms) ： 26.0698
---------------------------------
流分布如下: 
---------------------------------
0   0   0   0   0   0   
0   0   0   0   0   0   
0   0   0   0   0   0   
16  0   0   0   0   0   
23  0   0   2   0   0   
33  0   0   14  25  0   
---------------------------------
关键边输出如下：
---------------------------------
3    A         56        0.523928  0.523928  
5    A         49        0.430701  0.430701  
6    A         70        0.405458  0.405458  
7    A         39        0.379195  0.379195  
9    A         58        0.434583  0.434583  
10   A         47        0.724269  0.724269  
1    C         72        0.354885  0.354885  
2    C         72        0.354885  0.354885  
4    C         72        0.354885  0.354885  
8    C         72        0.354885  0.354885  
---------------------------------
---------------------------------

3--1最大流值为：80
最可靠最大流分布概率为 ： 0.27254
状态划分算法消耗的内存为：3.62891
状态划分算法运行时间(ms) ： 33.2422
---------------------------------
流分布如下: 
---------------------------------
0   0   0   0   0   0   
0   0   0   0   0   0   
20  0   0   0   37  23  
0   0   0   0   0   0   
33  0   0   0   0   4   
27  0   0   0   0   0   
---------------------------------
关键边输出如下：
---------------------------------
3    A         60        0.287588  0.325037  
4    A         43        0.530526  0.530526  
5    A         59        0.330765  0.373836  
7    A         47        0.291209  0.365203  
10   A         53        0.59617   0.59617   
2    B         80        0.27254   0.27254   
8    B         80        0.27254   0.27254   
9    B         80        0.193519  0.193519  
1    C         80        0.27254   0.30803   
6    C         80        0.27254   0.30803   
---------------------------------
---------------------------------

5--2最大流值为：35
最可靠最大流分布概率为 ： 0.252686
状态划分算法消耗的内存为：3.62891
状态划分算法运行时间(ms) ： 33.7665
---------------------------------
流分布如下: 
---------------------------------
0   8   0   0   0   0   
0   0   0   0   0   0   
0   0   0   0   0   8   
0   0   0   0   0   0   
0   0   8   0   0   27  
8   27  0   0   0   0   
---------------------------------
关键边输出如下：
---------------------------------
1    A         27        0.60213   0.60213   
5    A         27        0.60213   0.60213   
7    A         27        0.60213   0.60213   
8    A         23        0.523928  0.523928  
9    A         27        0.60213   0.60213   
10   A         8         0.482291  0.530027  
2    C         35        0.252686  0.252686  
3    C         35        0.252686  0.252686  
4    C         35        0.252686  0.252686  
6    C         35        0.252686  0.252686  
---------------------------------
---------------------------------

1--5最大流值为：45
最可靠最大流分布概率为 ： 0.127364
状态划分算法消耗的内存为：3.62891
状态划分算法运行时间(ms) ： 37.654
---------------------------------
流分布如下: 
---------------------------------
0   7   18  0   20  0   
0   0   7   0   0   0   
0   0   0   23  0   2   
0   0   0   0   23  0   
0   0   0   0   0   0   
0   0   0   0   2   0   
---------------------------------
关键边输出如下：
---------------------------------
1    A         38        0.478132  0.478132  
2    A         28        0.327356  0.327356  
3    A         25        0.134396  0.134396  
4    A         38        0.478132  0.478132  
5    A         22        0.368712  0.455991  
6    A         43        0.214177  0.214177  
7    A         22        0.368712  0.455991  
10   A         43        0.214177  0.214177  
8    C         45        0.127364  0.127364  
9    C         45        0.127364  0.127364  
---------------------------------
---------------------------------

5--1最大流值为：76
最可靠最大流分布概率为 ： 0.115151
状态划分算法消耗的内存为：3.62891
状态划分算法运行时间(ms) ： 33.2522
---------------------------------
流分布如下: 
---------------------------------
0   0   0   0   0   0   
22  0   0   0   0   0   
0   0   0   0   0   0   
32  0   0   0   0   0   
22  22  0   32  0   0   
0   0   0   0   0   0   
---------------------------------
关键边输出如下：
---------------------------------
1    A         54        0.164846  0.164846  
7    A         44        0.359729  0.359729  
8    A         54        0.223604  0.223604  
9    A         54        0.164846  0.164846  
10   A         44        0.359729  0.359729  
2    C         76        0.115151  0.115151  
3    C         76        0.115151  0.115151  
4    C         76        0.115151  0.115151  
5    C         76        0.115151  0.115151  
6    C         76        0.115151  0.115151  
---------------------------------
---------------------------------

6--1最大流值为：72
最可靠最大流分布概率为 ： 0.354885
状态划分算法消耗的内存为：3.24219
状态划分算法运行时间(ms) ： 25.5557
---------------------------------
流分布如下: 
---------------------------------
0   0   0   0   0   0   
0   0   0   0   0   0   
0   0   0   0   0   0   
16  0   0   0   0   0   
23  0   0   2   0   0   
33  0   0   14  25  0   
---------------------------------
关键边输出如下：
---------------------------------
3    A         56        0.523928  0.523928  
5    A         49        0.430701  0.430701  
6    A         70        0.405458  0.405458  
7    A         39        0.379195  0.379195  
9    A         58        0.434583  0.434583  
10   A         47        0.724269  0.724269  
1    C         72        0.354885  0.354885  
2    C         72        0.354885  0.354885  
4    C         72        0.354885  0.354885  
8    C         72        0.354885  0.354885  
---------------------------------
---------------------------------

3--1最大流值为：80
最可靠最大流分布概率为 ： 0.27254
状态划分算法消耗的内存为：3.63281
状态划分算法运行时间(ms) ： 42.9489
---------------------------------
流分布如下: 
---------------------------------
0   0   0   0   0   0   
0   0   0   0   0   0   
20  0   0   0   37  23  
0   0   0   0   0   0   
33  0   0   0   0   4   
27  0   0   0   0   0   
---------------------------------
关键边输出如下：
---------------------------------
3    A         60        0.287588  0.325037  
4    A         43        0.530526  0.530526  
5    A         59        0.330765  0.373836  
7    A         47        0.291209  0.365203  
10   A         53        0.59617   0.59617   
2    B         80        0.27254   0.27254   
8    B         80        0.27254   0.27254   
9    B         80        0.193519  0.193519  
1    C         80        0.27254   0.30803   
6    C         80        0.27254   0.30803   
---------------------------------
---------------------------------

5--2最大流值为：35
最可靠最大流分布概率为 ： 0.252686
状态划分算法消耗的内存为：3.63281
状态划分算法运行时间(ms) ： 31.7278
---------------------------------
流分布如下: 
---------------------------------
0   8   0   0   0   0   
0   0   0   0   0   0   
0   0   0   0   0   8   
0   0   0   0   0   0   
0   0   8   0   0   27  
8   27  0   0   0   0   
---------------------------------
关键边输出如下：
---------------------------------
1    A         27        0.60213   0.60213   
5    A         27        0.60213   0.60213   
7    A         27        0.60213   0.60213   
8    A         23        0.523928  0.523928  
9    A         27        0.60213   0.60213   
10   A         8         0.482291  0.530027  
2    C         35        0.252686  0.252686  
3    C         35        0.252686  0.252686  
4    C         35        0.252686  0.252686  
6    C         35        0.252686  0.252686  
---------------------------------
---------------------------------

1--5最大流值为：45
最可靠最大流分布概率为 ： 0.127364
状态划分算法消耗的内存为：3.63281
状态划分算法运行时间(ms) ： 33.5631
---------------------------------
流分布如下: 
---------------------------------
0   7   18  0   20  0   
0   0   7   0   0   0   
0   0   0   23  0   2   
0   0   0   0   23  0   
0   0   0   0   0   0   
0   0   0   0   2   0   
---------------------------------
关键边输出如下：
---------------------------------
1    A         38        0.478132  0.478132  
2    A         28        0.327356  0.327356  
3    A         25        0.134396  0.134396  
4    A         38        0.478132  0.478132  
5    A         22        0.368712  0.455991  
6    A         43        0.214177  0.214177  
7    A         22        0.368712  0.455991  
10   A         43        0.214177  0.214177  
8    C         45        0.127364  0.127364  
9    C         45        0.127364  0.127364  
---------------------------------
---------------------------------

5--1最大流值为：76
最可靠最大流分布概率为 ： 0.115151
状态划分算法消耗的内存为：3.63281
状态划分算法运行时间(ms) ： 32.6101
---------------------------------
流分布如下: 
---------------------------------
0   0   0   0   0   0   
22  0   0   0   0   0   
0   0   0   0   0   0   
32  0   0   0   0   0   
22  22  0   32  0   0   
0   0   0   0   0   0   
---------------------------------
关键边输出如下：
---------------------------------
1    A         54        0.164846  0.164846  
7    A         44        0.359729  0.359729  
8    A         54        0.223604  0.223604  
9    A         54        0.164846  0.164846  
10   A         44        0.359729  0.359729  
2    C         76        0.115151  0.115151  
3    C         76        0.115151  0.115151  
4    C         76        0.115151  0.115151  
5    C         76        0.115151  0.115151  
6    C         76        0.115151  0.115151  
---------------------------------
---------------------------------

6--1最大流值为：72
最可靠最大流分布概率为 ： 0.354885
状态划分算法消耗的内存为：3.24609
状态划分算法运行时间(ms) ： 35.0258
---------------------------------
流分布如下: 
---------------------------------
0   0   0   0   0   0   
0   0   0   0   0   0   
0   0   0   0   0   0   
16  0   0   0   0   0   
23  0   0   2   0   0   
33  0   0   14  25  0   
---------------------------------
关键边输出如下：
---------------------------------
3    A         56        0.523928  0.523928  
5    A         49        0.430701  0.430701  
6    A         70        0.405458  0.405458  
7    A         39        0.379195  0.379195  
9    A         58        0.434583  0.434583  
10   A         47        0.724269  0.724269  
1    C         72        0.354885  0.354885  
2    C         72        0.354885  0.354885  
4    C         72        0.354885  0.354885  
8    C         72        0.354885  0.354885  
---------------------------------
---------------------------------

3--1最大流值为：80
最可靠最大流分布概率为 ： 0.27254
状态划分算法消耗的内存为：3.63672
状态划分算法运行时间(ms) ： 40.7627
---------------------------------
流分布如下: 
---------------------------------
0   0   0   0   0   0   
0   0   0   0   0   0   
20  0   0   0   37  23  
0   0   0   0   0   0   
33  0   0   0   0   4   
27  0   0   0   0   0   
---------------------------------
关键边输出如下：
---------------------------------
3    A         60        0.287588  0.325037  
4    A         43        0.530526  0.530526  
5    A         59        0.330765  0.373836  
7    A         47        0.291209  0.365203  
10   A         53        0.59617   0.59617   
2    B         80        0.27254   0.27254   
8    B         80        0.27254   0.27254   
9    B         80        0.193519  0.193519  
1    C         80        0.27254   0.30803   
6    C         80        0.27254   0.30803   
---------------------------------
---------------------------------

5--2最大流值为：35
最可靠最大流分布概率为 ： 0.252686
状态划分算法消耗的内存为：3.63672
状态划分算法运行时间(ms) ： 32.2168
---------------------------------
流分布如下: 
---------------------------------
0   8   0   0   0   0   
0   0   0   0   0   0   
0   0   0   0   0   8   
0   0   0   0   0   0   
0   0   8   0   0   27  
8   27  0   0   0   0   
---------------------------------
关键边输出如下：
---------------------------------
1    A         27        0.60213   0.60213   
5    A         27        0.60213   0.60213   
7    A         27        0.60213   0.60213   
8    A         23        0.523928  0.523928  
9    A         27        0.60213   0.60213   
10   A         8         0.482291  0.530027  
2    C         35        0.252686  0.252686  
3    C         35        0.252686  0.252686  
4    C         35        0.252686  0.252686  
6    C         35        0.252686  0.252686  
---------------------------------
---------------------------------

1--5最大流值为：45
最可靠最大流分布概率为 ： 0.127364
状态划分算法消耗的内存为：3.63672
状态划分算法运行时间(ms) ： 38.4312
---------------------------------
流分布如下: 
---------------------------------
0   7   18  0   20  0   
0   0   7   0   0   0   
0   0   0   23  0   2   
0   0   0   0   23  0   
0   0   0   0   0   0   
0   0   0   0   2   0   
---------------------------------
关键边输出如下：
---------------------------------
1    A         38        0.478132  0.478132  
2    A         28        0.327356  0.327356  
3    A         25        0.134396  0.134396  
4    A         38        0.478132  0.478132  
5    A         22        0.368712  0.455991  
6    A         43        0.214177  0.214177  
7    A         22        0.368712  0.455991  
10   A         43        0.214177  0.214177  
8    C         45        0.127364  0.127364  
9    C         45        0.127364  0.127364  
---------------------------------
---------------------------------

5--1最大流值为：76
最可靠最大流分布概率为 ： 0.115151
状态划分算法消耗的内存为：3.63672
状态划分算法运行时间(ms) ： 33.9367
---------------------------------
流分布如下: 
---------------------------------
0   0   0   0   0   0   
22  0   0   0   0   0   
0   0   0   0   0   0   
32  0   0   0   0   0   
22  22  0   32  0   0   
0   0   0   0   0   0   
---------------------------------
关键边输出如下：
---------------------------------
1    A         54        0.164846  0.164846  
7    A         44        0.359729  0.359729  
8    A         54        0.223604  0.223604  
9    A         54        0.164846  0.164846  
10   A         44        0.359729  0.359729  
2    C         76        0.115151  0.115151  
3    C         76        0.115151  0.115151  
4    C         76        0.115151  0.115151  
5    C         76        0.115151  0.115151  
6    C         76        0.115151  0.115151  
---------------------------------
---------------------------------

6--1最大流值为：72
最可靠最大流分布概率为 ： 0.354885
状态划分算法消耗的内存为：3.24609
状态划分算法运行时间(ms) ： 25.5551
---------------------------------
流分布如下: 
---------------------------------
0   0   0   0   0   0   
0   0   0   0   0   0   
0   0   0   0   0   0   
16  0   0   0   0   0   
23  0   0   2   0   0   
33  0   0   14  25  0   
---------------------------------
关键边输出如下：
---------------------------------
3    A         56        0.523928  0.523928  
5    A         49        0.430701  0.430701  
6    A         70        0.405458  0.405458  
7    A         39        0.379195  0.379195  
9    A         58        0.434583  0.434583  
10   A         47        0.724269  0.724269  
1    C         72        0.354885  0.354885  
2    C         72        0.354885  0.354885  
4    C         72        0.354885  0.354885  
8    C         72        0.354885  0.354885  
---------------------------------
---------------------------------

3--1最大流值为：80
最可靠最大流分布概率为 ： 0.27254
状态划分算法消耗的内存为：3.63672
状态划分算法运行时间(ms) ： 39.9063
---------------------------------
流分布如下: 
---------------------------------
0   0   0   0   0   0   
0   0   0   0   0   0   
20  0   0   0   37  23  
0   0   0   0   0   0   
33  0   0   0   0   4   
27  0   0   0   0   0   
---------------------------------
关键边输出如下：
---------------------------------
3    A         60        0.287588  0.325037  
4    A         43        0.530526  0.530526  
5    A         59        0.330765  0.373836  
7    A         47        0.291209  0.365203  
10   A         53        0.59617   0.59617   
2    B         80        0.27254   0.27254   
8    B         80        0.27254   0.27254   
9    B         80        0.193519  0.193519  
1    C         80        0.27254   0.30803   
6    C         80        0.27254   0.30803   
---------------------------------
---------------------------------

5--2最大流值为：35
最可靠最大流分布概率为 ： 0.252686
状态划分算法消耗的内存为：3.63672
状态划分算法运行时间(ms) ： 31.7013
---------------------------------
流分布如下: 
---------------------------------
0   8   0   0   0   0   
0   0   0   0   0   0   
0   0   0   0   0   8   
0   0   0   0   0   0   
0   0   8   0   0   27  
8   27  0   0   0   0   
---------------------------------
关键边输出如下：
---------------------------------
1    A         27        0.60213   0.60213   
5    A         27        0.60213   0.60213   
7    A         27        0.60213   0.60213   
8    A         23        0.523928  0.523928  
9    A         27        0.60213   0.60213   
10   A         8         0.482291  0.530027  
2    C         35        0.252686  0.252686  
3    C         35        0.252686  0.252686  
4    C         35        0.252686  0.252686  
6    C         35        0.252686  0.252686  
---------------------------------
---------------------------------

1--5最大流值为：45
最可靠最大流分布概率为 ： 0.127364
状态划分算法消耗的内存为：3.63672
状态划分算法运行时间(ms) ： 35.1046
---------------------------------
流分布如下: 
---------------------------------
0   7   18  0   20  0   
0   0   7   0   0   0   
0   0   0   23  0   2   
0   0   0   0   23  0   
0   0   0   0   0   0   
0   0   0   0   2   0   
---------------------------------
关键边输出如下：
---------------------------------
1    A         38        0.478132  0.478132  
2    A         28        0.327356  0.327356  
3    A         25        0.134396  0.134396  
4    A         38        0.478132  0.478132  
5    A         22        0.368712  0.455991  
6    A         43        0.214177  0.214177  
7    A         22        0.368712  0.455991  
10   A         43        0.214177  0.214177  
8    C         45        0.127364  0.127364  
9    C         45        0.127364  0.127364  
---------------------------------
---------------------------------

5--1最大流值为：76
最可靠最大流分布概率为 ： 0.115151
状态划分算法消耗的内存为：3.63672
状态划分算法运行时间(ms) ： 32.3786
---------------------------------
流分布如下: 
---------------------------------
0   0   0   0   0   0   
22  0   0   0   0   0   
0   0   0   0   0   0   
32  0   0   0   0   0   
22  22  0   32  0   0   
0   0   0   0   0   0   
---------------------------------
关键边输出如下：
---------------------------------
1    A         54        0.164846  0.164846  
7    A         44        0.359729  0.359729  
8    A         54        0.223604  0.223604  
9    A         54        0.164846  0.164846  
10   A         44        0.359729  0.359729  
2    C         76        0.115151  0.115151  
3    C         76        0.115151  0.115151  
4    C         76        0.115151  0.115151  
5    C         76        0.115151  0.115151  
6    C         76        0.115151  0.115151  
---------------------------------
---------------------------------

6--1最大流值为：72
最可靠最大流分布概率为 ： 0.354885
状态划分算法消耗的内存为：3.24609
状态划分算法运行时间(ms) ： 25.1823
---------------------------------
流分布如下: 
---------------------------------
0   0   0   0   0   0   
0   0   0   0   0   0   
0   0   0   0   0   0   
16  0   0   0   0   0   
23  0   0   2   0   0   
33  0   0   14  25  0   
---------------------------------
关键边输出如下：
---------------------------------
3    A         56        0.523928  0.523928  
5    A         49        0.430701  0.430701  
6    A         70        0.405458  0.405458  
7    A         39        0.379195  0.379195  
9    A         58        0.434583  0.434583  
10   A         47        0.724269  0.724269  
1    C         72        0.354885  0.354885  
2    C         72        0.354885  0.354885  
4    C         72        0.354885  0.354885  
8    C         72        0.354885  0.354885  
---------------------------------
---------------------------------

3--1最大流值为：80
最可靠最大流分布概率为 ： 0.27254
状态划分算法消耗的内存为：3.63672
状态划分算法运行时间(ms) ： 42.3247
---------------------------------
流分布如下: 
---------------------------------
0   0   0   0   0   0   
0   0   0   0   0   0   
20  0   0   0   37  23  
0   0   0   0   0   0   
33  0   0   0   0   4   
27  0   0   0   0   0   
---------------------------------
关键边输出如下：
---------------------------------
3    A         60        0.287588  0.325037  
4    A         43        0.530526  0.530526  
5    A         59        0.330765  0.373836  
7    A         47        0.291209  0.365203  
10   A         53        0.59617   0.59617   
2    B         80        0.27254   0.27254   
8    B         80        0.27254   0.27254   
9    B         80        0.193519  0.193519  
1    C         80        0.27254   0.30803   
6    C         80        0.27254   0.30803   
---------------------------------
---------------------------------

5--2最大流值为：35
最可靠最大流分布概率为 ： 0.252686
状态划分算法消耗的内存为：3.63672
状态划分算法运行时间(ms) ： 31.4797
---------------------------------
流分布如下: 
---------------------------------
0   8   0   0   0   0   
0   0   0   0   0   0   
0   0   0   0   0   8   
0   0   0   0   0   0   
0   0   8   0   0   27  
8   27  0   0   0   0   
---------------------------------
关键边输出如下：
---------------------------------
1    A         27        0.60213   0.60213   
5    A         27        0.60213   0.60213   
7    A         27        0.60213   0.60213   
8    A         23        0.523928  0.523928  
9    A         27        0.60213   0.60213   
10   A         8         0.482291  0.530027  
2    C         35        0.252686  0.252686  
3    C         35        0.252686  0.252686  
4    C         35        0.252686  0.252686  
6    C         35        0.252686  0.252686  
---------------------------------
---------------------------------

1--5最大流值为：45
最可靠最大流分布概率为 ： 0.127364
状态划分算法消耗的内存为：3.63672
状态划分算法运行时间(ms) ： 39.4261
---------------------------------
流分布如下: 
---------------------------------
0   7   18  0   20  0   
0   0   7   0   0   0   
0   0   0   23  0   2   
0   0   0   0   23  0   
0   0   0   0   0   0   
0   0   0   0   2   0   
---------------------------------
关键边输出如下：
---------------------------------
1    A         38        0.478132  0.478132  
2    A         28        0.327356  0.327356  
3    A         25        0.134396  0.134396  
4    A         38        0.478132  0.478132  
5    A         22        0.368712  0.455991  
6    A         43        0.214177  0.214177  
7    A         22        0.368712  0.455991  
10   A         43        0.214177  0.214177  
8    C         45        0.127364  0.127364  
9    C         45        0.127364  0.127364  
---------------------------------
---------------------------------

5--1最大流值为：76
最可靠最大流分布概率为 ： 0.115151
状态划分算法消耗的内存为：3.63672
状态划分算法运行时间(ms) ： 31.0137
---------------------------------
流分布如下: 
---------------------------------
0   0   0   0   0   0   
22  0   0   0   0   0   
0   0   0   0   0   0   
32  0   0   0   0   0   
22  22  0   32  0   0   
0   0   0   0   0   0   
---------------------------------
关键边输出如下：
---------------------------------
1    A         54        0.164846  0.164846  
7    A         44        0.359729  0.359729  
8    A         54        0.223604  0.223604  
9    A         54        0.164846  0.164846  
10   A         44        0.359729  0.359729  
2    C         76        0.115151  0.115151  
3    C         76        0.115151  0.115151  
4    C         76        0.115151  0.115151  
5    C         76        0.115151  0.115151  
6    C         76        0.115151  0.115151  
---------------------------------
---------------------------------

6--1最大流值为：72
最可靠最大流分布概率为 ： 0.354885
状态划分算法消耗的内存为：3.24219
状态划分算法运行时间(ms) ： 25.9496
---------------------------------
流分布如下: 
---------------------------------
0   0   0   0   0   0   
0   0   0   0   0   0   
0   0   0   0   0   0   
16  0   0   0   0   0   
23  0   0   2   0   0   
33  0   0   14  25  0   
---------------------------------
关键边输出如下：
---------------------------------
3    A         56        0.523928  0.523928  
5    A         49        0.430701  0.430701  
6    A         70        0.405458  0.405458  
7    A         39        0.379195  0.379195  
9    A         58        0.434583  0.434583  
10   A         47        0.724269  0.724269  
1    C         72        0.354885  0.354885  
2    C         72        0.354885  0.354885  
4    C         72        0.354885  0.354885  
8    C         72        0.354885  0.354885  
---------------------------------
---------------------------------

3--1最大流值为：80
最可靠最大流分布概率为 ： 0.27254
状态划分算法消耗的内存为：3.63281
状态划分算法运行时间(ms) ： 37.7246
---------------------------------
流分布如下: 
---------------------------------
0   0   0   0   0   0   
0   0   0   0   0   0   
20  0   0   0   37  23  
0   0   0   0   0   0   
33  0   0   0   0   4   
27  0   0   0   0   0   
---------------------------------
关键边输出如下：
---------------------------------
3    A         60        0.287588  0.325037  
4    A         43        0.530526  0.530526  
5    A         59        0.330765  0.373836  
7    A         47        0.291209  0.365203  
10   A         53        0.59617   0.59617   
2    B         80        0.27254   0.27254   
8    B         80        0.27254   0.27254   
9    B         80        0.193519  0.193519  
1    C         80        0.27254   0.30803   
6    C         80        0.27254   0.30803   
---------------------------------
---------------------------------

5--2最大流值为：35
最可靠最大流分布概率为 ： 0.252686
状态划分算法消耗的内存为：3.63281
状态划分算法运行时间(ms) ： 40.2438
---------------------------------
流分布如下: 
---------------------------------
0   8   0   0   0   0   
0   0   0   0   0   0   
0   0   0   0   0   8   
0   0   0   0   0   0   
0   0   8   0   0   27  
8   27  0   0   0   0   
---------------------------------
关键边输出如下：
---------------------------------
1    A         27        0.60213   0.60213   
5    A         27        0.60213   0.60213   
7    A         27        0.60213   0.60213   
8    A         23        0.523928  0.523928  
9    A         27        0.60213   0.60213   
10   A         8         0.482291  0.530027  
2    C         35        0.252686  0.252686  
3    C         35        0.252686  0.252686  
4    C         35        0.252686  0.252686  
6    C         35        0.252686  0.252686  
---------------------------------
---------------------------------

1--5最大流值为：45
最可靠最大流分布概率为 ： 0.127364
状态划分算法消耗的内存为：3.63281
状态划分算法运行时间(ms) ： 39.7403
---------------------------------
流分布如下: 
---------------------------------
0   7   18  0   20  0   
0   0   7   0   0   0   
0   0   0   23  0   2   
0   0   0   0   23  0   
0   0   0   0   0   0   
0   0   0   0   2   0   
---------------------------------
关键边输出如下：
---------------------------------
1    A         38        0.478132  0.478132  
2    A         28        0.327356  0.327356  
3    A         25        0.134396  0.134396  
4    A         38        0.478132  0.478132  
5    A         22        0.368712  0.455991  
6    A         43        0.214177  0.214177  
7    A         22        0.368712  0.455991  
10   A         43        0.214177  0.214177  
8    C         45        0.127364  0.127364  
9    C         45        0.127364  0.127364  
---------------------------------
---------------------------------

5--1最大流值为：76
最可靠最大流分布概率为 ： 0.115151
状态划分算法消耗的内存为：3.63281
状态划分算法运行时间(ms) ： 44.501
---------------------------------
流分布如下: 
---------------------------------
0   0   0   0   0   0   
22  0   0   0   0   0   
0   0   0   0   0   0   
32  0   0   0   0   0   
22  22  0   32  0   0   
0   0   0   0   0   0   
---------------------------------
关键边输出如下：
---------------------------------
1    A         54        0.164846  0.164846  
7    A         44        0.359729  0.359729  
8    A         54        0.223604  0.223604  
9    A         54        0.164846  0.164846  
10   A         44        0.359729  0.359729  
2    C         76        0.115151  0.115151  
3    C         76        0.115151  0.115151  
4    C         76        0.115151  0.115151  
5    C         76        0.115151  0.115151  
6    C         76        0.115151  0.115151  
---------------------------------
---------------------------------

6--1最大流值为：72
最可靠最大流分布概率为 ： 0.354885
状态划分算法消耗的内存为：3.24609
状态划分算法运行时间(ms) ： 25.7634
---------------------------------
流分布如下: 
---------------------------------
0   0   0   0   0   0   
0   0   0   0   0   0   
0   0   0   0   0   0   
16  0   0   0   0   0   
23  0   0   2   0   0   
33  0   0   14  25  0   
---------------------------------
关键边输出如下：
---------------------------------
3    A         56        0.523928  0.523928  
5    A         49        0.430701  0.430701  
6    A         70        0.405458  0.405458  
7    A         39        0.379195  0.379195  
9    A         58        0.434583  0.434583  
10   A         47        0.724269  0.724269  
1    C         72        0.354885  0.354885  
2    C         72        0.354885  0.354885  
4    C         72        0.354885  0.354885  
8    C         72        0.354885  0.354885  
---------------------------------
---------------------------------

3--1最大流值为：80
最可靠最大流分布概率为 ： 0.27254
状态划分算法消耗的内存为：3.63672
状态划分算法运行时间(ms) ： 41.3341
---------------------------------
流分布如下: 
---------------------------------
0   0   0   0   0   0   
0   0   0   0   0   0   
20  0   0   0   37  23  
0   0   0   0   0   0   
33  0   0   0   0   4   
27  0   0   0   0   0   
---------------------------------
关键边输出如下：
---------------------------------
3    A         60        0.287588  0.325037  
4    A         43        0.530526  0.530526  
5    A         59        0.330765  0.373836  
7    A         47        0.291209  0.365203  
10   A         53        0.59617   0.59617   
2    B         80        0.27254   0.27254   
8    B         80        0.27254   0.27254   
9    B         80        0.193519  0.193519  
1    C         80        0.27254   0.30803   
6    C         80        0.27254   0.30803   
---------------------------------
---------------------------------

5--2最大流值为：35
最可靠最大流分布概率为 ： 0.252686
状态划分算法消耗的内存为：3.63672
状态划分算法运行时间(ms) ： 30.0073
---------------------------------
流分布如下: 
---------------------------------
0   8   0   0   0   0   
0   0   0   0   0   0   
0   0   0   0   0   8   
0   0   0   0   0   0   
0   0   8   0   0   27  
8   27  0   0   0   0   
---------------------------------
关键边输出如下：
---------------------------------
1    A         27        0.60213   0.60213   
5    A         27        0.60213   0.60213   
7    A         27        0.60213   0.60213   
8    A         23        0.523928  0.523928  
9    A         27        0.60213   0.60213   
10   A         8         0.482291  0.530027  
2    C         35        0.252686  0.252686  
3    C         35        0.252686  0.252686  
4    C         35        0.252686  0.252686  
6    C         35        0.252686  0.252686  
---------------------------------
---------------------------------

1--5最大流值为：45
最可靠最大流分布概率为 ： 0.127364
状态划分算法消耗的内存为：3.63672
状态划分算法运行时间(ms) ： 35.6902
---------------------------------
流分布如下: 
---------------------------------
0   7   18  0   20  0   
0   0   7   0   0   0   
0   0   0   23  0   2   
0   0   0   0   23  0   
0   0   0   0   0   0   
0   0   0   0   2   0   
---------------------------------
关键边输出如下：
---------------------------------
1    A         38        0.478132  0.478132  
2    A         28        0.327356  0.327356  
3    A         25        0.134396  0.134396  
4    A         38        0.478132  0.478132  
5    A         22        0.368712  0.455991  
6    A         43        0.214177  0.214177  
7    A         22        0.368712  0.455991  
10   A         43        0.214177  0.214177  
8    C         45        0.127364  0.127364  
9    C         45        0.127364  0.127364  
---------------------------------
---------------------------------

5--1最大流值为：76
最可靠最大流分布概率为 ： 0.115151
状态划分算法消耗的内存为：3.63672
状态划分算法运行时间(ms) ： 28.5693
---------------------------------
流分布如下: 
---------------------------------
0   0   0   0   0   0   
22  0   0   0   0   0   
0   0   0   0   0   0   
32  0   0   0   0   0   
22  22  0   32  0   0   
0   0   0   0   0   0   
---------------------------------
关键边输出如下：
---------------------------------
1    A         54        0.164846  0.164846  
7    A         44        0.359729  0.359729  
8    A         54        0.223604  0.223604  
9    A         54        0.164846  0.164846  
10   A         44        0.359729  0.359729  
2    C         76        0.115151  0.115151  
3    C         76        0.115151  0.115151  
4    C         76        0.115151  0.115151  
5    C         76        0.115151  0.115151  
6    C         76        0.115151  0.115151  
---------------------------------
---------------------------------

6--1最大流值为：72
最可靠最大流分布概率为 ： 0.354885
状态划分算法消耗的内存为：3.24609
状态划分算法运行时间(ms) ： 28.4465
---------------------------------
流分布如下: 
---------------------------------
0   0   0   0   0   0   
0   0   0   0   0   0   
0   0   0   0   0   0   
16  0   0   0   0   0   
23  0   0   2   0   0   
33  0   0   14  25  0   
---------------------------------
关键边输出如下：
---------------------------------
3    A         56        0.523928  0.523928  
5    A         49        0.430701  0.430701  
6    A         70        0.405458  0.405458  
7    A         39        0.379195  0.379195  
9    A         58        0.434583  0.434583  
10   A         47        0.724269  0.724269  
1    C         72        0.354885  0.354885  
2    C         72        0.354885  0.354885  
4    C         72        0.354885  0.354885  
8    C         72        0.354885  0.354885  
---------------------------------
---------------------------------

3--1最大流值为：80
最可靠最大流分布概率为 ： 0.27254
状态划分算法消耗的内存为：3.63672
状态划分算法运行时间(ms) ： 35.3059
---------------------------------
流分布如下: 
---------------------------------
0   0   0   0   0   0   
0   0   0   0   0   0   
20  0   0   0   37  23  
0   0   0   0   0   0   
33  0   0   0   0   4   
27  0   0   0   0   0   
---------------------------------
关键边输出如下：
---------------------------------
3    A         60        0.287588  0.325037  
4    A         43        0.530526  0.530526  
5    A         59        0.330765  0.373836  
7    A         47        0.291209  0.365203  
10   A         53        0.59617   0.59617   
2    B         80        0.27254   0.27254   
8    B         80        0.27254   0.27254   
9    B         80        0.193519  0.193519  
1    C         80        0.27254   0.30803   
6    C         80        0.27254   0.30803   
---------------------------------
---------------------------------

5--2最大流值为：35
最可靠最大流分布概率为 ： 0.252686
状态划分算法消耗的内存为：3.63672
状态划分算法运行时间(ms) ： 33.7025
---------------------------------
流分布如下: 
---------------------------------
0   8   0   0   0   0   
0   0   0   0   0   0   
0   0   0   0   0   8   
0   0   0   0   0   0   
0   0   8   0   0   27  
8   27  0   0   0   0   
---------------------------------
关键边输出如下：
---------------------------------
1    A         27        0.60213   0.60213   
5    A         27        0.60213   0.60213   
7    A         27        0.60213   0.60213   
8    A         23        0.523928  0.523928  
9    A         27        0.60213   0.60213   
10   A         8         0.482291  0.530027  
2    C         35        0.252686  0.252686  
3    C         35        0.252686  0.252686  
4    C         35        0.252686  0.252686  
6    C         35        0.252686  0.252686  
---------------------------------
---------------------------------

1--5最大流值为：45
最可靠最大流分布概率为 ： 0.127364
状态划分算法消耗的内存为：3.63672
状态划分算法运行时间(ms) ： 38.0539
---------------------------------
流分布如下: 
---------------------------------
0   7   18  0   20  0   
0   0   7   0   0   0   
0   0   0   23  0   2   
0   0   0   0   23  0   
0   0   0   0   0   0   
0   0   0   0   2   0   
---------------------------------
关键边输出如下：
---------------------------------
1    A         38        0.478132  0.478132  
2    A         28        0.327356  0.327356  
3    A         25        0.134396  0.134396  
4    A         38        0.478132  0.478132  
5    A         22        0.368712  0.455991  
6    A         43        0.214177  0.214177  
7    A         22        0.368712  0.455991  
10   A         43        0.214177  0.214177  
8    C         45        0.127364  0.127364  
9    C         45        0.127364  0.127364  
---------------------------------
---------------------------------

5--1最大流值为：76
最可靠最大流分布概率为 ： 0.115151
状态划分算法消耗的内存为：3.63672
状态划分算法运行时间(ms) ： 44.1572
---------------------------------
流分布如下: 
---------------------------------
0   0   0   0   0   0   
22  0   0   0   0   0   
0   0   0   0   0   0   
32  0   0   0   0   0   
22  22  0   32  0   0   
0   0   0   0   0   0   
---------------------------------
关键边输出如下：
---------------------------------
1    A         54        0.164846  0.164846  
7    A         44        0.359729  0.359729  
8    A         54        0.223604  0.223604  
9    A         54        0.164846  0.164846  
10   A         44        0.359729  0.359729  
2    C         76        0.115151  0.115151  
3    C         76        0.115151  0.115151  
4    C         76        0.115151  0.115151  
5    C         76        0.115151  0.115151  
6    C         76        0.115151  0.115151  
---------------------------------
---------------------------------

6--1最大流值为：72
最可靠最大流分布概率为 ： 0.354885
状态划分算法消耗的内存为：3.20313
状态划分算法运行时间(ms) ： 25.1072
---------------------------------
流分布如下: 
---------------------------------
0   0   0   0   0   0   
0   0   0   0   0   0   
0   0   0   0   0   0   
16  0   0   0   0   0   
23  0   0   2   0   0   
33  0   0   14  25  0   
---------------------------------
关键边输出如下：
---------------------------------
3    A         56        0.523928  0.523928  
5    A         49        0.430701  0.430701  
6    A         70        0.405458  0.405458  
7    A         39        0.379195  0.379195  
9    A         58        0.434583  0.434583  
10   A         47        0.724269  0.724269  
1    C         72        0.354885  0.354885  
2    C         72        0.354885  0.354885  
4    C         72        0.354885  0.354885  
8    C         72        0.354885  0.354885  
---------------------------------
---------------------------------

3--1最大流值为：80
最可靠最大流分布概率为 ： 0.27254
状态划分算法消耗的内存为：3.59375
状态划分算法运行时间(ms) ： 38.3597
---------------------------------
流分布如下: 
---------------------------------
0   0   0   0   0   0   
0   0   0   0   0   0   
20  0   0   0   37  23  
0   0   0   0   0   0   
33  0   0   0   0   4   
27  0   0   0   0   0   
---------------------------------
关键边输出如下：
---------------------------------
3    A         60        0.287588  0.325037  
4    A         43        0.530526  0.530526  
5    A         59        0.330765  0.373836  
7    A         47        0.291209  0.365203  
10   A         53        0.59617   0.59617   
2    B         80        0.27254   0.27254   
8    B         80        0.27254   0.27254   
9    B         80        0.193519  0.193519  
1    C         80        0.27254   0.30803   
6    C         80        0.27254   0.30803   
---------------------------------
---------------------------------

5--2最大流值为：35
最可靠最大流分布概率为 ： 0.252686
状态划分算法消耗的内存为：3.59375
状态划分算法运行时间(ms) ： 37.3606
---------------------------------
流分布如下: 
---------------------------------
0   8   0   0   0   0   
0   0   0   0   0   0   
0   0   0   0   0   8   
0   0   0   0   0   0   
0   0   8   0   0   27  
8   27  0   0   0   0   
---------------------------------
关键边输出如下：
---------------------------------
1    A         27        0.60213   0.60213   
5    A         27        0.60213   0.60213   
7    A         27        0.60213   0.60213   
8    A         23        0.523928  0.523928  
9    A         27        0.60213   0.60213   
10   A         8         0.482291  0.530027  
2    C         35        0.252686  0.252686  
3    C         35        0.252686  0.252686  
4    C         35        0.252686  0.252686  
6    C         35        0.252686  0.252686  
---------------------------------
---------------------------------

1--5最大流值为：45
最可靠最大流分布概率为 ： 0.127364
状态划分算法消耗的内存为：3.59375
状态划分算法运行时间(ms) ： 36.1924
---------------------------------
流分布如下: 
---------------------------------
0   7   18  0   20  0   
0   0   7   0   0   0   
0   0   0   23  0   2   
0   0   0   0   23  0   
0   0   0   0   0   0   
0   0   0   0   2   0   
---------------------------------
关键边输出如下：
---------------------------------
1    A         38        0.478132  0.478132  
2    A         28        0.327356  0.327356  
3    A         25        0.134396  0.134396  
4    A         38        0.478132  0.478132  
5    A         22        0.368712  0.455991  
6    A         43        0.214177  0.214177  
7    A         22        0.368712  0.455991  
10   A         43        0.214177  0.214177  
8    C         45        0.127364  0.127364  
9    C         45        0.127364  0.127364  
---------------------------------
---------------------------------

5--1最大流值为：76
最可靠最大流分布概率为 ： 0.115151
状态划分算法消耗的内存为：3.59375
状态划分算法运行时间(ms) ： 30.1142
---------------------------------
流分布如下: 
---------------------------------
0   0   0   0   0   0   
22  0   0   0   0   0   
0   0   0   0   0   0   
32  0   0   0   0   0   
22  22  0   32  0   0   
0   0   0   0   0   0   
---------------------------------
关键边输出如下：
---------------------------------
1    A         54        0.164846  0.164846  
7    A         44        0.359729  0.359729  
8    A         54        0.223604  0.223604  
9    A         54        0.164846  0.164846  
10   A         44        0.359729  0.359729  
2    C         76        0.115151  0.115151  
3    C         76        0.115151  0.115151  
4    C         76        0.115151  0.115151  
5    C         76        0.115151  0.115151  
6    C         76        0.115151  0.115151  
---------------------------------
---------------------------------

6--1最大流值为：72
最可靠最大流分布概率为 ： 0.354885
状态划分算法消耗的内存为：3.24609
状态划分算法运行时间(ms) ： 25.0752
---------------------------------
流分布如下: 
---------------------------------
0   0   0   0   0   0   
0   0   0   0   0   0   
0   0   0   0   0   0   
16  0   0   0   0   0   
23  0   0   2   0   0   
33  0   0   14  25  0   
---------------------------------
关键边输出如下：
---------------------------------
3    A         56        0.523928  0.523928  
5    A         49        0.430701  0.430701  
6    A         70        0.405458  0.405458  
7    A         39        0.379195  0.379195  
9    A         58        0.434583  0.434583  
10   A         47        0.724269  0.724269  
1    C         72        0.354885  0.354885  
2    C         72        0.354885  0.354885  
4    C         72        0.354885  0.354885  
8    C         72        0.354885  0.354885  
---------------------------------
---------------------------------

3--1最大流值为：80
最可靠最大流分布概率为 ： 0.27254
状态划分算法消耗的内存为：3.63672
状态划分算法运行时间(ms) ： 38.6015
---------------------------------
流分布如下: 
---------------------------------
0   0   0   0   0   0   
0   0   0   0   0   0   
20  0   0   0   37  23  
0   0   0   0   0   0   
33  0   0   0   0   4   
27  0   0   0   0   0   
---------------------------------
关键边输出如下：
---------------------------------
3    A         60        0.287588  0.325037  
4    A         43        0.530526  0.530526  
5    A         59        0.330765  0.373836  
7    A         47        0.291209  0.365203  
10   A         53        0.59617   0.59617   
2    B         80        0.27254   0.27254   
8    B         80        0.27254   0.27254   
9    B         80        0.193519  0.193519  
1    C         80        0.27254   0.30803   
6    C         80        0.27254   0.30803   
---------------------------------
---------------------------------

5--2最大流值为：35
最可靠最大流分布概率为 ： 0.252686
状态划分算法消耗的内存为：3.63672
状态划分算法运行时间(ms) ： 33.6823
---------------------------------
流分布如下: 
---------------------------------
0   8   0   0   0   0   
0   0   0   0   0   0   
0   0   0   0   0   8   
0   0   0   0   0   0   
0   0   8   0   0   27  
8   27  0   0   0   0   
---------------------------------
关键边输出如下：
---------------------------------
1    A         27        0.60213   0.60213   
5    A         27        0.60213   0.60213   
7    A         27        0.60213   0.60213   
8    A         23        0.523928  0.523928  
9    A         27        0.60213   0.60213   
10   A         8         0.482291  0.530027  
2    C         35        0.252686  0.252686  
3    C         35        0.252686  0.252686  
4    C         35        0.252686  0.252686  
6    C         35        0.252686  0.252686  
---------------------------------
---------------------------------

1--5最大流值为：45
最可靠最大流分布概率为 ： 0.127364
状态划分算法消耗的内存为：3.63672
状态划分算法运行时间(ms) ： 32.6322
---------------------------------
流分布如下: 
---------------------------------
0   7   18  0   20  0   
0   0   7   0   0   0   
0   0   0   23  0   2   
0   0   0   0   23  0   
0   0   0   0   0   0   
0   0   0   0   2   0   
---------------------------------
关键边输出如下：
---------------------------------
1    A         38        0.478132  0.478132  
2    A         28        0.327356  0.327356  
3    A         25        0.134396  0.134396  
4    A         38        0.478132  0.478132  
5    A         22        0.368712  0.455991  
6    A         43        0.214177  0.214177  
7    A         22        0.368712  0.455991  
10   A         43        0.214177  0.214177  
8    C         45        0.127364  0.127364  
9    C         45        0.127364  0.127364  
---------------------------------
---------------------------------

5--1最大流值为：76
最可靠最大流分布概率为 ： 0.115151
状态划分算法消耗的内存为：3.63672
状态划分算法运行时间(ms) ： 29.7728
---------------------------------
流分布如下: 
---------------------------------
0   0   0   0   0   0   
22  0   0   0   0   0   
0   0   0   0   0   0   
32  0   0   0   0   0   
22  22  0   32  0   0   
0   0   0   0   0   0   
---------------------------------
关键边输出如下：
---------------------------------
1    A         54        0.164846  0.164846  
7    A         44        0.359729  0.359729  
8    A         54        0.223604  0.223604  
9    A         54        0.164846  0.164846  
10   A         44        0.359729  0.359729  
2    C         76        0.115151  0.115151  
3    C         76        0.115151  0.115151  
4    C         76        0.115151  0.115151  
5    C         76        0.115151  0.115151  
6    C         76        0.115151  0.115151  
---------------------------------
---------------------------------

