5--6最大流值为：28
最可靠最大流分布概率为 ： 0.130293
状态划分算法消耗的内存为：4.21484
状态划分算法运行时间(ms) ： 34.6268
---------------------------------
流分布如下: 
---------------------------------
0   0   0   0   0   3   0   0   
0   0   0   0   0   0   0   0   
0   0   0   0   0   0   0   0   
3   0   0   0   0   25  0   0   
0   0   0   0   0   0   8   20  
0   0   0   0   0   0   0   0   
0   0   0   8   0   0   0   0   
0   0   0   20  0   0   0   0   
---------------------------------
关键边输出如下：
---------------------------------
1    A         25        0.455302  0.455302  
3    A         25        0.455302  0.455302  
6    A         10        0.228571  0.228571  
8    A         20        0.743809  0.743809  
9    A         8         0.57003   0.737607  
12   A         20        0.743809  0.743809  
14   A         8         0.57003   0.582076  
2    C         28        0.130293  0.130293  
4    C         28        0.130293  0.130293  
5    C         28        0.130293  0.130293  
7    C         28        0.130293  0.130293  
10   C         28        0.130293  0.130293  
11   C         28        0.130293  0.130293  
13   C         28        0.130293  0.130293  
---------------------------------
---------------------------------

3--2最大流值为：8
最可靠最大流分布概率为 ： 0.530255
状态划分算法消耗的内存为：5.16797
状态划分算法运行时间(ms) ： 57.5766
---------------------------------
流分布如下: 
---------------------------------
0   0   0   0   0   0   0   0   
0   0   0   0   0   0   0   0   
0   0   0   0   0   0   8   0   
0   0   0   0   0   0   0   0   
0   0   0   0   0   0   0   0   
0   8   0   0   0   0   0   0   
0   0   0   0   0   0   0   8   
0   0   0   0   0   8   0   0   
---------------------------------
关键边输出如下：
---------------------------------
8    A         0         1         0         
14   A         7         0.716765  0.752391  
2    B         8         0.530255  0.556611  
5    B         8         0.530255  0.675667  
6    B         8         0.383286  0.488394  
7    B         8         0.530255  0.675667  
10   B         8         0.530255  0.556611  
11   B         8         0.530255  0.556611  
12   B         8         0.464306  0.487384  
1    C         8         0.530255  0.709251  
3    C         8         0.530255  0.709251  
4    C         8         0.530255  0.709251  
9    C         8         0.530255  0.709251  
13   C         8         0.530255  0.709251  
---------------------------------
---------------------------------

8--3最大流值为：57
最可靠最大流分布概率为 ： 0.0748666
状态划分算法消耗的内存为：5.16797
状态划分算法运行时间(ms) ： 44.9517
---------------------------------
流分布如下: 
---------------------------------
0   20  0   0   0   12  0   0   
0   0   20  0   0   0   0   0   
0   0   0   0   0   0   0   0   
0   0   21  0   0   0   0   0   
0   0   0   0   0   0   0   0   
0   0   12  0   0   0   0   0   
0   0   0   0   0   0   0   0   
32  0   4   21  0   0   0   0   
---------------------------------
关键边输出如下：
---------------------------------
1    A         37        0.137641  0.152026  
2    A         45        0.127068  0.127068  
4    A         37        0.137641  0.137641  
6    A         36        0.161919  0.161919  
10   A         45        0.127068  0.127068  
12   A         25        0.415493  0.415493  
13   A         53        0.0833134 0.0833134 
14   A         36        0.161919  0.161919  
3    C         57        0.0748666 0.0748666 
5    C         57        0.0748666 0.0748666 
7    C         57        0.0748666 0.0748666 
8    C         57        0.0748666 0.0748666 
9    C         57        0.0748666 0.0748666 
11   C         57        0.0748666 0.0748666 
---------------------------------
---------------------------------

4--8最大流值为：30
最可靠最大流分布概率为 ： 0.501316
状态划分算法消耗的内存为：5.17578
状态划分算法运行时间(ms) ： 75.2382
---------------------------------
流分布如下: 
---------------------------------
0   0   0   0   0   0   0   0   
0   0   0   0   30  0   0   0   
0   0   0   0   0   0   0   0   
0   30  0   0   0   0   0   0   
0   0   0   0   0   0   0   30  
0   0   0   0   0   0   0   0   
0   0   0   0   0   0   0   0   
0   0   0   0   0   0   0   0   
---------------------------------
关键边输出如下：
---------------------------------
5    A         29        0.122099  0.196153  
11   A         0         1         0         
1    B         30        0.501316  0.501316  
2    B         30        0.501316  0.539607  
6    B         30        0.501316  0.534744  
7    B         30        0.501316  0.501316  
8    B         30        0.501316  0.521676  
9    B         30        0.122916  0.135281  
10   B         30        0.501316  0.501316  
12   B         30        0.501316  0.501316  
13   B         30        0.501316  0.539607  
3    C         30        0.501316  0.538107  
4    C         30        0.501316  0.538107  
14   C         30        0.501316  0.538107  
---------------------------------
---------------------------------

6--2最大流值为：56
最可靠最大流分布概率为 ： 0.0792283
状态划分算法消耗的内存为：5.17578
状态划分算法运行时间(ms) ： 45.6794
---------------------------------
流分布如下: 
---------------------------------
0   0   0   0   0   0   0   0   
0   0   0   0   0   0   0   0   
0   34  0   0   0   0   0   0   
0   0   34  0   0   0   0   0   
0   22  0   0   0   0   0   0   
0   0   0   0   0   0   33  23  
0   0   0   30  22  0   0   0   
0   0   0   4   0   0   19  0   
---------------------------------
关键边输出如下：
---------------------------------
5    A         22        0.318273  0.318273  
6    A         22        0.318273  0.318273  
8    A         34        0.199309  0.199309  
9    A         25        0.248932  0.275857  
10   A         33        0.111438  0.111438  
11   A         26        0.108688  0.108688  
12   A         34        0.199309  0.199309  
13   A         52        0.0881671 0.0881671 
14   A         37        0.0871305 0.0871305 
1    C         56        0.0792283 0.0792283 
2    C         56        0.0792283 0.0792283 
3    C         56        0.0792283 0.0792283 
4    C         56        0.0792283 0.0792283 
7    C         56        0.0792283 0.0792283 
---------------------------------
---------------------------------

