1--2最大流值为：7
最可靠最大流分布概率为 ： 0.34766
状态划分算法消耗的内存为：20.875
状态划分算法运行时间(ms) ： 42.7119
---------------------------------
流分布如下: 
---------------------------------
0   0   4   3   0   0   0   
0   0   0   0   0   0   0   
0   0   0   0   1   3   0   
0   0   0   0   3   0   0   
0   0   0   0   0   0   4   
0   3   0   0   0   0   0   
0   4   0   0   0   0   0   
---------------------------------
关键边输出如下：
---------------------------------
1    A         3         0         0         
8    A         4         0.505176  0.455669  
9    A         4         0.559962  0.66944   
2    A         4         0.559962  0.700603  
4    A         6         0.458166  0.572024  
11   A         6         0.459314  0.526363  
6    A         6         0.459314  0.550947  
3    B         7         0.300085  0.0150043 
7    b         7         0.34766   0.0625787 
10   b         7         0.34766   0.0925873 
5    C         7         0.34766   0.362664  
---------------------------------
---------------------------------

1--2最大流值为：7
最可靠最大流分布概率为 ： 0.34766
状态划分算法消耗的内存为：20.8945
状态划分算法运行时间(ms) ： 42.669
---------------------------------
流分布如下: 
---------------------------------
0   0   4   3   0   0   0   
0   0   0   0   0   0   0   
0   0   0   0   1   3   0   
0   0   0   0   3   0   0   
0   0   0   0   0   0   4   
0   3   0   0   0   0   0   
0   4   0   0   0   0   0   
---------------------------------
关键边输出如下：
---------------------------------
1    A         3         0         0         
8    A         4         0.505176  0.455669  
9    A         4         0.559962  0.66944   
2    A         4         0.559962  0.700603  
4    A         6         0.458166  0.572024  
11   A         6         0.459314  0.526363  
6    A         6         0.459314  0.550947  
3    B         7         0.300085  0.0150043 
7    b         7         0.34766   0.0625787 
10   b         7         0.34766   0.0925873 
5    C         7         0.34766   0.362664  
---------------------------------
---------------------------------

1--2最大流值为：7
最可靠最大流分布概率为 ： 0.34766
状态划分算法消耗的内存为：21.5938
状态划分算法运行时间(ms) ： 44.098
---------------------------------
流分布如下: 
---------------------------------
0   0   4   3   0   0   0   
0   0   0   0   0   0   0   
0   0   0   0   1   3   0   
0   0   0   0   3   0   0   
0   0   0   0   0   0   4   
0   3   0   0   0   0   0   
0   4   0   0   0   0   0   
---------------------------------
关键边输出如下：
---------------------------------
1    A         3         0         0         
8    A         4         0.505176  0.455669  
9    A         4         0.559962  0.66944   
2    A         4         0.559962  0.700603  
4    A         6         0.458166  0.572024  
11   A         6         0.459314  0.526363  
6    A         6         0.459314  0.550947  
3    B         7         0.300085  0.0150043 
7    b         7         0.34766   0.0625787 
10   b         7         0.34766   0.0925873 
5    C         7         0.34766   0.362664  
---------------------------------
---------------------------------

1--2最大流值为：7
最可靠最大流分布概率为 ： 0.34766
状态划分算法消耗的内存为：6.41016
状态划分算法运行时间(ms) ： 63.9596
---------------------------------
流分布如下: 
---------------------------------
0   0   4   3   0   0   0   
0   0   0   0   0   0   0   
0   0   0   0   1   3   0   
0   0   0   0   3   0   0   
0   0   0   0   0   0   4   
0   3   0   0   0   0   0   
0   4   0   0   0   0   0   
---------------------------------
关键边输出如下：
---------------------------------
1    A         3         0         0         
8    A         4         0.505176  0.455669  
9    A         4         0.559962  0.66944   
2    A         4         0.559962  0.700603  
4    A         6         0.458166  0.572024  
11   A         6         0.459314  0.526363  
6    A         6         0.459314  0.550947  
3    B         7         0.300085  0.0150043 
7    b         7         0.34766   0.0625787 
10   b         7         0.34766   0.0925873 
5    C         7         0.34766   0.362664  
---------------------------------
---------------------------------

1--2最大流值为：7
最可靠最大流分布概率为 ： 0.34766
状态划分算法消耗的内存为：6.39453
状态划分算法运行时间(ms) ： 70.0126
---------------------------------
流分布如下: 
---------------------------------
0   0   4   3   0   0   0   
0   0   0   0   0   0   0   
0   0   0   0   1   3   0   
0   0   0   0   3   0   0   
0   0   0   0   0   0   4   
0   3   0   0   0   0   0   
0   4   0   0   0   0   0   
---------------------------------
关键边输出如下：
---------------------------------
1    A         3         0         0         
8    A         4         0.505176  0.455669  
9    A         4         0.559962  0.66944   
2    A         4         0.559962  0.700603  
4    A         6         0.458166  0.572024  
11   A         6         0.459314  0.526363  
6    A         6         0.459314  0.550947  
3    B         7         0.300085  0.0150043 
7    b         7         0.34766   0.0625787 
10   b         7         0.34766   0.0925873 
5    C         7         0.34766   0.362664  
---------------------------------
---------------------------------

1--2最大流值为：7
最可靠最大流分布概率为 ： 0.34766
状态划分算法消耗的内存为：6.42969
状态划分算法运行时间(ms) ： 76.4887
---------------------------------
流分布如下: 
---------------------------------
0   0   4   3   0   0   0   
0   0   0   0   0   0   0   
0   0   0   0   1   3   0   
0   0   0   0   3   0   0   
0   0   0   0   0   0   4   
0   3   0   0   0   0   0   
0   4   0   0   0   0   0   
---------------------------------
关键边输出如下：
---------------------------------
1    A         3         0         0         
8    A         4         0.505176  0.455669  
9    A         4         0.559962  0.66944   
2    A         4         0.559962  0.700603  
4    A         6         0.458166  0.572024  
11   A         6         0.459314  0.526363  
6    A         6         0.459314  0.550947  
3    B         7         0.300085  0.0150043 
7    b         7         0.34766   0.0625787 
10   b         7         0.34766   0.0925873 
5    C         7         0.34766   0.362664  
---------------------------------
---------------------------------

1--2最大流值为：7
最可靠最大流分布概率为 ： 0.34766
状态划分算法消耗的内存为：6.42188
状态划分算法运行时间(ms) ： 76.7933
---------------------------------
流分布如下: 
---------------------------------
0   0   4   3   0   0   0   
0   0   0   0   0   0   0   
0   0   0   0   1   3   0   
0   0   0   0   3   0   0   
0   0   0   0   0   0   4   
0   3   0   0   0   0   0   
0   4   0   0   0   0   0   
---------------------------------
关键边输出如下：
---------------------------------
1    A         3         0         0         
8    A         4         0.505176  0.455669  
9    A         4         0.559962  0.66944   
2    A         4         0.559962  0.700603  
4    A         6         0.458166  0.572024  
11   A         6         0.459314  0.526363  
6    A         6         0.459314  0.550947  
3    B         7         0.300085  0.0150043 
7    b         7         0.34766   0.0625787 
10   b         7         0.34766   0.0925873 
5    C         7         0.34766   0.362664  
---------------------------------
---------------------------------

1--2最大流值为：7
最可靠最大流分布概率为 ： 0.34766
状态划分算法消耗的内存为：6.42578
状态划分算法运行时间(ms) ： 73.8129
---------------------------------
流分布如下: 
---------------------------------
0   0   4   3   0   0   0   
0   0   0   0   0   0   0   
0   0   0   0   1   3   0   
0   0   0   0   3   0   0   
0   0   0   0   0   0   4   
0   3   0   0   0   0   0   
0   4   0   0   0   0   0   
---------------------------------
关键边输出如下：
---------------------------------
1    A         3         0         0         
8    A         4         0.505176  0.455669  
9    A         4         0.559962  0.66944   
2    A         4         0.559962  0.700603  
4    A         6         0.458166  0.572024  
11   A         6         0.459314  0.526363  
6    A         6         0.459314  0.550947  
3    B         7         0.300085  0.0150043 
7    b         7         0.34766   0.0625787 
10   b         7         0.34766   0.0925873 
5    C         7         0.34766   0.362664  
---------------------------------
---------------------------------

1--2最大流值为：7
最可靠最大流分布概率为 ： 0.34766
状态划分算法消耗的内存为：6.42578
状态划分算法运行时间(ms) ： 73.2282
---------------------------------
流分布如下: 
---------------------------------
0   0   4   3   0   0   0   
0   0   0   0   0   0   0   
0   0   0   0   1   3   0   
0   0   0   0   3   0   0   
0   0   0   0   0   0   4   
0   3   0   0   0   0   0   
0   4   0   0   0   0   0   
---------------------------------
关键边输出如下：
---------------------------------
1    A         3         0         0         
8    A         4         0.505176  0.455669  
9    A         4         0.559962  0.66944   
2    A         4         0.559962  0.700603  
4    A         6         0.458166  0.572024  
11   A         6         0.459314  0.526363  
6    A         6         0.459314  0.550947  
3    B         7         0.300085  0.0150043 
7    b         7         0.34766   0.0625787 
10   b         7         0.34766   0.0925873 
5    C         7         0.34766   0.362664  
---------------------------------
---------------------------------

1--2最大流值为：7
最可靠最大流分布概率为 ： 0.34766
状态划分算法消耗的内存为：6.39453
状态划分算法运行时间(ms) ： 75.0172
---------------------------------
流分布如下: 
---------------------------------
0   0   4   3   0   0   0   
0   0   0   0   0   0   0   
0   0   0   0   1   3   0   
0   0   0   0   3   0   0   
0   0   0   0   0   0   4   
0   3   0   0   0   0   0   
0   4   0   0   0   0   0   
---------------------------------
关键边输出如下：
---------------------------------
1    A         3         0         0         
8    A         4         0.505176  0.455669  
9    A         4         0.559962  0.66944   
2    A         4         0.559962  0.700603  
4    A         6         0.458166  0.572024  
11   A         6         0.459314  0.526363  
6    A         6         0.459314  0.550947  
3    B         7         0.300085  0.0150043 
7    b         7         0.34766   0.0625787 
10   b         7         0.34766   0.0925873 
5    C         7         0.34766   0.362664  
---------------------------------
---------------------------------

1--2最大流值为：7
最可靠最大流分布概率为 ： 0.34766
状态划分算法消耗的内存为：6.38672
状态划分算法运行时间(ms) ： 77.0203
---------------------------------
流分布如下: 
---------------------------------
0   0   4   3   0   0   0   
0   0   0   0   0   0   0   
0   0   0   0   1   3   0   
0   0   0   0   3   0   0   
0   0   0   0   0   0   4   
0   3   0   0   0   0   0   
0   4   0   0   0   0   0   
---------------------------------
关键边输出如下：
---------------------------------
1    A         3         0         0         
8    A         4         0.505176  0.455669  
9    A         4         0.559962  0.66944   
2    A         4         0.559962  0.700603  
4    A         6         0.458166  0.572024  
11   A         6         0.459314  0.526363  
6    A         6         0.459314  0.550947  
3    B         7         0.300085  0.0150043 
7    b         7         0.34766   0.0625787 
10   b         7         0.34766   0.0925873 
5    C         7         0.34766   0.362664  
---------------------------------
---------------------------------

1--2最大流值为：7
最可靠最大流分布概率为 ： 0.34766
状态划分算法消耗的内存为：6.44141
状态划分算法运行时间(ms) ： 77.6198
---------------------------------
流分布如下: 
---------------------------------
0   0   4   3   0   0   0   
0   0   0   0   0   0   0   
0   0   0   0   1   3   0   
0   0   0   0   3   0   0   
0   0   0   0   0   0   4   
0   3   0   0   0   0   0   
0   4   0   0   0   0   0   
---------------------------------
关键边输出如下：
---------------------------------
1    A         3         0         0         
8    A         4         0.505176  0.455669  
9    A         4         0.559962  0.66944   
2    A         4         0.559962  0.700603  
4    A         6         0.458166  0.572024  
11   A         6         0.459314  0.526363  
6    A         6         0.459314  0.550947  
3    B         7         0.300085  0.0150043 
7    b         7         0.34766   0.0625787 
10   b         7         0.34766   0.0925873 
5    C         7         0.34766   0.362664  
---------------------------------
---------------------------------

1--2最大流值为：7
最可靠最大流分布概率为 ： 0.34766
状态划分算法消耗的内存为：6.45313
状态划分算法运行时间(ms) ： 76.2349
---------------------------------
流分布如下: 
---------------------------------
0   0   4   3   0   0   0   
0   0   0   0   0   0   0   
0   0   0   0   1   3   0   
0   0   0   0   3   0   0   
0   0   0   0   0   0   4   
0   3   0   0   0   0   0   
0   4   0   0   0   0   0   
---------------------------------
关键边输出如下：
---------------------------------
1    A         3         0         0         
8    A         4         0.505176  0.455669  
9    A         4         0.559962  0.66944   
2    A         4         0.559962  0.700603  
4    A         6         0.458166  0.572024  
11   A         6         0.459314  0.526363  
6    A         6         0.459314  0.550947  
3    B         7         0.300085  0.0150043 
7    b         7         0.34766   0.0625787 
10   b         7         0.34766   0.0925873 
5    C         7         0.34766   0.362664  
---------------------------------
---------------------------------

1--2最大流值为：7
最可靠最大流分布概率为 ： 0.34766
状态划分算法消耗的内存为：6.4375
状态划分算法运行时间(ms) ： 82.0117
---------------------------------
流分布如下: 
---------------------------------
0   0   4   3   0   0   0   
0   0   0   0   0   0   0   
0   0   0   0   1   3   0   
0   0   0   0   3   0   0   
0   0   0   0   0   0   4   
0   3   0   0   0   0   0   
0   4   0   0   0   0   0   
---------------------------------
关键边输出如下：
---------------------------------
1    A         3         0         0         
8    A         4         0.505176  0.455669  
9    A         4         0.559962  0.66944   
2    A         4         0.559962  0.700603  
4    A         6         0.458166  0.572024  
11   A         6         0.459314  0.526363  
6    A         6         0.459314  0.550947  
3    B         7         0.300085  0.0150043 
7    b         7         0.34766   0.0625787 
10   b         7         0.34766   0.0925873 
5    C         7         0.34766   0.362664  
---------------------------------
---------------------------------

1--2最大流值为：7
最可靠最大流分布概率为 ： 0.34766
状态划分算法消耗的内存为：6.42578
状态划分算法运行时间(ms) ： 85.875
---------------------------------
流分布如下: 
---------------------------------
0   0   4   3   0   0   0   
0   0   0   0   0   0   0   
0   0   0   0   1   3   0   
0   0   0   0   3   0   0   
0   0   0   0   0   0   4   
0   3   0   0   0   0   0   
0   4   0   0   0   0   0   
---------------------------------
关键边输出如下：
---------------------------------
1    A         3         0         0         
8    A         4         0.505176  0.455669  
9    A         4         0.559962  0.66944   
2    A         4         0.559962  0.700603  
4    A         6         0.458166  0.572024  
11   A         6         0.459314  0.526363  
6    A         6         0.459314  0.550947  
3    B         7         0.300085  0.0150043 
7    b         7         0.34766   0.0625787 
10   b         7         0.34766   0.0925873 
5    C         7         0.34766   0.362664  
---------------------------------
---------------------------------

1--2最大流值为：7
最可靠最大流分布概率为 ： 0.34766
状态划分算法消耗的内存为：6.47656
状态划分算法运行时间(ms) ： 83.8366
---------------------------------
流分布如下: 
---------------------------------
0   0   4   3   0   0   0   
0   0   0   0   0   0   0   
0   0   0   0   1   3   0   
0   0   0   0   3   0   0   
0   0   0   0   0   0   4   
0   3   0   0   0   0   0   
0   4   0   0   0   0   0   
---------------------------------
关键边输出如下：
---------------------------------
1    A         3         0         0         
8    A         4         0.505176  0.455669  
9    A         4         0.559962  0.66944   
2    A         4         0.559962  0.700603  
4    A         6         0.458166  0.572024  
11   A         6         0.459314  0.526363  
6    A         6         0.459314  0.550947  
3    B         7         0.300085  0.0150043 
7    b         7         0.34766   0.0625787 
10   b         7         0.34766   0.0925873 
5    C         7         0.34766   0.362664  
---------------------------------
---------------------------------

1--2最大流值为：7
最可靠最大流分布概率为 ： 0.34766
状态划分算法消耗的内存为：6.46875
状态划分算法运行时间(ms) ： 83.6806
---------------------------------
流分布如下: 
---------------------------------
0   0   4   3   0   0   0   
0   0   0   0   0   0   0   
0   0   0   0   1   3   0   
0   0   0   0   3   0   0   
0   0   0   0   0   0   4   
0   3   0   0   0   0   0   
0   4   0   0   0   0   0   
---------------------------------
关键边输出如下：
---------------------------------
1    A         3         0         0         
8    A         4         0.505176  0.455669  
9    A         4         0.559962  0.66944   
2    A         4         0.559962  0.700603  
4    A         6         0.458166  0.572024  
11   A         6         0.459314  0.526363  
6    A         6         0.459314  0.550947  
3    B         7         0.300085  0.0150043 
7    b         7         0.34766   0.0625787 
10   b         7         0.34766   0.0925873 
5    C         7         0.34766   0.362664  
---------------------------------
---------------------------------

1--2最大流值为：7
最可靠最大流分布概率为 ： 0.34766
状态划分算法消耗的内存为：5.39453
状态划分算法运行时间(ms) ： 83.8991
---------------------------------
流分布如下: 
---------------------------------
0   0   4   3   0   0   0   
0   0   0   0   0   0   0   
0   0   0   0   1   3   0   
0   0   0   0   3   0   0   
0   0   0   0   0   0   4   
0   3   0   0   0   0   0   
0   4   0   0   0   0   0   
---------------------------------
关键边输出如下：
---------------------------------
1    A         3         0         0         
8    A         4         0.505176  0.455669  
9    A         4         0.559962  0.66944   
2    A         4         0.559962  0.700603  
4    A         6         0.458166  0.572024  
11   A         6         0.459314  0.526363  
6    A         6         0.459314  0.550947  
3    B         7         0.300085  0.0150043 
7    b         7         0.34766   0.0625787 
10   b         7         0.34766   0.0925873 
5    C         7         0.34766   0.362664  
---------------------------------
---------------------------------

1--2最大流值为：7
最可靠最大流分布概率为 ： 0.34766
状态划分算法消耗的内存为：6.46875
状态划分算法运行时间(ms) ： 85.8062
---------------------------------
流分布如下: 
---------------------------------
0   0   4   3   0   0   0   
0   0   0   0   0   0   0   
0   0   0   0   1   3   0   
0   0   0   0   3   0   0   
0   0   0   0   0   0   4   
0   3   0   0   0   0   0   
0   4   0   0   0   0   0   
---------------------------------
关键边输出如下：
---------------------------------
1    A         3         0         0         
8    A         4         0.505176  0.455669  
9    A         4         0.559962  0.66944   
2    A         4         0.559962  0.700603  
4    A         6         0.458166  0.572024  
11   A         6         0.459314  0.526363  
6    A         6         0.459314  0.550947  
3    B         7         0.300085  0.0150043 
7    b         7         0.34766   0.0625787 
10   b         7         0.34766   0.0925873 
5    C         7         0.34766   0.362664  
---------------------------------
---------------------------------

1--2最大流值为：7
最可靠最大流分布概率为 ： 0.34766
状态划分算法消耗的内存为：6.46875
状态划分算法运行时间(ms) ： 84.5261
---------------------------------
流分布如下: 
---------------------------------
0   0   4   3   0   0   0   
0   0   0   0   0   0   0   
0   0   0   0   1   3   0   
0   0   0   0   3   0   0   
0   0   0   0   0   0   4   
0   3   0   0   0   0   0   
0   4   0   0   0   0   0   
---------------------------------
关键边输出如下：
---------------------------------
1    A         3         0         0         
8    A         4         0.505176  0.455669  
9    A         4         0.559962  0.66944   
2    A         4         0.559962  0.700603  
4    A         6         0.458166  0.572024  
11   A         6         0.459314  0.526363  
6    A         6         0.459314  0.550947  
3    B         7         0.300085  0.0150043 
7    b         7         0.34766   0.0625787 
10   b         7         0.34766   0.0925873 
5    C         7         0.34766   0.362664  
---------------------------------
---------------------------------

1--2最大流值为：7
最可靠最大流分布概率为 ： 0.34766
状态划分算法消耗的内存为：6.46094
状态划分算法运行时间(ms) ： 82.3742
---------------------------------
流分布如下: 
---------------------------------
0   0   4   3   0   0   0   
0   0   0   0   0   0   0   
0   0   0   0   1   3   0   
0   0   0   0   3   0   0   
0   0   0   0   0   0   4   
0   3   0   0   0   0   0   
0   4   0   0   0   0   0   
---------------------------------
关键边输出如下：
---------------------------------
1    A         3         0         0         
8    A         4         0.505176  0.455669  
9    A         4         0.559962  0.66944   
2    A         4         0.559962  0.700603  
4    A         6         0.458166  0.572024  
11   A         6         0.459314  0.526363  
6    A         6         0.459314  0.550947  
3    B         7         0.300085  0.0150043 
7    b         7         0.34766   0.0625787 
10   b         7         0.34766   0.0925873 
5    C         7         0.34766   0.362664  
---------------------------------
---------------------------------

1--2最大流值为：7
最可靠最大流分布概率为 ： 0.34766
状态划分算法消耗的内存为：6.47266
状态划分算法运行时间(ms) ： 83.2674
---------------------------------
流分布如下: 
---------------------------------
0   0   4   3   0   0   0   
0   0   0   0   0   0   0   
0   0   0   0   1   3   0   
0   0   0   0   3   0   0   
0   0   0   0   0   0   4   
0   3   0   0   0   0   0   
0   4   0   0   0   0   0   
---------------------------------
关键边输出如下：
---------------------------------
1    A         3         0         0         
8    A         4         0.505176  0.455669  
9    A         4         0.559962  0.66944   
2    A         4         0.559962  0.700603  
4    A         6         0.458166  0.572024  
11   A         6         0.459314  0.526363  
6    A         6         0.459314  0.550947  
3    B         7         0.300085  0.0150043 
7    b         7         0.34766   0.0625787 
10   b         7         0.34766   0.0925873 
5    C         7         0.34766   0.362664  
---------------------------------
---------------------------------

1--2最大流值为：7
最可靠最大流分布概率为 ： 0.34766
状态划分算法消耗的内存为：5.40234
状态划分算法运行时间(ms) ： 86.9888
---------------------------------
流分布如下: 
---------------------------------
0   0   4   3   0   0   0   
0   0   0   0   0   0   0   
0   0   0   0   1   3   0   
0   0   0   0   3   0   0   
0   0   0   0   0   0   4   
0   3   0   0   0   0   0   
0   4   0   0   0   0   0   
---------------------------------
关键边输出如下：
---------------------------------
1    A         3         0         0         
8    A         4         0.505176  0.455669  
9    A         4         0.559962  0.66944   
2    A         4         0.559962  0.700603  
4    A         6         0.458166  0.572024  
11   A         6         0.459314  0.526363  
6    A         6         0.459314  0.550947  
3    B         7         0.300085  0.0150043 
7    b         7         0.34766   0.0625787 
10   b         7         0.34766   0.0362664 
5    C         7         0.34766   0.362664  
---------------------------------
---------------------------------

1--2最大流值为：7
最可靠最大流分布概率为 ： 0.34766
状态划分算法消耗的内存为：6.47656
状态划分算法运行时间(ms) ： 90.1157
---------------------------------
流分布如下: 
---------------------------------
0   0   4   3   0   0   0   
0   0   0   0   0   0   0   
0   0   0   0   1   3   0   
0   0   0   0   3   0   0   
0   0   0   0   0   0   4   
0   3   0   0   0   0   0   
0   4   0   0   0   0   0   
---------------------------------
关键边输出如下：
---------------------------------
1    A         3         0         0         
8    A         4         0.505176  0.455669  
9    A         4         0.559962  0.66944   
2    A         4         0.559962  0.700603  
4    A         6         0.458166  0.572024  
11   A         6         0.459314  0.526363  
6    A         6         0.459314  0.550947  
3    B         7         0.300085  0.0150043 
7    b         7         0.34766   0.0625787 
10   b         7         0.34766   0.0362664 
5    C         7         0.34766   0.362664  
---------------------------------
---------------------------------

1--2最大流值为：7
最可靠最大流分布概率为 ： 0.34766
状态划分算法消耗的内存为：6.46484
状态划分算法运行时间(ms) ： 97.3492
---------------------------------
流分布如下: 
---------------------------------
0   0   4   3   0   0   0   
0   0   0   0   0   0   0   
0   0   0   0   1   3   0   
0   0   0   0   3   0   0   
0   0   0   0   0   0   4   
0   3   0   0   0   0   0   
0   4   0   0   0   0   0   
---------------------------------
关键边输出如下：
---------------------------------
1    A         3         0         0         
8    A         4         0.505176  0.455669  
9    A         4         0.559962  0.66944   
2    A         4         0.559962  0.700603  
4    A         6         0.458166  0.572024  
11   A         6         0.459314  0.526363  
6    A         6         0.459314  0.550947  
3    B         7         0.300085  0.0150043 
7    b         7         0.34766   0.0625787 
10   b         7         0.34766   0.0362664 
5    C         7         0.34766   0.362664  
---------------------------------
---------------------------------

1--2最大流值为：7
最可靠最大流分布概率为 ： 0.34766
状态划分算法消耗的内存为：6.47266
状态划分算法运行时间(ms) ： 66.5208
---------------------------------
流分布如下: 
---------------------------------
0   0   4   3   0   0   0   
0   0   0   0   0   0   0   
0   0   0   0   1   3   0   
0   0   0   0   3   0   0   
0   0   0   0   0   0   4   
0   3   0   0   0   0   0   
0   4   0   0   0   0   0   
---------------------------------
关键边输出如下：
---------------------------------
1    A         3         0         0         
8    A         4         0.505176  0.455669  
9    A         4         0.559962  0.66944   
2    A         4         0.559962  0.700603  
4    A         6         0.458166  0.572024  
11   A         6         0.459314  0.526363  
6    A         6         0.459314  0.550947  
3    B         7         0.300085  0.0150043 
7    b         7         0.34766   0.0625787 
10   b         7         0.34766   0.0362664 
5    C         7         0.34766   0.362664  
---------------------------------
---------------------------------

1--2最大流值为：7
最可靠最大流分布概率为 ： 0.34766
状态划分算法消耗的内存为：6.47266
状态划分算法运行时间(ms) ： 62.5397
---------------------------------
流分布如下: 
---------------------------------
0   0   4   3   0   0   0   
0   0   0   0   0   0   0   
0   0   0   0   1   3   0   
0   0   0   0   3   0   0   
0   0   0   0   0   0   4   
0   3   0   0   0   0   0   
0   4   0   0   0   0   0   
---------------------------------
关键边输出如下：
---------------------------------
1    A         3         0         0         
8    A         4         0.505176  0.455669  
9    A         4         0.559962  0.66944   
2    A         4         0.559962  0.700603  
4    A         6         0.458166  0.572024  
11   A         6         0.459314  0.526363  
6    A         6         0.459314  0.550947  
3    B         7         0.300085  0.0150043 
7    b         7         0.34766   0.0625787 
10   b         7         0.34766   0.0362664 
5    C         7         0.34766   0.362664  
---------------------------------
---------------------------------

1--2最大流值为：7
最可靠最大流分布概率为 ： 0.34766
状态划分算法消耗的内存为：6.45703
状态划分算法运行时间(ms) ： 65.0821
---------------------------------
流分布如下: 
---------------------------------
0   0   4   3   0   0   0   
0   0   0   0   0   0   0   
0   0   0   0   1   3   0   
0   0   0   0   3   0   0   
0   0   0   0   0   0   4   
0   3   0   0   0   0   0   
0   4   0   0   0   0   0   
---------------------------------
关键边输出如下：
---------------------------------
1    A         3         0         0         
8    A         4         0.505176  0.455669  
9    A         4         0.559962  0.66944   
2    A         4         0.559962  0.700603  
4    A         6         0.458166  0.572024  
11   A         6         0.459314  0.526363  
6    A         6         0.459314  0.550947  
3    B         7         0.300085  0.0150043 
7    b         7         0.34766   0.0625787 
10   b         7         0.34766   0.0362664 
5    C         7         0.34766   0.362664  
---------------------------------
---------------------------------

1--2最大流值为：7
最可靠最大流分布概率为 ： 0.34766
状态划分算法消耗的内存为：6.48828
状态划分算法运行时间(ms) ： 67.2907
---------------------------------
流分布如下: 
---------------------------------
0   0   4   3   0   0   0   
0   0   0   0   0   0   0   
0   0   0   0   1   3   0   
0   0   0   0   3   0   0   
0   0   0   0   0   0   4   
0   3   0   0   0   0   0   
0   4   0   0   0   0   0   
---------------------------------
关键边输出如下：
---------------------------------
1    A         3         0         0         
8    A         4         0.505176  0.455669  
9    A         4         0.559962  0.66944   
2    A         4         0.559962  0.700603  
4    A         6         0.458166  0.572024  
11   A         6         0.459314  0.526363  
6    A         6         0.459314  0.550947  
3    B         7         0.300085  0.0150043 
7    b         7         0.34766   0.0625787 
10   b         7         0.34766   0.0362664 
5    C         7         0.34766   0.362664  
---------------------------------
---------------------------------

