2--8最大流值为：52
最可靠最大流分布概率为 ： 0.028081
状态划分算法消耗的内存为：20.8906
状态划分算法运行时间(ms) ： 51.7447
---------------------------------
流分布如下: 
---------------------------------
0   0   0   0   0   0   0   12  0   0   
0   0   36  13  0   0   0   0   0   3   
12  0   0   0   0   0   12  25  0   0   
0   0   13  0   0   0   0   0   0   0   
0   0   0   0   0   0   0   0   0   0   
0   0   0   0   0   0   0   0   0   0   
0   0   0   0   0   0   0   12  0   0   
0   0   0   0   0   0   0   0   0   0   
0   0   0   0   0   0   0   0   0   0   
0   0   0   0   0   0   0   3   0   0   
---------------------------------
关键边输出如下：
---------------------------------
8    A         27        0         0         
3    A         29        0         0         
1    A         40        0.0364294 0.0518934 
7    A         40        0.084732  0.146914  
15   A         40        0.084732  0.146914  
18   A         49        0         0         
4    A         51        0.0525766 0.0525766 
10   A         51        0.0525766 0.0525766 
5    B         52        0.0193889 0.00876843
6    B         52        0.0206563 0.0144581 
2    b         52        0.028081  0.0114189 
9    b         52        0.028081  0.0270027 
11   C         52        0.028081  0.0408437 
12   C         52        0.028081  0.0408437 
13   C         52        0.028081  0.0408437 
14   C         52        0.028081  0.0408437 
16   C         52        0.028081  0.0408437 
17   C         52        0.028081  0.0408437 
---------------------------------
---------------------------------

2--8最大流值为：52
最可靠最大流分布概率为 ： 0.028081
状态划分算法消耗的内存为：5.75781
状态划分算法运行时间(ms) ： 56.7249
---------------------------------
流分布如下: 
---------------------------------
0   0   0   0   0   0   0   12  0   0   
0   0   36  13  0   0   0   0   0   3   
12  0   0   0   0   0   12  25  0   0   
0   0   13  0   0   0   0   0   0   0   
0   0   0   0   0   0   0   0   0   0   
0   0   0   0   0   0   0   0   0   0   
0   0   0   0   0   0   0   12  0   0   
0   0   0   0   0   0   0   0   0   0   
0   0   0   0   0   0   0   0   0   0   
0   0   0   0   0   0   0   3   0   0   
---------------------------------
关键边输出如下：
---------------------------------
8    A         27        0         0         
3    A         29        0         0         
1    A         40        0.0364294 0.0518934 
7    A         40        0.084732  0.146914  
15   A         40        0.084732  0.146914  
18   A         49        0         0         
4    A         51        0.0525766 0.0525766 
10   A         51        0.0525766 0.0525766 
5    B         52        0.0193889 0.00876843
6    B         52        0.0206563 0.0144581 
2    b         52        0.028081  0.0114189 
9    b         52        0.028081  0.0270027 
11   C         52        0.028081  0.0408437 
12   C         52        0.028081  0.0408437 
13   C         52        0.028081  0.0408437 
14   C         52        0.028081  0.0408437 
16   C         52        0.028081  0.0408437 
17   C         52        0.028081  0.0408437 
---------------------------------
---------------------------------

2--8最大流值为：52
最可靠最大流分布概率为 ： 0.028081
状态划分算法消耗的内存为：6.40625
状态划分算法运行时间(ms) ： 80.4185
---------------------------------
流分布如下: 
---------------------------------
0   0   0   0   0   0   0   12  0   0   
0   0   36  13  0   0   0   0   0   3   
12  0   0   0   0   0   12  25  0   0   
0   0   13  0   0   0   0   0   0   0   
0   0   0   0   0   0   0   0   0   0   
0   0   0   0   0   0   0   0   0   0   
0   0   0   0   0   0   0   12  0   0   
0   0   0   0   0   0   0   0   0   0   
0   0   0   0   0   0   0   0   0   0   
0   0   0   0   0   0   0   3   0   0   
---------------------------------
关键边输出如下：
---------------------------------
8    A         27        0         0         
3    A         29        0         0         
1    A         40        0.0364294 0.0518934 
7    A         40        0.084732  0.146914  
15   A         40        0.084732  0.146914  
18   A         49        0         0         
4    A         51        0.0525766 0.0525766 
10   A         51        0.0525766 0.0525766 
5    B         52        0.0193889 0.00876843
6    B         52        0.0206563 0.0144581 
2    b         52        0.028081  0.0114189 
9    b         52        0.028081  0.0270027 
11   C         52        0.028081  0.0408437 
12   C         52        0.028081  0.0408437 
13   C         52        0.028081  0.0408437 
14   C         52        0.028081  0.0408437 
16   C         52        0.028081  0.0408437 
17   C         52        0.028081  0.0408437 
---------------------------------
---------------------------------

2--8最大流值为：52
最可靠最大流分布概率为 ： 0.028081
状态划分算法消耗的内存为：6.39063
状态划分算法运行时间(ms) ： 94.7424
---------------------------------
流分布如下: 
---------------------------------
0   0   0   0   0   0   0   12  0   0   
0   0   36  13  0   0   0   0   0   3   
12  0   0   0   0   0   12  25  0   0   
0   0   13  0   0   0   0   0   0   0   
0   0   0   0   0   0   0   0   0   0   
0   0   0   0   0   0   0   0   0   0   
0   0   0   0   0   0   0   12  0   0   
0   0   0   0   0   0   0   0   0   0   
0   0   0   0   0   0   0   0   0   0   
0   0   0   0   0   0   0   3   0   0   
---------------------------------
关键边输出如下：
---------------------------------
8    A         27        0         0         
3    A         29        0         0         
1    A         40        0.0364294 0.0518934 
7    A         40        0.084732  0.146914  
15   A         40        0.084732  0.146914  
18   A         49        0         0         
4    A         51        0.0525766 0.0525766 
10   A         51        0.0525766 0.0525766 
5    B         52        0.0193889 0.00876843
6    B         52        0.0206563 0.0144581 
2    b         52        0.028081  0.0114189 
9    b         52        0.028081  0.0270027 
11   C         52        0.028081  0.0408437 
12   C         52        0.028081  0.0408437 
13   C         52        0.028081  0.0408437 
14   C         52        0.028081  0.0408437 
16   C         52        0.028081  0.0408437 
17   C         52        0.028081  0.0408437 
---------------------------------
---------------------------------

2--8最大流值为：52
最可靠最大流分布概率为 ： 0.028081
状态划分算法消耗的内存为：6.40234
状态划分算法运行时间(ms) ： 96.2794
---------------------------------
流分布如下: 
---------------------------------
0   0   0   0   0   0   0   12  0   0   
0   0   36  13  0   0   0   0   0   3   
12  0   0   0   0   0   12  25  0   0   
0   0   13  0   0   0   0   0   0   0   
0   0   0   0   0   0   0   0   0   0   
0   0   0   0   0   0   0   0   0   0   
0   0   0   0   0   0   0   12  0   0   
0   0   0   0   0   0   0   0   0   0   
0   0   0   0   0   0   0   0   0   0   
0   0   0   0   0   0   0   3   0   0   
---------------------------------
关键边输出如下：
---------------------------------
8    A         27        0         0         
3    A         29        0         0         
1    A         40        0.0364294 0.0518934 
7    A         40        0.084732  0.146914  
15   A         40        0.084732  0.146914  
18   A         49        0         0         
4    A         51        0.0525766 0.0525766 
10   A         51        0.0525766 0.0525766 
5    B         52        0.0193889 0.00876843
6    B         52        0.0206563 0.0144581 
2    b         52        0.028081  0.0114189 
9    b         52        0.028081  0.0270027 
11   C         52        0.028081  0.0408437 
12   C         52        0.028081  0.0408437 
13   C         52        0.028081  0.0408437 
14   C         52        0.028081  0.0408437 
16   C         52        0.028081  0.0408437 
17   C         52        0.028081  0.0408437 
---------------------------------
---------------------------------

2--8最大流值为：52
最可靠最大流分布概率为 ： 0.028081
状态划分算法消耗的内存为：6.41016
状态划分算法运行时间(ms) ： 92.7539
---------------------------------
流分布如下: 
---------------------------------
0   0   0   0   0   0   0   12  0   0   
0   0   36  13  0   0   0   0   0   3   
12  0   0   0   0   0   12  25  0   0   
0   0   13  0   0   0   0   0   0   0   
0   0   0   0   0   0   0   0   0   0   
0   0   0   0   0   0   0   0   0   0   
0   0   0   0   0   0   0   12  0   0   
0   0   0   0   0   0   0   0   0   0   
0   0   0   0   0   0   0   0   0   0   
0   0   0   0   0   0   0   3   0   0   
---------------------------------
关键边输出如下：
---------------------------------
8    A         27        0         0         
3    A         29        0         0         
1    A         40        0.0364294 0.0518934 
7    A         40        0.084732  0.146914  
15   A         40        0.084732  0.146914  
18   A         49        0         0         
4    A         51        0.0525766 0.0525766 
10   A         51        0.0525766 0.0525766 
5    B         52        0.0193889 0.00876843
6    B         52        0.0206563 0.0144581 
2    b         52        0.028081  0.0114189 
9    b         52        0.028081  0.0270027 
11   C         52        0.028081  0.0408437 
12   C         52        0.028081  0.0408437 
13   C         52        0.028081  0.0408437 
14   C         52        0.028081  0.0408437 
16   C         52        0.028081  0.0408437 
17   C         52        0.028081  0.0408437 
---------------------------------
---------------------------------

2--8最大流值为：52
最可靠最大流分布概率为 ： 0.028081
状态划分算法消耗的内存为：5.38672
状态划分算法运行时间(ms) ： 98.0911
---------------------------------
流分布如下: 
---------------------------------
0   0   0   0   0   0   0   12  0   0   
0   0   36  13  0   0   0   0   0   3   
12  0   0   0   0   0   12  25  0   0   
0   0   13  0   0   0   0   0   0   0   
0   0   0   0   0   0   0   0   0   0   
0   0   0   0   0   0   0   0   0   0   
0   0   0   0   0   0   0   12  0   0   
0   0   0   0   0   0   0   0   0   0   
0   0   0   0   0   0   0   0   0   0   
0   0   0   0   0   0   0   3   0   0   
---------------------------------
关键边输出如下：
---------------------------------
8    A         27        0         0         
3    A         29        0         0         
1    A         40        0.0364294 0.0518934 
7    A         40        0.084732  0.146914  
15   A         40        0.084732  0.146914  
18   A         49        0         0         
4    A         51        0.0525766 0.0525766 
10   A         51        0.0525766 0.0525766 
5    B         52        0.0193889 0.00876843
6    B         52        0.0206563 0.0144581 
2    b         52        0.028081  0.0114189 
9    b         52        0.028081  0.0270027 
11   C         52        0.028081  0.0408437 
12   C         52        0.028081  0.0408437 
13   C         52        0.028081  0.0408437 
14   C         52        0.028081  0.0408437 
16   C         52        0.028081  0.0408437 
17   C         52        0.028081  0.0408437 
---------------------------------
---------------------------------

2--8最大流值为：52
最可靠最大流分布概率为 ： 0.028081
状态划分算法消耗的内存为：6.44922
状态划分算法运行时间(ms) ： 103.89
---------------------------------
流分布如下: 
---------------------------------
0   0   0   0   0   0   0   12  0   0   
0   0   36  13  0   0   0   0   0   3   
12  0   0   0   0   0   12  25  0   0   
0   0   13  0   0   0   0   0   0   0   
0   0   0   0   0   0   0   0   0   0   
0   0   0   0   0   0   0   0   0   0   
0   0   0   0   0   0   0   12  0   0   
0   0   0   0   0   0   0   0   0   0   
0   0   0   0   0   0   0   0   0   0   
0   0   0   0   0   0   0   3   0   0   
---------------------------------
关键边输出如下：
---------------------------------
8    A         27        0         0         
3    A         29        0         0         
1    A         40        0.0364294 0.0518934 
7    A         40        0.084732  0.146914  
15   A         40        0.084732  0.146914  
18   A         49        0         0         
4    A         51        0.0525766 0.0525766 
10   A         51        0.0525766 0.0525766 
5    B         52        0.0193889 0.00876843
6    B         52        0.0206563 0.0144581 
2    b         52        0.028081  0.0114189 
9    b         52        0.028081  0.0270027 
11   C         52        0.028081  0.0408437 
12   C         52        0.028081  0.0408437 
13   C         52        0.028081  0.0408437 
14   C         52        0.028081  0.0408437 
16   C         52        0.028081  0.0408437 
17   C         52        0.028081  0.0408437 
---------------------------------
---------------------------------

2--8最大流值为：52
最可靠最大流分布概率为 ： 0.028081
状态划分算法消耗的内存为：6.41797
状态划分算法运行时间(ms) ： 99.6937
---------------------------------
流分布如下: 
---------------------------------
0   0   0   0   0   0   0   12  0   0   
0   0   36  13  0   0   0   0   0   3   
12  0   0   0   0   0   12  25  0   0   
0   0   13  0   0   0   0   0   0   0   
0   0   0   0   0   0   0   0   0   0   
0   0   0   0   0   0   0   0   0   0   
0   0   0   0   0   0   0   12  0   0   
0   0   0   0   0   0   0   0   0   0   
0   0   0   0   0   0   0   0   0   0   
0   0   0   0   0   0   0   3   0   0   
---------------------------------
关键边输出如下：
---------------------------------
8    A         27        0         0         
3    A         29        0         0         
1    A         40        0.0364294 0.0518934 
7    A         40        0.084732  0.146914  
15   A         40        0.084732  0.146914  
18   A         49        0         0         
4    A         51        0.0525766 0.0525766 
10   A         51        0.0525766 0.0525766 
5    B         52        0.0193889 0.00876843
6    B         52        0.0206563 0.0144581 
2    b         52        0.028081  0.0114189 
9    b         52        0.028081  0.0270027 
11   C         52        0.028081  0.0408437 
12   C         52        0.028081  0.0408437 
13   C         52        0.028081  0.0408437 
14   C         52        0.028081  0.0408437 
16   C         52        0.028081  0.0408437 
17   C         52        0.028081  0.0408437 
---------------------------------
---------------------------------

2--8最大流值为：52
最可靠最大流分布概率为 ： 0.028081
状态划分算法消耗的内存为：6.4375
状态划分算法运行时间(ms) ： 103.638
---------------------------------
流分布如下: 
---------------------------------
0   0   0   0   0   0   0   12  0   0   
0   0   36  13  0   0   0   0   0   3   
12  0   0   0   0   0   12  25  0   0   
0   0   13  0   0   0   0   0   0   0   
0   0   0   0   0   0   0   0   0   0   
0   0   0   0   0   0   0   0   0   0   
0   0   0   0   0   0   0   12  0   0   
0   0   0   0   0   0   0   0   0   0   
0   0   0   0   0   0   0   0   0   0   
0   0   0   0   0   0   0   3   0   0   
---------------------------------
关键边输出如下：
---------------------------------
8    A         27        0         0         
3    A         29        0         0         
1    A         40        0.0364294 0.0518934 
7    A         40        0.084732  0.146914  
15   A         40        0.084732  0.146914  
18   A         49        0         0         
4    A         51        0.0525766 0.0525766 
10   A         51        0.0525766 0.0525766 
5    B         52        0.0193889 0.00876843
6    B         52        0.0206563 0.0144581 
2    b         52        0.028081  0.0114189 
9    b         52        0.028081  0.0270027 
11   C         52        0.028081  0.0408437 
12   C         52        0.028081  0.0408437 
13   C         52        0.028081  0.0408437 
14   C         52        0.028081  0.0408437 
16   C         52        0.028081  0.0408437 
17   C         52        0.028081  0.0408437 
---------------------------------
---------------------------------

2--8最大流值为：52
最可靠最大流分布概率为 ： 0.028081
状态划分算法消耗的内存为：6.47656
状态划分算法运行时间(ms) ： 113.018
---------------------------------
流分布如下: 
---------------------------------
0   0   0   0   0   0   0   12  0   0   
0   0   36  13  0   0   0   0   0   3   
12  0   0   0   0   0   12  25  0   0   
0   0   13  0   0   0   0   0   0   0   
0   0   0   0   0   0   0   0   0   0   
0   0   0   0   0   0   0   0   0   0   
0   0   0   0   0   0   0   12  0   0   
0   0   0   0   0   0   0   0   0   0   
0   0   0   0   0   0   0   0   0   0   
0   0   0   0   0   0   0   3   0   0   
---------------------------------
关键边输出如下：
---------------------------------
8    A         27        0         0         
3    A         29        0         0         
1    A         40        0.0364294 0.0518934 
7    A         40        0.084732  0.146914  
15   A         40        0.084732  0.146914  
18   A         49        0         0         
4    A         51        0.0525766 0.0525766 
10   A         51        0.0525766 0.0525766 
5    B         52        0.0193889 0.00876843
6    B         52        0.0206563 0.0144581 
2    b         52        0.028081  0.0114189 
9    b         52        0.028081  0.0270027 
11   C         52        0.028081  0.0408437 
12   C         52        0.028081  0.0408437 
13   C         52        0.028081  0.0408437 
14   C         52        0.028081  0.0408437 
16   C         52        0.028081  0.0408437 
17   C         52        0.028081  0.0408437 
---------------------------------
---------------------------------

2--8最大流值为：52
最可靠最大流分布概率为 ： 0.028081
状态划分算法消耗的内存为：6.46094
状态划分算法运行时间(ms) ： 118.467
---------------------------------
流分布如下: 
---------------------------------
0   0   0   0   0   0   0   12  0   0   
0   0   36  13  0   0   0   0   0   3   
12  0   0   0   0   0   12  25  0   0   
0   0   13  0   0   0   0   0   0   0   
0   0   0   0   0   0   0   0   0   0   
0   0   0   0   0   0   0   0   0   0   
0   0   0   0   0   0   0   12  0   0   
0   0   0   0   0   0   0   0   0   0   
0   0   0   0   0   0   0   0   0   0   
0   0   0   0   0   0   0   3   0   0   
---------------------------------
关键边输出如下：
---------------------------------
8    A         27        0         0         
3    A         29        0         0         
1    A         40        0.0364294 0.0518934 
7    A         40        0.084732  0.146914  
15   A         40        0.084732  0.146914  
18   A         49        0         0         
4    A         51        0.0525766 0.0525766 
10   A         51        0.0525766 0.0525766 
5    B         52        0.0193889 0.00876843
6    B         52        0.0206563 0.0144581 
2    b         52        0.028081  0.0114189 
9    b         52        0.028081  0.0270027 
11   C         52        0.028081  0.0408437 
12   C         52        0.028081  0.0408437 
13   C         52        0.028081  0.0408437 
14   C         52        0.028081  0.0408437 
16   C         52        0.028081  0.0408437 
17   C         52        0.028081  0.0408437 
---------------------------------
---------------------------------

2--8最大流值为：52
最可靠最大流分布概率为 ： 0.028081
状态划分算法消耗的内存为：6.47656
状态划分算法运行时间(ms) ： 111.111
---------------------------------
流分布如下: 
---------------------------------
0   0   0   0   0   0   0   12  0   0   
0   0   36  13  0   0   0   0   0   3   
12  0   0   0   0   0   12  25  0   0   
0   0   13  0   0   0   0   0   0   0   
0   0   0   0   0   0   0   0   0   0   
0   0   0   0   0   0   0   0   0   0   
0   0   0   0   0   0   0   12  0   0   
0   0   0   0   0   0   0   0   0   0   
0   0   0   0   0   0   0   0   0   0   
0   0   0   0   0   0   0   3   0   0   
---------------------------------
关键边输出如下：
---------------------------------
8    A         27        0         0         
3    A         29        0         0         
1    A         40        0.0364294 0.0518934 
7    A         40        0.084732  0.146914  
15   A         40        0.084732  0.146914  
18   A         49        0         0         
4    A         51        0.0525766 0.0525766 
10   A         51        0.0525766 0.0525766 
5    B         52        0.0193889 0.00876843
6    B         52        0.0206563 0.0144581 
2    b         52        0.028081  0.0114189 
9    b         52        0.028081  0.0270027 
11   C         52        0.028081  0.0408437 
12   C         52        0.028081  0.0408437 
13   C         52        0.028081  0.0408437 
14   C         52        0.028081  0.0408437 
16   C         52        0.028081  0.0408437 
17   C         52        0.028081  0.0408437 
---------------------------------
---------------------------------

2--8最大流值为：52
最可靠最大流分布概率为 ： 0.028081
状态划分算法消耗的内存为：6.48047
状态划分算法运行时间(ms) ： 109.256
---------------------------------
流分布如下: 
---------------------------------
0   0   0   0   0   0   0   12  0   0   
0   0   36  13  0   0   0   0   0   3   
12  0   0   0   0   0   12  25  0   0   
0   0   13  0   0   0   0   0   0   0   
0   0   0   0   0   0   0   0   0   0   
0   0   0   0   0   0   0   0   0   0   
0   0   0   0   0   0   0   12  0   0   
0   0   0   0   0   0   0   0   0   0   
0   0   0   0   0   0   0   0   0   0   
0   0   0   0   0   0   0   3   0   0   
---------------------------------
关键边输出如下：
---------------------------------
8    A         27        0         0         
3    A         29        0         0         
1    A         40        0.0364294 0.0518934 
7    A         40        0.084732  0.146914  
15   A         40        0.084732  0.146914  
18   A         49        0         0         
4    A         51        0.0525766 0.0525766 
10   A         51        0.0525766 0.0525766 
5    B         52        0.0193889 0.00876843
6    B         52        0.0206563 0.0144581 
2    b         52        0.028081  0.0114189 
9    b         52        0.028081  0.0270027 
11   C         52        0.028081  0.0408437 
12   C         52        0.028081  0.0408437 
13   C         52        0.028081  0.0408437 
14   C         52        0.028081  0.0408437 
16   C         52        0.028081  0.0408437 
17   C         52        0.028081  0.0408437 
---------------------------------
---------------------------------

2--8最大流值为：52
最可靠最大流分布概率为 ： 0.028081
状态划分算法消耗的内存为：6.47266
状态划分算法运行时间(ms) ： 114.41
---------------------------------
流分布如下: 
---------------------------------
0   0   0   0   0   0   0   12  0   0   
0   0   36  13  0   0   0   0   0   3   
12  0   0   0   0   0   12  25  0   0   
0   0   13  0   0   0   0   0   0   0   
0   0   0   0   0   0   0   0   0   0   
0   0   0   0   0   0   0   0   0   0   
0   0   0   0   0   0   0   12  0   0   
0   0   0   0   0   0   0   0   0   0   
0   0   0   0   0   0   0   0   0   0   
0   0   0   0   0   0   0   3   0   0   
---------------------------------
关键边输出如下：
---------------------------------
8    A         27        0         0         
3    A         29        0         0         
1    A         40        0.0364294 0.0518934 
7    A         40        0.084732  0.146914  
15   A         40        0.084732  0.146914  
18   A         49        0         0         
4    A         51        0.0525766 0.0525766 
10   A         51        0.0525766 0.0525766 
5    B         52        0.0193889 0.00876843
6    B         52        0.0206563 0.00568968
2    b         52        0.028081  0.0114189 
9    b         52        0.028081  0.0155837 
11   C         52        0.028081  0.0408437 
12   C         52        0.028081  0.0408437 
13   C         52        0.028081  0.0408437 
14   C         52        0.028081  0.0408437 
16   C         52        0.028081  0.0408437 
17   C         52        0.028081  0.0408437 
---------------------------------
---------------------------------

