1--4最大流值为：47
最可靠最大流分布概率为 ： 0.0355748
状态划分算法消耗的内存为：20.8828
状态划分算法运行时间(ms) ： 78.5944
---------------------------------
流分布如下: 
---------------------------------
0   12  35  0   0   0   0   0   0   0   
0   0   0   0   12  0   0   0   0   0   
0   0   0   0   35  0   0   0   0   0   
0   0   0   0   0   0   0   0   0   0   
0   0   0   22  0   0   25  0   0   0   
0   0   0   0   0   0   0   0   0   0   
0   0   0   22  0   0   0   0   0   3   
0   0   0   0   0   0   0   0   0   0   
0   0   0   0   0   0   0   0   0   0   
0   0   0   3   0   0   0   0   0   0   
---------------------------------
关键边输出如下：
---------------------------------
2    A         12        0         0         
13   A         25        0.0744889 0.147428  
9    A         25        0.107421  0.168792  
10   A         28        0         0         
1    A         37        0         0         
5    A         41        0         0         
3    A         43        0         0         
17   A         44        0         0         
14   B         47        0.0251292 0.00832702
4    b         47        0.0355748 0.0199617 
11   b         47        0.0355748 0.0308958 
6    C         47        0.0355748 0.0439019 
7    C         47        0.0355748 0.0439019 
8    C         47        0.0355748 0.0439019 
12   C         47        0.0355748 0.0439019 
15   C         47        0.0355748 0.0439019 
16   C         47        0.0355748 0.0439019 
18   C         47        0.0355748 0.0439019 
---------------------------------
---------------------------------

1--4最大流值为：47
最可靠最大流分布概率为 ： 0.0355748
状态划分算法消耗的内存为：21.6094
状态划分算法运行时间(ms) ： 77.6152
---------------------------------
流分布如下: 
---------------------------------
0   12  35  0   0   0   0   0   0   0   
0   0   0   0   12  0   0   0   0   0   
0   0   0   0   35  0   0   0   0   0   
0   0   0   0   0   0   0   0   0   0   
0   0   0   22  0   0   25  0   0   0   
0   0   0   0   0   0   0   0   0   0   
0   0   0   22  0   0   0   0   0   3   
0   0   0   0   0   0   0   0   0   0   
0   0   0   0   0   0   0   0   0   0   
0   0   0   3   0   0   0   0   0   0   
---------------------------------
关键边输出如下：
---------------------------------
2    A         12        0         0         
13   A         25        0.0744889 0.147428  
9    A         25        0.107421  0.168792  
10   A         28        0         0         
1    A         37        0         0         
5    A         41        0         0         
3    A         43        0         0         
17   A         44        0         0         
14   B         47        0.0251292 0.00832702
4    b         47        0.0355748 0.0199617 
11   b         47        0.0355748 0.0308958 
6    C         47        0.0355748 0.0439019 
7    C         47        0.0355748 0.0439019 
8    C         47        0.0355748 0.0439019 
12   C         47        0.0355748 0.0439019 
15   C         47        0.0355748 0.0439019 
16   C         47        0.0355748 0.0439019 
18   C         47        0.0355748 0.0439019 
---------------------------------
---------------------------------

1--4最大流值为：47
最可靠最大流分布概率为 ： 0.0355748
状态划分算法消耗的内存为：5.44922
状态划分算法运行时间(ms) ： 105.127
---------------------------------
流分布如下: 
---------------------------------
0   12  35  0   0   0   0   0   0   0   
0   0   0   0   12  0   0   0   0   0   
0   0   0   0   35  0   0   0   0   0   
0   0   0   0   0   0   0   0   0   0   
0   0   0   22  0   0   25  0   0   0   
0   0   0   0   0   0   0   0   0   0   
0   0   0   22  0   0   0   0   0   3   
0   0   0   0   0   0   0   0   0   0   
0   0   0   0   0   0   0   0   0   0   
0   0   0   3   0   0   0   0   0   0   
---------------------------------
关键边输出如下：
---------------------------------
2    A         12        0         0         
13   A         25        0.0744889 0.147428  
9    A         25        0.107421  0.168792  
10   A         28        0         0         
1    A         37        0         0         
5    A         41        0         0         
3    A         43        0         0         
17   A         44        0         0         
14   B         47        0.0251292 0.00832702
4    b         47        0.0355748 0.0199617 
11   b         47        0.0355748 0.0308958 
6    C         47        0.0355748 0.0439019 
7    C         47        0.0355748 0.0439019 
8    C         47        0.0355748 0.0439019 
12   C         47        0.0355748 0.0439019 
15   C         47        0.0355748 0.0439019 
16   C         47        0.0355748 0.0439019 
18   C         47        0.0355748 0.0439019 
---------------------------------
---------------------------------

1--4最大流值为：47
最可靠最大流分布概率为 ： 0.0355748
状态划分算法消耗的内存为：6.42578
状态划分算法运行时间(ms) ： 117.823
---------------------------------
流分布如下: 
---------------------------------
0   12  35  0   0   0   0   0   0   0   
0   0   0   0   12  0   0   0   0   0   
0   0   0   0   35  0   0   0   0   0   
0   0   0   0   0   0   0   0   0   0   
0   0   0   22  0   0   25  0   0   0   
0   0   0   0   0   0   0   0   0   0   
0   0   0   22  0   0   0   0   0   3   
0   0   0   0   0   0   0   0   0   0   
0   0   0   0   0   0   0   0   0   0   
0   0   0   3   0   0   0   0   0   0   
---------------------------------
关键边输出如下：
---------------------------------
2    A         12        0         0         
13   A         25        0.0744889 0.147428  
9    A         25        0.107421  0.168792  
10   A         28        0         0         
1    A         37        0         0         
5    A         41        0         0         
3    A         43        0         0         
17   A         44        0         0         
14   B         47        0.0251292 0.00832702
4    b         47        0.0355748 0.0199617 
11   b         47        0.0355748 0.0308958 
6    C         47        0.0355748 0.0439019 
7    C         47        0.0355748 0.0439019 
8    C         47        0.0355748 0.0439019 
12   C         47        0.0355748 0.0439019 
15   C         47        0.0355748 0.0439019 
16   C         47        0.0355748 0.0439019 
18   C         47        0.0355748 0.0439019 
---------------------------------
---------------------------------

1--4最大流值为：47
最可靠最大流分布概率为 ： 0.0355748
状态划分算法消耗的内存为：6.39453
状态划分算法运行时间(ms) ： 122.285
---------------------------------
流分布如下: 
---------------------------------
0   12  35  0   0   0   0   0   0   0   
0   0   0   0   12  0   0   0   0   0   
0   0   0   0   35  0   0   0   0   0   
0   0   0   0   0   0   0   0   0   0   
0   0   0   22  0   0   25  0   0   0   
0   0   0   0   0   0   0   0   0   0   
0   0   0   22  0   0   0   0   0   3   
0   0   0   0   0   0   0   0   0   0   
0   0   0   0   0   0   0   0   0   0   
0   0   0   3   0   0   0   0   0   0   
---------------------------------
关键边输出如下：
---------------------------------
2    A         12        0         0         
13   A         25        0.0744889 0.147428  
9    A         25        0.107421  0.168792  
10   A         28        0         0         
1    A         37        0         0         
5    A         41        0         0         
3    A         43        0         0         
17   A         44        0         0         
14   B         47        0.0251292 0.00832702
4    b         47        0.0355748 0.0199617 
11   b         47        0.0355748 0.0308958 
6    C         47        0.0355748 0.0439019 
7    C         47        0.0355748 0.0439019 
8    C         47        0.0355748 0.0439019 
12   C         47        0.0355748 0.0439019 
15   C         47        0.0355748 0.0439019 
16   C         47        0.0355748 0.0439019 
18   C         47        0.0355748 0.0439019 
---------------------------------
---------------------------------

1--4最大流值为：47
最可靠最大流分布概率为 ： 0.0355748
状态划分算法消耗的内存为：6.36328
状态划分算法运行时间(ms) ： 117.821
---------------------------------
流分布如下: 
---------------------------------
0   12  35  0   0   0   0   0   0   0   
0   0   0   0   12  0   0   0   0   0   
0   0   0   0   35  0   0   0   0   0   
0   0   0   0   0   0   0   0   0   0   
0   0   0   22  0   0   25  0   0   0   
0   0   0   0   0   0   0   0   0   0   
0   0   0   22  0   0   0   0   0   3   
0   0   0   0   0   0   0   0   0   0   
0   0   0   0   0   0   0   0   0   0   
0   0   0   3   0   0   0   0   0   0   
---------------------------------
关键边输出如下：
---------------------------------
2    A         12        0         0         
13   A         25        0.0744889 0.147428  
9    A         25        0.107421  0.168792  
10   A         28        0         0         
1    A         37        0         0         
5    A         41        0         0         
3    A         43        0         0         
17   A         44        0         0         
14   B         47        0.0251292 0.00832702
4    b         47        0.0355748 0.0199617 
11   b         47        0.0355748 0.0308958 
6    C         47        0.0355748 0.0439019 
7    C         47        0.0355748 0.0439019 
8    C         47        0.0355748 0.0439019 
12   C         47        0.0355748 0.0439019 
15   C         47        0.0355748 0.0439019 
16   C         47        0.0355748 0.0439019 
18   C         47        0.0355748 0.0439019 
---------------------------------
---------------------------------

1--4最大流值为：47
最可靠最大流分布概率为 ： 0.0355748
状态划分算法消耗的内存为：6.41797
状态划分算法运行时间(ms) ： 120.3
---------------------------------
流分布如下: 
---------------------------------
0   12  35  0   0   0   0   0   0   0   
0   0   0   0   12  0   0   0   0   0   
0   0   0   0   35  0   0   0   0   0   
0   0   0   0   0   0   0   0   0   0   
0   0   0   22  0   0   25  0   0   0   
0   0   0   0   0   0   0   0   0   0   
0   0   0   22  0   0   0   0   0   3   
0   0   0   0   0   0   0   0   0   0   
0   0   0   0   0   0   0   0   0   0   
0   0   0   3   0   0   0   0   0   0   
---------------------------------
关键边输出如下：
---------------------------------
2    A         12        0         0         
13   A         25        0.0744889 0.147428  
9    A         25        0.107421  0.168792  
10   A         28        0         0         
1    A         37        0         0         
5    A         41        0         0         
3    A         43        0         0         
17   A         44        0         0         
14   B         47        0.0251292 0.00832702
4    b         47        0.0355748 0.0199617 
11   b         47        0.0355748 0.0308958 
6    C         47        0.0355748 0.0439019 
7    C         47        0.0355748 0.0439019 
8    C         47        0.0355748 0.0439019 
12   C         47        0.0355748 0.0439019 
15   C         47        0.0355748 0.0439019 
16   C         47        0.0355748 0.0439019 
18   C         47        0.0355748 0.0439019 
---------------------------------
---------------------------------

1--4最大流值为：47
最可靠最大流分布概率为 ： 0.0355748
状态划分算法消耗的内存为：6.46094
状态划分算法运行时间(ms) ： 124.679
---------------------------------
流分布如下: 
---------------------------------
0   12  35  0   0   0   0   0   0   0   
0   0   0   0   12  0   0   0   0   0   
0   0   0   0   35  0   0   0   0   0   
0   0   0   0   0   0   0   0   0   0   
0   0   0   22  0   0   25  0   0   0   
0   0   0   0   0   0   0   0   0   0   
0   0   0   22  0   0   0   0   0   3   
0   0   0   0   0   0   0   0   0   0   
0   0   0   0   0   0   0   0   0   0   
0   0   0   3   0   0   0   0   0   0   
---------------------------------
关键边输出如下：
---------------------------------
2    A         12        0         0         
13   A         25        0.0744889 0.147428  
9    A         25        0.107421  0.168792  
10   A         28        0         0         
1    A         37        0         0         
5    A         41        0         0         
3    A         43        0         0         
17   A         44        0         0         
14   B         47        0.0251292 0.00832702
4    b         47        0.0355748 0.0199617 
11   b         47        0.0355748 0.0308958 
6    C         47        0.0355748 0.0439019 
7    C         47        0.0355748 0.0439019 
8    C         47        0.0355748 0.0439019 
12   C         47        0.0355748 0.0439019 
15   C         47        0.0355748 0.0439019 
16   C         47        0.0355748 0.0439019 
18   C         47        0.0355748 0.0439019 
---------------------------------
---------------------------------

1--4最大流值为：47
最可靠最大流分布概率为 ： 0.0355748
状态划分算法消耗的内存为：6.47266
状态划分算法运行时间(ms) ： 122.674
---------------------------------
流分布如下: 
---------------------------------
0   12  35  0   0   0   0   0   0   0   
0   0   0   0   12  0   0   0   0   0   
0   0   0   0   35  0   0   0   0   0   
0   0   0   0   0   0   0   0   0   0   
0   0   0   22  0   0   25  0   0   0   
0   0   0   0   0   0   0   0   0   0   
0   0   0   22  0   0   0   0   0   3   
0   0   0   0   0   0   0   0   0   0   
0   0   0   0   0   0   0   0   0   0   
0   0   0   3   0   0   0   0   0   0   
---------------------------------
关键边输出如下：
---------------------------------
2    A         12        0         0         
13   A         25        0.0744889 0.147428  
9    A         25        0.107421  0.168792  
10   A         28        0         0         
1    A         37        0         0         
5    A         41        0         0         
3    A         43        0         0         
17   A         44        0         0         
14   B         47        0.0251292 0.00832702
4    b         47        0.0355748 0.0199617 
11   b         47        0.0355748 0.0308958 
6    C         47        0.0355748 0.0439019 
7    C         47        0.0355748 0.0439019 
8    C         47        0.0355748 0.0439019 
12   C         47        0.0355748 0.0439019 
15   C         47        0.0355748 0.0439019 
16   C         47        0.0355748 0.0439019 
18   C         47        0.0355748 0.0439019 
---------------------------------
---------------------------------

1--4最大流值为：47
最可靠最大流分布概率为 ： 0.0355748
状态划分算法消耗的内存为：6.47656
状态划分算法运行时间(ms) ： 128.111
---------------------------------
流分布如下: 
---------------------------------
0   12  35  0   0   0   0   0   0   0   
0   0   0   0   12  0   0   0   0   0   
0   0   0   0   35  0   0   0   0   0   
0   0   0   0   0   0   0   0   0   0   
0   0   0   22  0   0   25  0   0   0   
0   0   0   0   0   0   0   0   0   0   
0   0   0   22  0   0   0   0   0   3   
0   0   0   0   0   0   0   0   0   0   
0   0   0   0   0   0   0   0   0   0   
0   0   0   3   0   0   0   0   0   0   
---------------------------------
关键边输出如下：
---------------------------------
2    A         12        0         0         
13   A         25        0.0744889 0.147428  
9    A         25        0.107421  0.168792  
10   A         28        0         0         
1    A         37        0         0         
5    A         41        0         0         
3    A         43        0         0         
17   A         44        0         0         
14   B         47        0.0251292 0.00832702
4    b         47        0.0355748 0.0199617 
11   b         47        0.0355748 0.0308958 
6    C         47        0.0355748 0.0439019 
7    C         47        0.0355748 0.0439019 
8    C         47        0.0355748 0.0439019 
12   C         47        0.0355748 0.0439019 
15   C         47        0.0355748 0.0439019 
16   C         47        0.0355748 0.0439019 
18   C         47        0.0355748 0.0439019 
---------------------------------
---------------------------------

1--4最大流值为：47
最可靠最大流分布概率为 ： 0.0355748
状态划分算法消耗的内存为：6.46875
状态划分算法运行时间(ms) ： 132.302
---------------------------------
流分布如下: 
---------------------------------
0   12  35  0   0   0   0   0   0   0   
0   0   0   0   12  0   0   0   0   0   
0   0   0   0   35  0   0   0   0   0   
0   0   0   0   0   0   0   0   0   0   
0   0   0   22  0   0   25  0   0   0   
0   0   0   0   0   0   0   0   0   0   
0   0   0   22  0   0   0   0   0   3   
0   0   0   0   0   0   0   0   0   0   
0   0   0   0   0   0   0   0   0   0   
0   0   0   3   0   0   0   0   0   0   
---------------------------------
关键边输出如下：
---------------------------------
2    A         12        0         0         
13   A         25        0.0744889 0.147428  
9    A         25        0.107421  0.168792  
10   A         28        0         0         
1    A         37        0         0         
5    A         41        0         0         
3    A         43        0         0         
17   A         44        0         0         
14   B         47        0.0251292 0.00832702
4    b         47        0.0355748 0.0199617 
11   b         47        0.0355748 0.0308958 
6    C         47        0.0355748 0.0439019 
7    C         47        0.0355748 0.0439019 
8    C         47        0.0355748 0.0439019 
12   C         47        0.0355748 0.0439019 
15   C         47        0.0355748 0.0439019 
16   C         47        0.0355748 0.0439019 
18   C         47        0.0355748 0.0439019 
---------------------------------
---------------------------------

1--4最大流值为：47
最可靠最大流分布概率为 ： 0.0355748
状态划分算法消耗的内存为：6.47266
状态划分算法运行时间(ms) ： 128.22
---------------------------------
流分布如下: 
---------------------------------
0   12  35  0   0   0   0   0   0   0   
0   0   0   0   12  0   0   0   0   0   
0   0   0   0   35  0   0   0   0   0   
0   0   0   0   0   0   0   0   0   0   
0   0   0   22  0   0   25  0   0   0   
0   0   0   0   0   0   0   0   0   0   
0   0   0   22  0   0   0   0   0   3   
0   0   0   0   0   0   0   0   0   0   
0   0   0   0   0   0   0   0   0   0   
0   0   0   3   0   0   0   0   0   0   
---------------------------------
关键边输出如下：
---------------------------------
2    A         12        0         0         
13   A         25        0.0744889 0.147428  
9    A         25        0.107421  0.168792  
10   A         28        0         0         
1    A         37        0         0         
5    A         41        0         0         
3    A         43        0         0         
17   A         44        0         0         
14   B         47        0.0251292 0.00832702
4    b         47        0.0355748 0.0199617 
11   b         47        0.0355748 0.0308958 
6    C         47        0.0355748 0.0439019 
7    C         47        0.0355748 0.0439019 
8    C         47        0.0355748 0.0439019 
12   C         47        0.0355748 0.0439019 
15   C         47        0.0355748 0.0439019 
16   C         47        0.0355748 0.0439019 
18   C         47        0.0355748 0.0439019 
---------------------------------
---------------------------------

1--4最大流值为：47
最可靠最大流分布概率为 ： 0.0355748
状态划分算法消耗的内存为：6.47656
状态划分算法运行时间(ms) ： 132.958
---------------------------------
流分布如下: 
---------------------------------
0   12  35  0   0   0   0   0   0   0   
0   0   0   0   12  0   0   0   0   0   
0   0   0   0   35  0   0   0   0   0   
0   0   0   0   0   0   0   0   0   0   
0   0   0   22  0   0   25  0   0   0   
0   0   0   0   0   0   0   0   0   0   
0   0   0   22  0   0   0   0   0   3   
0   0   0   0   0   0   0   0   0   0   
0   0   0   0   0   0   0   0   0   0   
0   0   0   3   0   0   0   0   0   0   
---------------------------------
关键边输出如下：
---------------------------------
2    A         12        0         0         
13   A         25        0.0744889 0.147428  
9    A         25        0.107421  0.168792  
10   A         28        0         0         
1    A         37        0         0         
5    A         41        0         0         
3    A         43        0         0         
17   A         44        0         0         
14   B         47        0.0251292 0.00832702
4    b         47        0.0355748 0.0199617 
11   b         47        0.0355748 0.0308958 
6    C         47        0.0355748 0.0439019 
7    C         47        0.0355748 0.0439019 
8    C         47        0.0355748 0.0439019 
12   C         47        0.0355748 0.0439019 
15   C         47        0.0355748 0.0439019 
16   C         47        0.0355748 0.0439019 
18   C         47        0.0355748 0.0439019 
---------------------------------
---------------------------------

1--4最大流值为：47
最可靠最大流分布概率为 ： 0.0355748
状态划分算法消耗的内存为：5.39453
状态划分算法运行时间(ms) ： 132.315
---------------------------------
流分布如下: 
---------------------------------
0   12  35  0   0   0   0   0   0   0   
0   0   0   0   12  0   0   0   0   0   
0   0   0   0   35  0   0   0   0   0   
0   0   0   0   0   0   0   0   0   0   
0   0   0   22  0   0   25  0   0   0   
0   0   0   0   0   0   0   0   0   0   
0   0   0   22  0   0   0   0   0   3   
0   0   0   0   0   0   0   0   0   0   
0   0   0   0   0   0   0   0   0   0   
0   0   0   3   0   0   0   0   0   0   
---------------------------------
关键边输出如下：
---------------------------------
2    A         12        0         0         
13   A         25        0.0744889 0.147428  
9    A         25        0.107421  0.168792  
10   A         28        0         0         
1    A         37        0         0         
5    A         41        0         0         
3    A         43        0         0         
17   A         44        0         0         
14   B         47        0.0251292 0.00832702
4    b         47        0.0355748 0.0199617 
11   b         47        0.0355748 0.0308958 
6    C         47        0.0355748 0.0439019 
7    C         47        0.0355748 0.0439019 
8    C         47        0.0355748 0.0439019 
12   C         47        0.0355748 0.0439019 
15   C         47        0.0355748 0.0439019 
16   C         47        0.0355748 0.0439019 
18   C         47        0.0355748 0.0439019 
---------------------------------
---------------------------------

1--4最大流值为：47
最可靠最大流分布概率为 ： 0.0355748
状态划分算法消耗的内存为：6.47656
状态划分算法运行时间(ms) ： 137.326
---------------------------------
流分布如下: 
---------------------------------
0   12  35  0   0   0   0   0   0   0   
0   0   0   0   12  0   0   0   0   0   
0   0   0   0   35  0   0   0   0   0   
0   0   0   0   0   0   0   0   0   0   
0   0   0   22  0   0   25  0   0   0   
0   0   0   0   0   0   0   0   0   0   
0   0   0   22  0   0   0   0   0   3   
0   0   0   0   0   0   0   0   0   0   
0   0   0   0   0   0   0   0   0   0   
0   0   0   3   0   0   0   0   0   0   
---------------------------------
关键边输出如下：
---------------------------------
2    A         12        0         0         
13   A         25        0.0744889 0.147428  
9    A         25        0.107421  0.168792  
10   A         28        0         0         
1    A         37        0         0         
5    A         41        0         0         
3    A         43        0         0         
17   A         44        0         0         
14   B         47        0.0251292 0.00832702
4    b         47        0.0355748 0.0199617 
11   b         47        0.0355748 0.0187726 
6    C         47        0.0355748 0.0439019 
7    C         47        0.0355748 0.0439019 
8    C         47        0.0355748 0.0439019 
12   C         47        0.0355748 0.0439019 
15   C         47        0.0355748 0.0439019 
16   C         47        0.0355748 0.0439019 
18   C         47        0.0355748 0.0439019 
---------------------------------
---------------------------------

