8--1最大流值为：63
最可靠最大流分布概率为 ： 0.0652329
状态划分算法消耗的内存为：20.8594
状态划分算法运行时间(ms) ： 30.3904
---------------------------------
流分布如下: 
---------------------------------
0   0   0   0   0   0   0   0   0   0   
22  0   0   0   0   0   0   0   0   0   
38  0   0   0   0   0   0   0   0   0   
0   0   0   0   0   0   0   0   0   0   
0   0   0   0   0   0   0   0   0   0   
3   0   0   0   0   0   0   0   0   0   
0   0   0   0   0   0   0   0   0   0   
0   22  38  0   0   0   0   0   0   3   
0   0   0   0   0   0   0   0   0   0   
0   0   0   0   0   3   0   0   0   0   
---------------------------------
关键边输出如下：
---------------------------------
5    A         25        0         0         
14   A         37        0         0         
2    A         41        0.148274  0.148274  
13   A         41        0.148274  0.163443  
17   A         60        0.185343  0.185343  
18   A         60        0.185343  0.185343  
10   B         63        0.0466866 0.0112473 
11   b         63        0.0652329 0.0297936 
1    C         63        0.0652329 0.0764802 
3    C         63        0.0652329 0.0764802 
4    C         63        0.0652329 0.0764802 
6    C         63        0.0652329 0.0764802 
7    C         63        0.0652329 0.0764802 
8    C         63        0.0652329 0.0764802 
9    C         63        0.0652329 0.0764802 
12   C         63        0.0652329 0.0764802 
15   C         63        0.0652329 0.0764802 
16   C         63        0.0652329 0.0764802 
---------------------------------
---------------------------------

8--1最大流值为：63
最可靠最大流分布概率为 ： 0.0652329
状态划分算法消耗的内存为：21.5781
状态划分算法运行时间(ms) ： 33.3304
---------------------------------
流分布如下: 
---------------------------------
0   0   0   0   0   0   0   0   0   0   
22  0   0   0   0   0   0   0   0   0   
38  0   0   0   0   0   0   0   0   0   
0   0   0   0   0   0   0   0   0   0   
0   0   0   0   0   0   0   0   0   0   
3   0   0   0   0   0   0   0   0   0   
0   0   0   0   0   0   0   0   0   0   
0   22  38  0   0   0   0   0   0   3   
0   0   0   0   0   0   0   0   0   0   
0   0   0   0   0   3   0   0   0   0   
---------------------------------
关键边输出如下：
---------------------------------
5    A         25        0         0         
14   A         37        0         0         
2    A         41        0.148274  0.148274  
13   A         41        0.148274  0.163443  
17   A         60        0.185343  0.185343  
18   A         60        0.185343  0.185343  
10   B         63        0.0466866 0.0112473 
11   b         63        0.0652329 0.0297936 
1    C         63        0.0652329 0.0764802 
3    C         63        0.0652329 0.0764802 
4    C         63        0.0652329 0.0764802 
6    C         63        0.0652329 0.0764802 
7    C         63        0.0652329 0.0764802 
8    C         63        0.0652329 0.0764802 
9    C         63        0.0652329 0.0764802 
12   C         63        0.0652329 0.0764802 
15   C         63        0.0652329 0.0764802 
16   C         63        0.0652329 0.0764802 
---------------------------------
---------------------------------

8--1最大流值为：63
最可靠最大流分布概率为 ： 0.0652329
状态划分算法消耗的内存为：6.38281
状态划分算法运行时间(ms) ： 60.6284
---------------------------------
流分布如下: 
---------------------------------
0   0   0   0   0   0   0   0   0   0   
22  0   0   0   0   0   0   0   0   0   
38  0   0   0   0   0   0   0   0   0   
0   0   0   0   0   0   0   0   0   0   
0   0   0   0   0   0   0   0   0   0   
3   0   0   0   0   0   0   0   0   0   
0   0   0   0   0   0   0   0   0   0   
0   22  38  0   0   0   0   0   0   3   
0   0   0   0   0   0   0   0   0   0   
0   0   0   0   0   3   0   0   0   0   
---------------------------------
关键边输出如下：
---------------------------------
5    A         25        0         0         
14   A         37        0         0         
2    A         41        0.148274  0.148274  
13   A         41        0.148274  0.163443  
17   A         60        0.185343  0.185343  
18   A         60        0.185343  0.185343  
10   B         63        0.0466866 0.0112473 
11   b         63        0.0652329 0.0297936 
1    C         63        0.0652329 0.0764802 
3    C         63        0.0652329 0.0764802 
4    C         63        0.0652329 0.0764802 
6    C         63        0.0652329 0.0764802 
7    C         63        0.0652329 0.0764802 
8    C         63        0.0652329 0.0764802 
9    C         63        0.0652329 0.0764802 
12   C         63        0.0652329 0.0764802 
15   C         63        0.0652329 0.0764802 
16   C         63        0.0652329 0.0764802 
---------------------------------
---------------------------------

8--1最大流值为：63
最可靠最大流分布概率为 ： 0.0652329
状态划分算法消耗的内存为：6.4375
状态划分算法运行时间(ms) ： 74.5952
---------------------------------
流分布如下: 
---------------------------------
0   0   0   0   0   0   0   0   0   0   
22  0   0   0   0   0   0   0   0   0   
38  0   0   0   0   0   0   0   0   0   
0   0   0   0   0   0   0   0   0   0   
0   0   0   0   0   0   0   0   0   0   
3   0   0   0   0   0   0   0   0   0   
0   0   0   0   0   0   0   0   0   0   
0   22  38  0   0   0   0   0   0   3   
0   0   0   0   0   0   0   0   0   0   
0   0   0   0   0   3   0   0   0   0   
---------------------------------
关键边输出如下：
---------------------------------
5    A         25        0         0         
14   A         37        0         0         
2    A         41        0.148274  0.148274  
13   A         41        0.148274  0.163443  
17   A         60        0.185343  0.185343  
18   A         60        0.185343  0.185343  
10   B         63        0.0466866 0.0112473 
11   b         63        0.0652329 0.0297936 
1    C         63        0.0652329 0.0764802 
3    C         63        0.0652329 0.0764802 
4    C         63        0.0652329 0.0764802 
6    C         63        0.0652329 0.0764802 
7    C         63        0.0652329 0.0764802 
8    C         63        0.0652329 0.0764802 
9    C         63        0.0652329 0.0764802 
12   C         63        0.0652329 0.0764802 
15   C         63        0.0652329 0.0764802 
16   C         63        0.0652329 0.0764802 
---------------------------------
---------------------------------

8--1最大流值为：63
最可靠最大流分布概率为 ： 0.0652329
状态划分算法消耗的内存为：6.39844
状态划分算法运行时间(ms) ： 73.4687
---------------------------------
流分布如下: 
---------------------------------
0   0   0   0   0   0   0   0   0   0   
22  0   0   0   0   0   0   0   0   0   
38  0   0   0   0   0   0   0   0   0   
0   0   0   0   0   0   0   0   0   0   
0   0   0   0   0   0   0   0   0   0   
3   0   0   0   0   0   0   0   0   0   
0   0   0   0   0   0   0   0   0   0   
0   22  38  0   0   0   0   0   0   3   
0   0   0   0   0   0   0   0   0   0   
0   0   0   0   0   3   0   0   0   0   
---------------------------------
关键边输出如下：
---------------------------------
5    A         25        0         0         
14   A         37        0         0         
2    A         41        0.148274  0.148274  
13   A         41        0.148274  0.163443  
17   A         60        0.185343  0.185343  
18   A         60        0.185343  0.185343  
10   B         63        0.0466866 0.0112473 
11   b         63        0.0652329 0.0297936 
1    C         63        0.0652329 0.0764802 
3    C         63        0.0652329 0.0764802 
4    C         63        0.0652329 0.0764802 
6    C         63        0.0652329 0.0764802 
7    C         63        0.0652329 0.0764802 
8    C         63        0.0652329 0.0764802 
9    C         63        0.0652329 0.0764802 
12   C         63        0.0652329 0.0764802 
15   C         63        0.0652329 0.0764802 
16   C         63        0.0652329 0.0764802 
---------------------------------
---------------------------------

8--1最大流值为：63
最可靠最大流分布概率为 ： 0.0652329
状态划分算法消耗的内存为：6.39844
状态划分算法运行时间(ms) ： 74.0097
---------------------------------
流分布如下: 
---------------------------------
0   0   0   0   0   0   0   0   0   0   
22  0   0   0   0   0   0   0   0   0   
38  0   0   0   0   0   0   0   0   0   
0   0   0   0   0   0   0   0   0   0   
0   0   0   0   0   0   0   0   0   0   
3   0   0   0   0   0   0   0   0   0   
0   0   0   0   0   0   0   0   0   0   
0   22  38  0   0   0   0   0   0   3   
0   0   0   0   0   0   0   0   0   0   
0   0   0   0   0   3   0   0   0   0   
---------------------------------
关键边输出如下：
---------------------------------
5    A         25        0         0         
14   A         37        0         0         
2    A         41        0.148274  0.148274  
13   A         41        0.148274  0.163443  
17   A         60        0.185343  0.185343  
18   A         60        0.185343  0.185343  
10   B         63        0.0466866 0.0112473 
11   b         63        0.0652329 0.0297936 
1    C         63        0.0652329 0.0764802 
3    C         63        0.0652329 0.0764802 
4    C         63        0.0652329 0.0764802 
6    C         63        0.0652329 0.0764802 
7    C         63        0.0652329 0.0764802 
8    C         63        0.0652329 0.0764802 
9    C         63        0.0652329 0.0764802 
12   C         63        0.0652329 0.0764802 
15   C         63        0.0652329 0.0764802 
16   C         63        0.0652329 0.0764802 
---------------------------------
---------------------------------

8--1最大流值为：63
最可靠最大流分布概率为 ： 0.0652329
状态划分算法消耗的内存为：6.47266
状态划分算法运行时间(ms) ： 78.8392
---------------------------------
流分布如下: 
---------------------------------
0   0   0   0   0   0   0   0   0   0   
22  0   0   0   0   0   0   0   0   0   
38  0   0   0   0   0   0   0   0   0   
0   0   0   0   0   0   0   0   0   0   
0   0   0   0   0   0   0   0   0   0   
3   0   0   0   0   0   0   0   0   0   
0   0   0   0   0   0   0   0   0   0   
0   22  38  0   0   0   0   0   0   3   
0   0   0   0   0   0   0   0   0   0   
0   0   0   0   0   3   0   0   0   0   
---------------------------------
关键边输出如下：
---------------------------------
5    A         25        0         0         
14   A         37        0         0         
2    A         41        0.148274  0.148274  
13   A         41        0.148274  0.163443  
17   A         60        0.185343  0.185343  
18   A         60        0.185343  0.185343  
10   B         63        0.0466866 0.0112473 
11   b         63        0.0652329 0.0297936 
1    C         63        0.0652329 0.0764802 
3    C         63        0.0652329 0.0764802 
4    C         63        0.0652329 0.0764802 
6    C         63        0.0652329 0.0764802 
7    C         63        0.0652329 0.0764802 
8    C         63        0.0652329 0.0764802 
9    C         63        0.0652329 0.0764802 
12   C         63        0.0652329 0.0764802 
15   C         63        0.0652329 0.0764802 
16   C         63        0.0652329 0.0764802 
---------------------------------
---------------------------------

8--1最大流值为：63
最可靠最大流分布概率为 ： 0.0652329
状态划分算法消耗的内存为：6.46875
状态划分算法运行时间(ms) ： 75.62
---------------------------------
流分布如下: 
---------------------------------
0   0   0   0   0   0   0   0   0   0   
22  0   0   0   0   0   0   0   0   0   
38  0   0   0   0   0   0   0   0   0   
0   0   0   0   0   0   0   0   0   0   
0   0   0   0   0   0   0   0   0   0   
3   0   0   0   0   0   0   0   0   0   
0   0   0   0   0   0   0   0   0   0   
0   22  38  0   0   0   0   0   0   3   
0   0   0   0   0   0   0   0   0   0   
0   0   0   0   0   3   0   0   0   0   
---------------------------------
关键边输出如下：
---------------------------------
5    A         25        0         0         
14   A         37        0         0         
2    A         41        0.148274  0.148274  
13   A         41        0.148274  0.163443  
17   A         60        0.185343  0.185343  
18   A         60        0.185343  0.185343  
10   B         63        0.0466866 0.0112473 
11   b         63        0.0652329 0.0297936 
1    C         63        0.0652329 0.0764802 
3    C         63        0.0652329 0.0764802 
4    C         63        0.0652329 0.0764802 
6    C         63        0.0652329 0.0764802 
7    C         63        0.0652329 0.0764802 
8    C         63        0.0652329 0.0764802 
9    C         63        0.0652329 0.0764802 
12   C         63        0.0652329 0.0764802 
15   C         63        0.0652329 0.0764802 
16   C         63        0.0652329 0.0764802 
---------------------------------
---------------------------------

8--1最大流值为：63
最可靠最大流分布概率为 ： 0.0652329
状态划分算法消耗的内存为：5.40234
状态划分算法运行时间(ms) ： 76.4241
---------------------------------
流分布如下: 
---------------------------------
0   0   0   0   0   0   0   0   0   0   
22  0   0   0   0   0   0   0   0   0   
38  0   0   0   0   0   0   0   0   0   
0   0   0   0   0   0   0   0   0   0   
0   0   0   0   0   0   0   0   0   0   
3   0   0   0   0   0   0   0   0   0   
0   0   0   0   0   0   0   0   0   0   
0   22  38  0   0   0   0   0   0   3   
0   0   0   0   0   0   0   0   0   0   
0   0   0   0   0   3   0   0   0   0   
---------------------------------
关键边输出如下：
---------------------------------
5    A         25        0         0         
14   A         37        0         0         
2    A         41        0.148274  0.148274  
13   A         41        0.148274  0.163443  
17   A         60        0.185343  0.185343  
18   A         60        0.185343  0.185343  
10   B         63        0.0466866 0.0112473 
11   b         63        0.0652329 0.0297936 
1    C         63        0.0652329 0.0764802 
3    C         63        0.0652329 0.0764802 
4    C         63        0.0652329 0.0764802 
6    C         63        0.0652329 0.0764802 
7    C         63        0.0652329 0.0764802 
8    C         63        0.0652329 0.0764802 
9    C         63        0.0652329 0.0764802 
12   C         63        0.0652329 0.0764802 
15   C         63        0.0652329 0.0764802 
16   C         63        0.0652329 0.0764802 
---------------------------------
---------------------------------

8--1最大流值为：63
最可靠最大流分布概率为 ： 0.0652329
状态划分算法消耗的内存为：6.46875
状态划分算法运行时间(ms) ： 78.2488
---------------------------------
流分布如下: 
---------------------------------
0   0   0   0   0   0   0   0   0   0   
22  0   0   0   0   0   0   0   0   0   
38  0   0   0   0   0   0   0   0   0   
0   0   0   0   0   0   0   0   0   0   
0   0   0   0   0   0   0   0   0   0   
3   0   0   0   0   0   0   0   0   0   
0   0   0   0   0   0   0   0   0   0   
0   22  38  0   0   0   0   0   0   3   
0   0   0   0   0   0   0   0   0   0   
0   0   0   0   0   3   0   0   0   0   
---------------------------------
关键边输出如下：
---------------------------------
5    A         25        0         0         
14   A         37        0         0         
2    A         41        0.148274  0.148274  
13   A         41        0.148274  0.163443  
17   A         60        0.185343  0.185343  
18   A         60        0.185343  0.185343  
10   B         63        0.0466866 0.0112473 
11   b         63        0.0652329 0.0297936 
1    C         63        0.0652329 0.0764802 
3    C         63        0.0652329 0.0764802 
4    C         63        0.0652329 0.0764802 
6    C         63        0.0652329 0.0764802 
7    C         63        0.0652329 0.0764802 
8    C         63        0.0652329 0.0764802 
9    C         63        0.0652329 0.0764802 
12   C         63        0.0652329 0.0764802 
15   C         63        0.0652329 0.0764802 
16   C         63        0.0652329 0.0764802 
---------------------------------
---------------------------------

8--1最大流值为：63
最可靠最大流分布概率为 ： 0.0652329
状态划分算法消耗的内存为：6.46484
状态划分算法运行时间(ms) ： 84.0863
---------------------------------
流分布如下: 
---------------------------------
0   0   0   0   0   0   0   0   0   0   
22  0   0   0   0   0   0   0   0   0   
38  0   0   0   0   0   0   0   0   0   
0   0   0   0   0   0   0   0   0   0   
0   0   0   0   0   0   0   0   0   0   
3   0   0   0   0   0   0   0   0   0   
0   0   0   0   0   0   0   0   0   0   
0   22  38  0   0   0   0   0   0   3   
0   0   0   0   0   0   0   0   0   0   
0   0   0   0   0   3   0   0   0   0   
---------------------------------
关键边输出如下：
---------------------------------
5    A         25        0         0         
14   A         37        0         0         
2    A         41        0.148274  0.148274  
13   A         41        0.148274  0.163443  
17   A         60        0.185343  0.185343  
18   A         60        0.185343  0.185343  
10   B         63        0.0466866 0.0112473 
11   b         63        0.0652329 0.0297936 
1    C         63        0.0652329 0.0764802 
3    C         63        0.0652329 0.0764802 
4    C         63        0.0652329 0.0764802 
6    C         63        0.0652329 0.0764802 
7    C         63        0.0652329 0.0764802 
8    C         63        0.0652329 0.0764802 
9    C         63        0.0652329 0.0764802 
12   C         63        0.0652329 0.0764802 
15   C         63        0.0652329 0.0764802 
16   C         63        0.0652329 0.0764802 
---------------------------------
---------------------------------

8--1最大流值为：63
最可靠最大流分布概率为 ： 0.0652329
状态划分算法消耗的内存为：6.47266
状态划分算法运行时间(ms) ： 74.6284
---------------------------------
流分布如下: 
---------------------------------
0   0   0   0   0   0   0   0   0   0   
22  0   0   0   0   0   0   0   0   0   
38  0   0   0   0   0   0   0   0   0   
0   0   0   0   0   0   0   0   0   0   
0   0   0   0   0   0   0   0   0   0   
3   0   0   0   0   0   0   0   0   0   
0   0   0   0   0   0   0   0   0   0   
0   22  38  0   0   0   0   0   0   3   
0   0   0   0   0   0   0   0   0   0   
0   0   0   0   0   3   0   0   0   0   
---------------------------------
关键边输出如下：
---------------------------------
5    A         25        0         0         
14   A         37        0         0         
2    A         41        0.148274  0.148274  
13   A         41        0.148274  0.163443  
17   A         60        0.185343  0.185343  
18   A         60        0.185343  0.185343  
10   B         63        0.0466866 0.0112473 
11   b         63        0.0652329 0.0297936 
1    C         63        0.0652329 0.0764802 
3    C         63        0.0652329 0.0764802 
4    C         63        0.0652329 0.0764802 
6    C         63        0.0652329 0.0764802 
7    C         63        0.0652329 0.0764802 
8    C         63        0.0652329 0.0764802 
9    C         63        0.0652329 0.0764802 
12   C         63        0.0652329 0.0764802 
15   C         63        0.0652329 0.0764802 
16   C         63        0.0652329 0.0764802 
---------------------------------
---------------------------------

8--1最大流值为：63
最可靠最大流分布概率为 ： 0.0652329
状态划分算法消耗的内存为：5.44922
状态划分算法运行时间(ms) ： 87.2204
---------------------------------
流分布如下: 
---------------------------------
0   0   0   0   0   0   0   0   0   0   
22  0   0   0   0   0   0   0   0   0   
38  0   0   0   0   0   0   0   0   0   
0   0   0   0   0   0   0   0   0   0   
0   0   0   0   0   0   0   0   0   0   
3   0   0   0   0   0   0   0   0   0   
0   0   0   0   0   0   0   0   0   0   
0   22  38  0   0   0   0   0   0   3   
0   0   0   0   0   0   0   0   0   0   
0   0   0   0   0   3   0   0   0   0   
---------------------------------
关键边输出如下：
---------------------------------
5    A         25        0         0         
14   A         37        0         0         
2    A         41        0.148274  0.148274  
13   A         41        0.148274  0.163443  
17   A         60        0.185343  0.185343  
18   A         60        0.185343  0.185343  
10   B         63        0.0466866 0.0112473 
11   b         63        0.0652329 0.0297936 
1    C         63        0.0652329 0.0764802 
3    C         63        0.0652329 0.0764802 
4    C         63        0.0652329 0.0764802 
6    C         63        0.0652329 0.0764802 
7    C         63        0.0652329 0.0764802 
8    C         63        0.0652329 0.0764802 
9    C         63        0.0652329 0.0764802 
12   C         63        0.0652329 0.0764802 
15   C         63        0.0652329 0.0764802 
16   C         63        0.0652329 0.0764802 
---------------------------------
---------------------------------

