1--3最大流值为：30
最可靠最大流分布概率为 ： 0.012557
状态划分算法消耗的内存为：20.8945
状态划分算法运行时间(ms) ： 44.2857
---------------------------------
流分布如下: 
---------------------------------
0   0   0   12  0   0   0   0   12  6   
0   0   0   0   0   0   0   0   0   0   
0   0   0   0   0   0   0   0   0   0   
0   0   14  0   1   0   0   0   0   0   
0   0   1   0   0   0   0   0   0   0   
0   0   0   0   0   0   0   0   0   0   
0   0   0   3   0   0   0   0   0   0   
0   0   0   0   0   0   3   0   0   0   
0   0   12  0   0   0   0   0   0   0   
0   0   3   0   0   0   0   3   0   0   
---------------------------------
关键边输出如下：
---------------------------------
15   A         18        0.022859  0.022859  
1    A         18        0.0357915 0.0480398 
2    A         18        0.0649019 0.104826  
3    A         24        0         0         
17   A         27        0.0164463 0.0164463 
11   A         27        0.139823  0.187672  
13   A         27        0.139823  0.187672  
18   A         27        0.139823  0.187672  
4    A         29        0.0242616 0.0242616 
7    A         29        0.034203  0.034203  
5    A         29        0.034203  0.034203  
6    C         30        0.012557  0.012557  
8    C         30        0.012557  0.012557  
9    C         30        0.012557  0.012557  
10   C         30        0.012557  0.012557  
12   C         30        0.012557  0.012557  
14   C         30        0.012557  0.012557  
16   C         30        0.012557  0.012557  
---------------------------------
---------------------------------

1--3最大流值为：30
最可靠最大流分布概率为 ： 0.012557
状态划分算法消耗的内存为：21.582
状态划分算法运行时间(ms) ： 44.1487
---------------------------------
流分布如下: 
---------------------------------
0   0   0   12  0   0   0   0   12  6   
0   0   0   0   0   0   0   0   0   0   
0   0   0   0   0   0   0   0   0   0   
0   0   14  0   1   0   0   0   0   0   
0   0   1   0   0   0   0   0   0   0   
0   0   0   0   0   0   0   0   0   0   
0   0   0   3   0   0   0   0   0   0   
0   0   0   0   0   0   3   0   0   0   
0   0   12  0   0   0   0   0   0   0   
0   0   3   0   0   0   0   3   0   0   
---------------------------------
关键边输出如下：
---------------------------------
15   A         18        0.022859  0.022859  
1    A         18        0.0357915 0.0480398 
2    A         18        0.0649019 0.104826  
3    A         24        0         0         
17   A         27        0.0164463 0.0164463 
11   A         27        0.139823  0.187672  
13   A         27        0.139823  0.187672  
18   A         27        0.139823  0.187672  
4    A         29        0.0242616 0.0242616 
7    A         29        0.034203  0.034203  
5    A         29        0.034203  0.034203  
6    C         30        0.012557  0.012557  
8    C         30        0.012557  0.012557  
9    C         30        0.012557  0.012557  
10   C         30        0.012557  0.012557  
12   C         30        0.012557  0.012557  
14   C         30        0.012557  0.012557  
16   C         30        0.012557  0.012557  
---------------------------------
---------------------------------

1--3最大流值为：30
最可靠最大流分布概率为 ： 0.012557
状态划分算法消耗的内存为：6.39063
状态划分算法运行时间(ms) ： 78.5522
---------------------------------
流分布如下: 
---------------------------------
0   0   0   12  0   0   0   0   12  6   
0   0   0   0   0   0   0   0   0   0   
0   0   0   0   0   0   0   0   0   0   
0   0   14  0   1   0   0   0   0   0   
0   0   1   0   0   0   0   0   0   0   
0   0   0   0   0   0   0   0   0   0   
0   0   0   3   0   0   0   0   0   0   
0   0   0   0   0   0   3   0   0   0   
0   0   12  0   0   0   0   0   0   0   
0   0   3   0   0   0   0   3   0   0   
---------------------------------
关键边输出如下：
---------------------------------
15   A         18        0.022859  0.022859  
1    A         18        0.0357915 0.0480398 
2    A         18        0.0649019 0.104826  
3    A         24        0         0         
17   A         27        0.0164463 0.0164463 
11   A         27        0.139823  0.187672  
13   A         27        0.139823  0.187672  
18   A         27        0.139823  0.187672  
4    A         29        0.0242616 0.0242616 
7    A         29        0.034203  0.034203  
5    A         29        0.034203  0.034203  
6    C         30        0.012557  0.012557  
8    C         30        0.012557  0.012557  
9    C         30        0.012557  0.012557  
10   C         30        0.012557  0.012557  
12   C         30        0.012557  0.012557  
14   C         30        0.012557  0.012557  
16   C         30        0.012557  0.012557  
---------------------------------
---------------------------------

1--3最大流值为：30
最可靠最大流分布概率为 ： 0.012557
状态划分算法消耗的内存为：6.43359
状态划分算法运行时间(ms) ： 88.5678
---------------------------------
流分布如下: 
---------------------------------
0   0   0   12  0   0   0   0   12  6   
0   0   0   0   0   0   0   0   0   0   
0   0   0   0   0   0   0   0   0   0   
0   0   14  0   1   0   0   0   0   0   
0   0   1   0   0   0   0   0   0   0   
0   0   0   0   0   0   0   0   0   0   
0   0   0   3   0   0   0   0   0   0   
0   0   0   0   0   0   3   0   0   0   
0   0   12  0   0   0   0   0   0   0   
0   0   3   0   0   0   0   3   0   0   
---------------------------------
关键边输出如下：
---------------------------------
15   A         18        0.022859  0.022859  
1    A         18        0.0357915 0.0480398 
2    A         18        0.0649019 0.104826  
3    A         24        0         0         
17   A         27        0.0164463 0.0164463 
11   A         27        0.139823  0.187672  
13   A         27        0.139823  0.187672  
18   A         27        0.139823  0.187672  
4    A         29        0.0242616 0.0242616 
7    A         29        0.034203  0.034203  
5    A         29        0.034203  0.034203  
6    C         30        0.012557  0.012557  
8    C         30        0.012557  0.012557  
9    C         30        0.012557  0.012557  
10   C         30        0.012557  0.012557  
12   C         30        0.012557  0.012557  
14   C         30        0.012557  0.012557  
16   C         30        0.012557  0.012557  
---------------------------------
---------------------------------

1--3最大流值为：30
最可靠最大流分布概率为 ： 0.012557
状态划分算法消耗的内存为：6.39453
状态划分算法运行时间(ms) ： 92.5933
---------------------------------
流分布如下: 
---------------------------------
0   0   0   12  0   0   0   0   12  6   
0   0   0   0   0   0   0   0   0   0   
0   0   0   0   0   0   0   0   0   0   
0   0   14  0   1   0   0   0   0   0   
0   0   1   0   0   0   0   0   0   0   
0   0   0   0   0   0   0   0   0   0   
0   0   0   3   0   0   0   0   0   0   
0   0   0   0   0   0   3   0   0   0   
0   0   12  0   0   0   0   0   0   0   
0   0   3   0   0   0   0   3   0   0   
---------------------------------
关键边输出如下：
---------------------------------
15   A         18        0.022859  0.022859  
1    A         18        0.0357915 0.0480398 
2    A         18        0.0649019 0.104826  
3    A         24        0         0         
17   A         27        0.0164463 0.0164463 
11   A         27        0.139823  0.187672  
13   A         27        0.139823  0.187672  
18   A         27        0.139823  0.187672  
4    A         29        0.0242616 0.0242616 
7    A         29        0.034203  0.034203  
5    A         29        0.034203  0.034203  
6    C         30        0.012557  0.012557  
8    C         30        0.012557  0.012557  
9    C         30        0.012557  0.012557  
10   C         30        0.012557  0.012557  
12   C         30        0.012557  0.012557  
14   C         30        0.012557  0.012557  
16   C         30        0.012557  0.012557  
---------------------------------
---------------------------------

1--3最大流值为：30
最可靠最大流分布概率为 ： 0.012557
状态划分算法消耗的内存为：6.42188
状态划分算法运行时间(ms) ： 89.1987
---------------------------------
流分布如下: 
---------------------------------
0   0   0   12  0   0   0   0   12  6   
0   0   0   0   0   0   0   0   0   0   
0   0   0   0   0   0   0   0   0   0   
0   0   14  0   1   0   0   0   0   0   
0   0   1   0   0   0   0   0   0   0   
0   0   0   0   0   0   0   0   0   0   
0   0   0   3   0   0   0   0   0   0   
0   0   0   0   0   0   3   0   0   0   
0   0   12  0   0   0   0   0   0   0   
0   0   3   0   0   0   0   3   0   0   
---------------------------------
关键边输出如下：
---------------------------------
15   A         18        0.022859  0.022859  
1    A         18        0.0357915 0.0480398 
2    A         18        0.0649019 0.104826  
3    A         24        0         0         
17   A         27        0.0164463 0.0164463 
11   A         27        0.139823  0.187672  
13   A         27        0.139823  0.187672  
18   A         27        0.139823  0.187672  
4    A         29        0.0242616 0.0242616 
7    A         29        0.034203  0.034203  
5    A         29        0.034203  0.034203  
6    C         30        0.012557  0.012557  
8    C         30        0.012557  0.012557  
9    C         30        0.012557  0.012557  
10   C         30        0.012557  0.012557  
12   C         30        0.012557  0.012557  
14   C         30        0.012557  0.012557  
16   C         30        0.012557  0.012557  
---------------------------------
---------------------------------

1--3最大流值为：30
最可靠最大流分布概率为 ： 0.012557
状态划分算法消耗的内存为：6.4375
状态划分算法运行时间(ms) ： 90.7173
---------------------------------
流分布如下: 
---------------------------------
0   0   0   12  0   0   0   0   12  6   
0   0   0   0   0   0   0   0   0   0   
0   0   0   0   0   0   0   0   0   0   
0   0   14  0   1   0   0   0   0   0   
0   0   1   0   0   0   0   0   0   0   
0   0   0   0   0   0   0   0   0   0   
0   0   0   3   0   0   0   0   0   0   
0   0   0   0   0   0   3   0   0   0   
0   0   12  0   0   0   0   0   0   0   
0   0   3   0   0   0   0   3   0   0   
---------------------------------
关键边输出如下：
---------------------------------
15   A         18        0.022859  0.022859  
1    A         18        0.0357915 0.0480398 
2    A         18        0.0649019 0.104826  
3    A         24        0         0         
17   A         27        0.0164463 0.0164463 
11   A         27        0.139823  0.187672  
13   A         27        0.139823  0.187672  
18   A         27        0.139823  0.187672  
4    A         29        0.0242616 0.0242616 
7    A         29        0.034203  0.034203  
5    A         29        0.034203  0.034203  
6    C         30        0.012557  0.012557  
8    C         30        0.012557  0.012557  
9    C         30        0.012557  0.012557  
10   C         30        0.012557  0.012557  
12   C         30        0.012557  0.012557  
14   C         30        0.012557  0.012557  
16   C         30        0.012557  0.012557  
---------------------------------
---------------------------------

1--3最大流值为：30
最可靠最大流分布概率为 ： 0.012557
状态划分算法消耗的内存为：6.46094
状态划分算法运行时间(ms) ： 93.5864
---------------------------------
流分布如下: 
---------------------------------
0   0   0   12  0   0   0   0   12  6   
0   0   0   0   0   0   0   0   0   0   
0   0   0   0   0   0   0   0   0   0   
0   0   14  0   1   0   0   0   0   0   
0   0   1   0   0   0   0   0   0   0   
0   0   0   0   0   0   0   0   0   0   
0   0   0   3   0   0   0   0   0   0   
0   0   0   0   0   0   3   0   0   0   
0   0   12  0   0   0   0   0   0   0   
0   0   3   0   0   0   0   3   0   0   
---------------------------------
关键边输出如下：
---------------------------------
15   A         18        0.022859  0.022859  
1    A         18        0.0357915 0.0480398 
2    A         18        0.0649019 0.104826  
3    A         24        0         0         
17   A         27        0.0164463 0.0164463 
11   A         27        0.139823  0.187672  
13   A         27        0.139823  0.187672  
18   A         27        0.139823  0.187672  
4    A         29        0.0242616 0.0242616 
7    A         29        0.034203  0.034203  
5    A         29        0.034203  0.034203  
6    C         30        0.012557  0.012557  
8    C         30        0.012557  0.012557  
9    C         30        0.012557  0.012557  
10   C         30        0.012557  0.012557  
12   C         30        0.012557  0.012557  
14   C         30        0.012557  0.012557  
16   C         30        0.012557  0.012557  
---------------------------------
---------------------------------

1--3最大流值为：30
最可靠最大流分布概率为 ： 0.012557
状态划分算法消耗的内存为：6.46484
状态划分算法运行时间(ms) ： 88.857
---------------------------------
流分布如下: 
---------------------------------
0   0   0   12  0   0   0   0   12  6   
0   0   0   0   0   0   0   0   0   0   
0   0   0   0   0   0   0   0   0   0   
0   0   14  0   1   0   0   0   0   0   
0   0   1   0   0   0   0   0   0   0   
0   0   0   0   0   0   0   0   0   0   
0   0   0   3   0   0   0   0   0   0   
0   0   0   0   0   0   3   0   0   0   
0   0   12  0   0   0   0   0   0   0   
0   0   3   0   0   0   0   3   0   0   
---------------------------------
关键边输出如下：
---------------------------------
15   A         18        0.022859  0.022859  
1    A         18        0.0357915 0.0480398 
2    A         18        0.0649019 0.104826  
3    A         24        0         0         
17   A         27        0.0164463 0.0164463 
11   A         27        0.139823  0.187672  
13   A         27        0.139823  0.187672  
18   A         27        0.139823  0.187672  
4    A         29        0.0242616 0.0242616 
7    A         29        0.034203  0.034203  
5    A         29        0.034203  0.034203  
6    C         30        0.012557  0.012557  
8    C         30        0.012557  0.012557  
9    C         30        0.012557  0.012557  
10   C         30        0.012557  0.012557  
12   C         30        0.012557  0.012557  
14   C         30        0.012557  0.012557  
16   C         30        0.012557  0.012557  
---------------------------------
---------------------------------

1--3最大流值为：30
最可靠最大流分布概率为 ： 0.012557
状态划分算法消耗的内存为：6.48438
状态划分算法运行时间(ms) ： 92.3814
---------------------------------
流分布如下: 
---------------------------------
0   0   0   12  0   0   0   0   12  6   
0   0   0   0   0   0   0   0   0   0   
0   0   0   0   0   0   0   0   0   0   
0   0   14  0   1   0   0   0   0   0   
0   0   1   0   0   0   0   0   0   0   
0   0   0   0   0   0   0   0   0   0   
0   0   0   3   0   0   0   0   0   0   
0   0   0   0   0   0   3   0   0   0   
0   0   12  0   0   0   0   0   0   0   
0   0   3   0   0   0   0   3   0   0   
---------------------------------
关键边输出如下：
---------------------------------
15   A         18        0.022859  0.022859  
1    A         18        0.0357915 0.0480398 
2    A         18        0.0649019 0.104826  
3    A         24        0         0         
17   A         27        0.0164463 0.0164463 
11   A         27        0.139823  0.187672  
13   A         27        0.139823  0.187672  
18   A         27        0.139823  0.187672  
4    A         29        0.0242616 0.0242616 
7    A         29        0.034203  0.034203  
5    A         29        0.034203  0.034203  
6    C         30        0.012557  0.012557  
8    C         30        0.012557  0.012557  
9    C         30        0.012557  0.012557  
10   C         30        0.012557  0.012557  
12   C         30        0.012557  0.012557  
14   C         30        0.012557  0.012557  
16   C         30        0.012557  0.012557  
---------------------------------
---------------------------------

1--3最大流值为：30
最可靠最大流分布概率为 ： 0.012557
状态划分算法消耗的内存为：6.43359
状态划分算法运行时间(ms) ： 91.9346
---------------------------------
流分布如下: 
---------------------------------
0   0   0   12  0   0   0   0   12  6   
0   0   0   0   0   0   0   0   0   0   
0   0   0   0   0   0   0   0   0   0   
0   0   14  0   1   0   0   0   0   0   
0   0   1   0   0   0   0   0   0   0   
0   0   0   0   0   0   0   0   0   0   
0   0   0   3   0   0   0   0   0   0   
0   0   0   0   0   0   3   0   0   0   
0   0   12  0   0   0   0   0   0   0   
0   0   3   0   0   0   0   3   0   0   
---------------------------------
关键边输出如下：
---------------------------------
15   A         18        0.022859  0.022859  
1    A         18        0.0357915 0.0480398 
2    A         18        0.0649019 0.104826  
3    A         24        0         0         
17   A         27        0.0164463 0.0164463 
11   A         27        0.139823  0.187672  
13   A         27        0.139823  0.187672  
18   A         27        0.139823  0.187672  
4    A         29        0.0242616 0.0242616 
7    A         29        0.034203  0.034203  
5    A         29        0.034203  0.034203  
6    C         30        0.012557  0.012557  
8    C         30        0.012557  0.012557  
9    C         30        0.012557  0.012557  
10   C         30        0.012557  0.012557  
12   C         30        0.012557  0.012557  
14   C         30        0.012557  0.012557  
16   C         30        0.012557  0.012557  
---------------------------------
---------------------------------

1--3最大流值为：30
最可靠最大流分布概率为 ： 0.012557
状态划分算法消耗的内存为：6.44141
状态划分算法运行时间(ms) ： 93.647
---------------------------------
流分布如下: 
---------------------------------
0   0   0   12  0   0   0   0   12  6   
0   0   0   0   0   0   0   0   0   0   
0   0   0   0   0   0   0   0   0   0   
0   0   14  0   1   0   0   0   0   0   
0   0   1   0   0   0   0   0   0   0   
0   0   0   0   0   0   0   0   0   0   
0   0   0   3   0   0   0   0   0   0   
0   0   0   0   0   0   3   0   0   0   
0   0   12  0   0   0   0   0   0   0   
0   0   3   0   0   0   0   3   0   0   
---------------------------------
关键边输出如下：
---------------------------------
15   A         18        0.022859  0.022859  
1    A         18        0.0357915 0.0480398 
2    A         18        0.0649019 0.104826  
3    A         24        0         0         
17   A         27        0.0164463 0.0164463 
11   A         27        0.139823  0.187672  
13   A         27        0.139823  0.187672  
18   A         27        0.139823  0.187672  
4    A         29        0.0242616 0.0242616 
7    A         29        0.034203  0.034203  
5    A         29        0.034203  0.034203  
6    C         30        0.012557  0.012557  
8    C         30        0.012557  0.012557  
9    C         30        0.012557  0.012557  
10   C         30        0.012557  0.012557  
12   C         30        0.012557  0.012557  
14   C         30        0.012557  0.012557  
16   C         30        0.012557  0.012557  
---------------------------------
---------------------------------

1--3最大流值为：30
最可靠最大流分布概率为 ： 0.012557
状态划分算法消耗的内存为：6.46875
状态划分算法运行时间(ms) ： 89.3575
---------------------------------
流分布如下: 
---------------------------------
0   0   0   12  0   0   0   0   12  6   
0   0   0   0   0   0   0   0   0   0   
0   0   0   0   0   0   0   0   0   0   
0   0   14  0   1   0   0   0   0   0   
0   0   1   0   0   0   0   0   0   0   
0   0   0   0   0   0   0   0   0   0   
0   0   0   3   0   0   0   0   0   0   
0   0   0   0   0   0   3   0   0   0   
0   0   12  0   0   0   0   0   0   0   
0   0   3   0   0   0   0   3   0   0   
---------------------------------
关键边输出如下：
---------------------------------
15   A         18        0.022859  0.022859  
1    A         18        0.0357915 0.0480398 
2    A         18        0.0649019 0.104826  
3    A         24        0         0         
17   A         27        0.0164463 0.0164463 
11   A         27        0.139823  0.187672  
13   A         27        0.139823  0.187672  
18   A         27        0.139823  0.187672  
4    A         29        0.0242616 0.0242616 
7    A         29        0.034203  0.034203  
5    A         29        0.034203  0.034203  
6    C         30        0.012557  0.012557  
8    C         30        0.012557  0.012557  
9    C         30        0.012557  0.012557  
10   C         30        0.012557  0.012557  
12   C         30        0.012557  0.012557  
14   C         30        0.012557  0.012557  
16   C         30        0.012557  0.012557  
---------------------------------
---------------------------------

1--3最大流值为：30
最可靠最大流分布概率为 ： 0.012557
状态划分算法消耗的内存为：6.46875
状态划分算法运行时间(ms) ： 86.4959
---------------------------------
流分布如下: 
---------------------------------
0   0   0   12  0   0   0   0   12  6   
0   0   0   0   0   0   0   0   0   0   
0   0   0   0   0   0   0   0   0   0   
0   0   14  0   1   0   0   0   0   0   
0   0   1   0   0   0   0   0   0   0   
0   0   0   0   0   0   0   0   0   0   
0   0   0   3   0   0   0   0   0   0   
0   0   0   0   0   0   3   0   0   0   
0   0   12  0   0   0   0   0   0   0   
0   0   3   0   0   0   0   3   0   0   
---------------------------------
关键边输出如下：
---------------------------------
15   A         18        0.022859  0.022859  
1    A         18        0.0357915 0.0480398 
2    A         18        0.0649019 0.104826  
3    A         24        0         0         
17   A         27        0.0164463 0.0164463 
11   A         27        0.139823  0.187672  
13   A         27        0.139823  0.187672  
18   A         27        0.139823  0.187672  
4    A         29        0.0242616 0.0242616 
7    A         29        0.034203  0.034203  
5    A         29        0.034203  0.034203  
6    C         30        0.012557  0.012557  
8    C         30        0.012557  0.012557  
9    C         30        0.012557  0.012557  
10   C         30        0.012557  0.012557  
12   C         30        0.012557  0.012557  
14   C         30        0.012557  0.012557  
16   C         30        0.012557  0.012557  
---------------------------------
---------------------------------

