3--4最大流值为：55
最可靠最大流分布概率为 ： 0.0597624
状态划分算法消耗的内存为：20.9102
状态划分算法运行时间(ms) ： 130.802
---------------------------------
流分布如下: 
---------------------------------
0   0   0   0   0   0   0   0   0   0   
0   0   0   0   0   0   0   0   0   0   
0   0   0   38  0   3   14  0   0   0   
0   0   0   0   0   0   0   0   0   0   
0   0   0   0   0   0   0   0   0   0   
0   0   0   0   0   0   0   0   0   3   
0   0   0   17  0   0   0   0   0   0   
0   0   0   0   0   0   0   0   0   0   
0   0   0   0   0   0   0   0   0   0   
0   0   0   0   0   0   3   0   0   0   
---------------------------------
关键边输出如下：
---------------------------------
5    A         17        0         0         
12   A         38        0         0         
7    A         41        0         0         
18   A         52        0         0         
6    B         55        0.0475751 0.015697  
11   B         55        0.0475751 0.0374258 
1    b         55        0.0597624 0.00412358
2    b         55        0.0597624 0.0429601 
3    b         55        0.0597624 0.0856124 
4    b         55        0.0597624 0.107975  
8    b         55        0.0597624 0.137394  
9    b         55        0.0597624 0.182478  
14   b         55        0.0597624 0.20393   
15   b         55        0.0597624 0.210455  
16   b         55        0.0597624 0.247562  
10   C         55        0.0597624 0.0929866 
13   C         55        0.0597624 0.0929866 
17   C         55        0.0597624 0.0929866 
---------------------------------
---------------------------------

3--4最大流值为：55
最可靠最大流分布概率为 ： 0.0597624
状态划分算法消耗的内存为：21.6172
状态划分算法运行时间(ms) ： 128.809
---------------------------------
流分布如下: 
---------------------------------
0   0   0   0   0   0   0   0   0   0   
0   0   0   0   0   0   0   0   0   0   
0   0   0   38  0   3   14  0   0   0   
0   0   0   0   0   0   0   0   0   0   
0   0   0   0   0   0   0   0   0   0   
0   0   0   0   0   0   0   0   0   3   
0   0   0   17  0   0   0   0   0   0   
0   0   0   0   0   0   0   0   0   0   
0   0   0   0   0   0   0   0   0   0   
0   0   0   0   0   0   3   0   0   0   
---------------------------------
关键边输出如下：
---------------------------------
5    A         17        0         0         
12   A         38        0         0         
7    A         41        0         0         
18   A         52        0         0         
6    B         55        0.0475751 0.015697  
11   B         55        0.0475751 0.0374258 
1    b         55        0.0597624 0.00412358
2    b         55        0.0597624 0.0429601 
3    b         55        0.0597624 0.0856124 
4    b         55        0.0597624 0.107975  
8    b         55        0.0597624 0.137394  
9    b         55        0.0597624 0.182478  
14   b         55        0.0597624 0.20393   
15   b         55        0.0597624 0.210455  
16   b         55        0.0597624 0.247562  
10   C         55        0.0597624 0.0929866 
13   C         55        0.0597624 0.0929866 
17   C         55        0.0597624 0.0929866 
---------------------------------
---------------------------------

3--4最大流值为：55
最可靠最大流分布概率为 ： 0.0597624
状态划分算法消耗的内存为：6.44531
状态划分算法运行时间(ms) ： 148.557
---------------------------------
流分布如下: 
---------------------------------
0   0   0   0   0   0   0   0   0   0   
0   0   0   0   0   0   0   0   0   0   
0   0   0   38  0   3   14  0   0   0   
0   0   0   0   0   0   0   0   0   0   
0   0   0   0   0   0   0   0   0   0   
0   0   0   0   0   0   0   0   0   3   
0   0   0   17  0   0   0   0   0   0   
0   0   0   0   0   0   0   0   0   0   
0   0   0   0   0   0   0   0   0   0   
0   0   0   0   0   0   3   0   0   0   
---------------------------------
关键边输出如下：
---------------------------------
5    A         17        0         0         
12   A         38        0         0         
7    A         41        0         0         
18   A         52        0         0         
6    B         55        0.0475751 0.015697  
11   B         55        0.0475751 0.0374258 
1    b         55        0.0597624 0.00412358
2    b         55        0.0597624 0.0429601 
3    b         55        0.0597624 0.0856124 
4    b         55        0.0597624 0.107975  
8    b         55        0.0597624 0.137394  
9    b         55        0.0597624 0.182478  
14   b         55        0.0597624 0.20393   
15   b         55        0.0597624 0.210455  
16   b         55        0.0597624 0.247562  
10   C         55        0.0597624 0.0929866 
13   C         55        0.0597624 0.0929866 
17   C         55        0.0597624 0.0929866 
---------------------------------
---------------------------------

3--4最大流值为：55
最可靠最大流分布概率为 ： 0.0597624
状态划分算法消耗的内存为：6.41406
状态划分算法运行时间(ms) ： 169.42
---------------------------------
流分布如下: 
---------------------------------
0   0   0   0   0   0   0   0   0   0   
0   0   0   0   0   0   0   0   0   0   
0   0   0   38  0   3   14  0   0   0   
0   0   0   0   0   0   0   0   0   0   
0   0   0   0   0   0   0   0   0   0   
0   0   0   0   0   0   0   0   0   3   
0   0   0   17  0   0   0   0   0   0   
0   0   0   0   0   0   0   0   0   0   
0   0   0   0   0   0   0   0   0   0   
0   0   0   0   0   0   3   0   0   0   
---------------------------------
关键边输出如下：
---------------------------------
5    A         17        0         0         
12   A         38        0         0         
7    A         41        0         0         
18   A         52        0         0         
6    B         55        0.0475751 0.015697  
11   B         55        0.0475751 0.0374258 
1    b         55        0.0597624 0.00412358
2    b         55        0.0597624 0.0429601 
3    b         55        0.0597624 0.0856124 
4    b         55        0.0597624 0.107975  
8    b         55        0.0597624 0.137394  
9    b         55        0.0597624 0.182478  
14   b         55        0.0597624 0.20393   
15   b         55        0.0597624 0.210455  
16   b         55        0.0597624 0.247562  
10   C         55        0.0597624 0.0929866 
13   C         55        0.0597624 0.0929866 
17   C         55        0.0597624 0.0929866 
---------------------------------
---------------------------------

3--4最大流值为：55
最可靠最大流分布概率为 ： 0.0597624
状态划分算法消耗的内存为：6.45703
状态划分算法运行时间(ms) ： 170.886
---------------------------------
流分布如下: 
---------------------------------
0   0   0   0   0   0   0   0   0   0   
0   0   0   0   0   0   0   0   0   0   
0   0   0   38  0   3   14  0   0   0   
0   0   0   0   0   0   0   0   0   0   
0   0   0   0   0   0   0   0   0   0   
0   0   0   0   0   0   0   0   0   3   
0   0   0   17  0   0   0   0   0   0   
0   0   0   0   0   0   0   0   0   0   
0   0   0   0   0   0   0   0   0   0   
0   0   0   0   0   0   3   0   0   0   
---------------------------------
关键边输出如下：
---------------------------------
5    A         17        0         0         
12   A         38        0         0         
7    A         41        0         0         
18   A         52        0         0         
6    B         55        0.0475751 0.015697  
11   B         55        0.0475751 0.0374258 
1    b         55        0.0597624 0.00412358
2    b         55        0.0597624 0.0429601 
3    b         55        0.0597624 0.0856124 
4    b         55        0.0597624 0.107975  
8    b         55        0.0597624 0.137394  
9    b         55        0.0597624 0.182478  
14   b         55        0.0597624 0.20393   
15   b         55        0.0597624 0.210455  
16   b         55        0.0597624 0.247562  
10   C         55        0.0597624 0.0929866 
13   C         55        0.0597624 0.0929866 
17   C         55        0.0597624 0.0929866 
---------------------------------
---------------------------------

3--4最大流值为：55
最可靠最大流分布概率为 ： 0.0597624
状态划分算法消耗的内存为：6.45313
状态划分算法运行时间(ms) ： 175.596
---------------------------------
流分布如下: 
---------------------------------
0   0   0   0   0   0   0   0   0   0   
0   0   0   0   0   0   0   0   0   0   
0   0   0   38  0   3   14  0   0   0   
0   0   0   0   0   0   0   0   0   0   
0   0   0   0   0   0   0   0   0   0   
0   0   0   0   0   0   0   0   0   3   
0   0   0   17  0   0   0   0   0   0   
0   0   0   0   0   0   0   0   0   0   
0   0   0   0   0   0   0   0   0   0   
0   0   0   0   0   0   3   0   0   0   
---------------------------------
关键边输出如下：
---------------------------------
5    A         17        0         0         
12   A         38        0         0         
7    A         41        0         0         
18   A         52        0         0         
6    B         55        0.0475751 0.015697  
11   B         55        0.0475751 0.0374258 
1    b         55        0.0597624 0.00412358
2    b         55        0.0597624 0.0429601 
3    b         55        0.0597624 0.0856124 
4    b         55        0.0597624 0.107975  
8    b         55        0.0597624 0.137394  
9    b         55        0.0597624 0.182478  
14   b         55        0.0597624 0.20393   
15   b         55        0.0597624 0.210455  
16   b         55        0.0597624 0.247562  
10   C         55        0.0597624 0.0929866 
13   C         55        0.0597624 0.0929866 
17   C         55        0.0597624 0.0929866 
---------------------------------
---------------------------------

3--4最大流值为：55
最可靠最大流分布概率为 ： 0.0597624
状态划分算法消耗的内存为：6.43359
状态划分算法运行时间(ms) ： 171.205
---------------------------------
流分布如下: 
---------------------------------
0   0   0   0   0   0   0   0   0   0   
0   0   0   0   0   0   0   0   0   0   
0   0   0   38  0   3   14  0   0   0   
0   0   0   0   0   0   0   0   0   0   
0   0   0   0   0   0   0   0   0   0   
0   0   0   0   0   0   0   0   0   3   
0   0   0   17  0   0   0   0   0   0   
0   0   0   0   0   0   0   0   0   0   
0   0   0   0   0   0   0   0   0   0   
0   0   0   0   0   0   3   0   0   0   
---------------------------------
关键边输出如下：
---------------------------------
5    A         17        0         0         
12   A         38        0         0         
7    A         41        0         0         
18   A         52        0         0         
6    B         55        0.0475751 0.015697  
11   B         55        0.0475751 0.0374258 
1    b         55        0.0597624 0.00412358
2    b         55        0.0597624 0.0429601 
3    b         55        0.0597624 0.0856124 
4    b         55        0.0597624 0.107975  
8    b         55        0.0597624 0.137394  
9    b         55        0.0597624 0.182478  
14   b         55        0.0597624 0.20393   
15   b         55        0.0597624 0.210455  
16   b         55        0.0597624 0.247562  
10   C         55        0.0597624 0.0929866 
13   C         55        0.0597624 0.0929866 
17   C         55        0.0597624 0.0929866 
---------------------------------
---------------------------------

3--4最大流值为：55
最可靠最大流分布概率为 ： 0.0597624
状态划分算法消耗的内存为：6.44141
状态划分算法运行时间(ms) ： 196.492
---------------------------------
流分布如下: 
---------------------------------
0   0   0   0   0   0   0   0   0   0   
0   0   0   0   0   0   0   0   0   0   
0   0   0   38  0   3   14  0   0   0   
0   0   0   0   0   0   0   0   0   0   
0   0   0   0   0   0   0   0   0   0   
0   0   0   0   0   0   0   0   0   3   
0   0   0   17  0   0   0   0   0   0   
0   0   0   0   0   0   0   0   0   0   
0   0   0   0   0   0   0   0   0   0   
0   0   0   0   0   0   3   0   0   0   
---------------------------------
关键边输出如下：
---------------------------------
5    A         17        0         0         
12   A         38        0         0         
7    A         41        0         0         
18   A         52        0         0         
6    B         55        0.0475751 0.015697  
11   B         55        0.0475751 0.0374258 
1    b         55        0.0597624 0.00412358
2    b         55        0.0597624 0.0429601 
3    b         55        0.0597624 0.0856124 
4    b         55        0.0597624 0.107975  
8    b         55        0.0597624 0.137394  
9    b         55        0.0597624 0.182478  
14   b         55        0.0597624 0.20393   
15   b         55        0.0597624 0.210455  
16   b         55        0.0597624 0.247562  
10   C         55        0.0597624 0.0929866 
13   C         55        0.0597624 0.0929866 
17   C         55        0.0597624 0.0929866 
---------------------------------
---------------------------------

3--4最大流值为：55
最可靠最大流分布概率为 ： 0.0597624
状态划分算法消耗的内存为：6.48828
状态划分算法运行时间(ms) ： 198.2
---------------------------------
流分布如下: 
---------------------------------
0   0   0   0   0   0   0   0   0   0   
0   0   0   0   0   0   0   0   0   0   
0   0   0   38  0   3   14  0   0   0   
0   0   0   0   0   0   0   0   0   0   
0   0   0   0   0   0   0   0   0   0   
0   0   0   0   0   0   0   0   0   3   
0   0   0   17  0   0   0   0   0   0   
0   0   0   0   0   0   0   0   0   0   
0   0   0   0   0   0   0   0   0   0   
0   0   0   0   0   0   3   0   0   0   
---------------------------------
关键边输出如下：
---------------------------------
5    A         17        0         0         
12   A         38        0         0         
7    A         41        0         0         
18   A         52        0         0         
6    B         55        0.0475751 0.015697  
11   B         55        0.0475751 0.0374258 
1    b         55        0.0597624 0.00412358
2    b         55        0.0597624 0.0429601 
3    b         55        0.0597624 0.0856124 
4    b         55        0.0597624 0.107975  
8    b         55        0.0597624 0.137394  
9    b         55        0.0597624 0.182478  
14   b         55        0.0597624 0.20393   
15   b         55        0.0597624 0.210455  
16   b         55        0.0597624 0.247562  
10   C         55        0.0597624 0.0929866 
13   C         55        0.0597624 0.0929866 
17   C         55        0.0597624 0.0929866 
---------------------------------
---------------------------------

3--4最大流值为：55
最可靠最大流分布概率为 ： 0.0597624
状态划分算法消耗的内存为：6.45313
状态划分算法运行时间(ms) ： 199.591
---------------------------------
流分布如下: 
---------------------------------
0   0   0   0   0   0   0   0   0   0   
0   0   0   0   0   0   0   0   0   0   
0   0   0   38  0   3   14  0   0   0   
0   0   0   0   0   0   0   0   0   0   
0   0   0   0   0   0   0   0   0   0   
0   0   0   0   0   0   0   0   0   3   
0   0   0   17  0   0   0   0   0   0   
0   0   0   0   0   0   0   0   0   0   
0   0   0   0   0   0   0   0   0   0   
0   0   0   0   0   0   3   0   0   0   
---------------------------------
关键边输出如下：
---------------------------------
5    A         17        0         0         
12   A         38        0         0         
7    A         41        0         0         
18   A         52        0         0         
6    B         55        0.0475751 0.015697  
11   B         55        0.0475751 0.0374258 
1    b         55        0.0597624 0.00412358
2    b         55        0.0597624 0.0429601 
3    b         55        0.0597624 0.0856124 
4    b         55        0.0597624 0.107975  
8    b         55        0.0597624 0.137394  
9    b         55        0.0597624 0.182478  
14   b         55        0.0597624 0.20393   
15   b         55        0.0597624 0.210455  
16   b         55        0.0597624 0.247562  
10   C         55        0.0597624 0.0929866 
13   C         55        0.0597624 0.0929866 
17   C         55        0.0597624 0.0929866 
---------------------------------
---------------------------------

3--4最大流值为：55
最可靠最大流分布概率为 ： 0.0597624
状态划分算法消耗的内存为：6.45703
状态划分算法运行时间(ms) ： 216.91
---------------------------------
流分布如下: 
---------------------------------
0   0   0   0   0   0   0   0   0   0   
0   0   0   0   0   0   0   0   0   0   
0   0   0   38  0   3   14  0   0   0   
0   0   0   0   0   0   0   0   0   0   
0   0   0   0   0   0   0   0   0   0   
0   0   0   0   0   0   0   0   0   3   
0   0   0   17  0   0   0   0   0   0   
0   0   0   0   0   0   0   0   0   0   
0   0   0   0   0   0   0   0   0   0   
0   0   0   0   0   0   3   0   0   0   
---------------------------------
关键边输出如下：
---------------------------------
5    A         17        0         0         
12   A         38        0         0         
7    A         41        0         0         
18   A         52        0         0         
6    B         55        0.0475751 0.015697  
11   B         55        0.0475751 0.0374258 
1    b         55        0.0597624 0.00412358
2    b         55        0.0597624 0.0429601 
3    b         55        0.0597624 0.0856124 
4    b         55        0.0597624 0.107975  
8    b         55        0.0597624 0.137394  
9    b         55        0.0597624 0.182478  
14   b         55        0.0597624 0.20393   
15   b         55        0.0597624 0.210455  
16   b         55        0.0597624 0.247562  
10   C         55        0.0597624 0.0929866 
13   C         55        0.0597624 0.0929866 
17   C         55        0.0597624 0.0929866 
---------------------------------
---------------------------------

3--4最大流值为：55
最可靠最大流分布概率为 ： 0.0597624
状态划分算法消耗的内存为：6.47266
状态划分算法运行时间(ms) ： 218.405
---------------------------------
流分布如下: 
---------------------------------
0   0   0   0   0   0   0   0   0   0   
0   0   0   0   0   0   0   0   0   0   
0   0   0   38  0   3   14  0   0   0   
0   0   0   0   0   0   0   0   0   0   
0   0   0   0   0   0   0   0   0   0   
0   0   0   0   0   0   0   0   0   3   
0   0   0   17  0   0   0   0   0   0   
0   0   0   0   0   0   0   0   0   0   
0   0   0   0   0   0   0   0   0   0   
0   0   0   0   0   0   3   0   0   0   
---------------------------------
关键边输出如下：
---------------------------------
5    A         17        0         0         
12   A         38        0         0         
7    A         41        0         0         
18   A         52        0         0         
6    B         55        0.0475751 0.015697  
11   B         55        0.0475751 0.0374258 
1    b         55        0.0597624 0.00412358
2    b         55        0.0597624 0.0429601 
3    b         55        0.0597624 0.0856124 
4    b         55        0.0597624 0.107975  
8    b         55        0.0597624 0.137394  
9    b         55        0.0597624 0.182478  
14   b         55        0.0597624 0.20393   
15   b         55        0.0597624 0.210455  
16   b         55        0.0597624 0.247562  
10   C         55        0.0597624 0.0929866 
13   C         55        0.0597624 0.0929866 
17   C         55        0.0597624 0.0929866 
---------------------------------
---------------------------------

3--4最大流值为：55
最可靠最大流分布概率为 ： 0.0597624
状态划分算法消耗的内存为：6.44922
状态划分算法运行时间(ms) ： 221.532
---------------------------------
流分布如下: 
---------------------------------
0   0   0   0   0   0   0   0   0   0   
0   0   0   0   0   0   0   0   0   0   
0   0   0   38  0   3   14  0   0   0   
0   0   0   0   0   0   0   0   0   0   
0   0   0   0   0   0   0   0   0   0   
0   0   0   0   0   0   0   0   0   3   
0   0   0   17  0   0   0   0   0   0   
0   0   0   0   0   0   0   0   0   0   
0   0   0   0   0   0   0   0   0   0   
0   0   0   0   0   0   3   0   0   0   
---------------------------------
关键边输出如下：
---------------------------------
5    A         17        0         0         
12   A         38        0         0         
7    A         41        0         0         
18   A         52        0         0         
6    B         55        0.0475751 0.015697  
11   B         55        0.0475751 0.0374258 
1    b         55        0.0597624 0.00412358
2    b         55        0.0597624 0.0429601 
3    b         55        0.0597624 0.0856124 
4    b         55        0.0597624 0.107975  
8    b         55        0.0597624 0.137394  
9    b         55        0.0597624 0.182478  
14   b         55        0.0597624 0.20393   
15   b         55        0.0597624 0.210455  
16   b         55        0.0597624 0.247562  
10   C         55        0.0597624 0.0929866 
13   C         55        0.0597624 0.0929866 
17   C         55        0.0597624 0.0929866 
---------------------------------
---------------------------------

3--4最大流值为：55
最可靠最大流分布概率为 ： 0.0597624
状态划分算法消耗的内存为：6.47266
状态划分算法运行时间(ms) ： 216.046
---------------------------------
流分布如下: 
---------------------------------
0   0   0   0   0   0   0   0   0   0   
0   0   0   0   0   0   0   0   0   0   
0   0   0   38  0   3   14  0   0   0   
0   0   0   0   0   0   0   0   0   0   
0   0   0   0   0   0   0   0   0   0   
0   0   0   0   0   0   0   0   0   3   
0   0   0   17  0   0   0   0   0   0   
0   0   0   0   0   0   0   0   0   0   
0   0   0   0   0   0   0   0   0   0   
0   0   0   0   0   0   3   0   0   0   
---------------------------------
关键边输出如下：
---------------------------------
5    A         17        0         0         
12   A         38        0         0         
7    A         41        0         0         
18   A         52        0         0         
6    B         55        0.0475751 0.015697  
11   B         55        0.0475751 0.0374258 
1    b         55        0.0597624 0.00412358
2    b         55        0.0597624 0.0429601 
3    b         55        0.0597624 0.0856124 
4    b         55        0.0597624 0.107975  
8    b         55        0.0597624 0.137394  
9    b         55        0.0597624 0.182478  
14   b         55        0.0597624 0.20393   
15   b         55        0.0597624 0.210455  
16   b         55        0.0597624 0.247562  
10   C         55        0.0597624 0.0929866 
13   C         55        0.0597624 0.0929866 
17   C         55        0.0597624 0.0929866 
---------------------------------
---------------------------------

3--4最大流值为：55
最可靠最大流分布概率为 ： 0.0597624
状态划分算法消耗的内存为：6.46094
状态划分算法运行时间(ms) ： 210.852
---------------------------------
流分布如下: 
---------------------------------
0   0   0   0   0   0   0   0   0   0   
0   0   0   0   0   0   0   0   0   0   
0   0   0   38  0   3   14  0   0   0   
0   0   0   0   0   0   0   0   0   0   
0   0   0   0   0   0   0   0   0   0   
0   0   0   0   0   0   0   0   0   3   
0   0   0   17  0   0   0   0   0   0   
0   0   0   0   0   0   0   0   0   0   
0   0   0   0   0   0   0   0   0   0   
0   0   0   0   0   0   3   0   0   0   
---------------------------------
关键边输出如下：
---------------------------------
5    A         17        0         0         
12   A         38        0         0         
7    A         41        0         0         
18   A         52        0         0         
6    B         55        0.0475751 0.015697  
11   B         55        0.0475751 0.0217288 
1    b         55        0.0597624 0.00412358
2    b         55        0.0597624 0.0388381 
3    b         55        0.0597624 0.0445532 
4    b         55        0.0597624 0.033177  
8    b         55        0.0597624 0.0295162 
9    b         55        0.0597624 0.0450839 
14   b         55        0.0597624 0.0214518 
15   b         55        0.0597624 0.00662782
16   b         55        0.0597624 0.0371073 
10   C         55        0.0597624 0.0929866 
13   C         55        0.0597624 0.0929866 
17   C         55        0.0597624 0.0929866 
---------------------------------
---------------------------------

