12--6最大流值为：62
最可靠最大流分布概率为 ： 0.0330876
状态划分算法消耗的内存为：4.58984
状态划分算法运行时间(ms) ： 36563.9
---------------------------------
流分布如下: 
---------------------------------
0   0   0   0   0   5   0   0   0   0   0   0   
0   0   0   0   0   0   29  0   0   0   0   0   
5   0   0   0   0   0   0   0   0   0   0   0   
0   0   0   0   0   0   0   0   0   0   0   0   
0   0   0   0   0   0   0   0   0   0   0   0   
0   0   0   0   0   0   0   0   0   0   0   0   
0   0   0   0   0   0   0   29  0   0   0   0   
0   0   0   0   0   29  0   0   0   0   0   0   
0   0   0   0   0   0   0   0   0   0   0   0   
0   0   0   0   0   0   0   0   0   0   0   0   
0   0   5   0   0   16  0   0   0   0   0   0   
0   29  0   0   0   12  0   0   0   0   21  0   
---------------------------------
关键边输出如下：
---------------------------------
20   A         33        0         0         
22   A         41        0         0         
21   A         50        0         0         
19   A         54        0         0         
5    A         55        0.0190023 0.0261411 
13   A         55        0.0199302 0.0398045 
12   A         55        0.0199302 0.0398045 
18   A         57        0.107355  0.107355  
6    A         57        0.107355  0.107355  
1    A         57        0.107355  0.107355  
3    b         62        0.0330876 0.0136432 
4    b         62        0.0330876 0.0345156 
8    b         62        0.0330876 0.0429613 
11   b         62        0.0330876 0.0440854 
2    C         62        0.0330876 0.0330876 
7    C         62        0.0330876 0.0330876 
9    C         62        0.0330876 0.0330876 
10   C         62        0.0330876 0.0330876 
14   C         62        0.0330876 0.0330876 
15   C         62        0.0330876 0.0330876 
16   C         62        0.0330876 0.0330876 
17   C         62        0.0330876 0.0330876 
---------------------------------
---------------------------------

12--6最大流值为：62
最可靠最大流分布概率为 ： 0.0330876
状态划分算法消耗的内存为：20.8789
状态划分算法运行时间(ms) ： 144.549
---------------------------------
流分布如下: 
---------------------------------
0   0   0   0   0   5   0   0   0   0   0   0   
0   0   0   0   0   0   29  0   0   0   0   0   
5   0   0   0   0   0   0   0   0   0   0   0   
0   0   0   0   0   0   0   0   0   0   0   0   
0   0   0   0   0   0   0   0   0   0   0   0   
0   0   0   0   0   0   0   0   0   0   0   0   
0   0   0   0   0   0   0   29  0   0   0   0   
0   0   0   0   0   29  0   0   0   0   0   0   
0   0   0   0   0   0   0   0   0   0   0   0   
0   0   0   0   0   0   0   0   0   0   0   0   
0   0   5   0   0   16  0   0   0   0   0   0   
0   29  0   0   0   12  0   0   0   0   21  0   
---------------------------------
关键边输出如下：
---------------------------------
20   A         33        0         0         
22   A         41        0         0         
21   A         50        0         0         
19   A         54        0         0         
5    A         55        0.0190023 0.0261411 
13   A         55        0.0199302 0.0398045 
12   A         55        0.0199302 0.0398045 
18   A         57        0.107355  0.107355  
6    A         57        0.107355  0.107355  
1    A         57        0.107355  0.107355  
3    b         62        0.0330876 0.0136432 
4    b         62        0.0330876 0.0345156 
8    b         62        0.0330876 0.0429613 
11   b         62        0.0330876 0.0440854 
2    C         62        0.0330876 0.0330876 
7    C         62        0.0330876 0.0330876 
9    C         62        0.0330876 0.0330876 
10   C         62        0.0330876 0.0330876 
14   C         62        0.0330876 0.0330876 
15   C         62        0.0330876 0.0330876 
16   C         62        0.0330876 0.0330876 
17   C         62        0.0330876 0.0330876 
---------------------------------
---------------------------------

12--6最大流值为：62
最可靠最大流分布概率为 ： 0.0330876
状态划分算法消耗的内存为：21.6133
状态划分算法运行时间(ms) ： 145.455
---------------------------------
流分布如下: 
---------------------------------
0   0   0   0   0   5   0   0   0   0   0   0   
0   0   0   0   0   0   29  0   0   0   0   0   
5   0   0   0   0   0   0   0   0   0   0   0   
0   0   0   0   0   0   0   0   0   0   0   0   
0   0   0   0   0   0   0   0   0   0   0   0   
0   0   0   0   0   0   0   0   0   0   0   0   
0   0   0   0   0   0   0   29  0   0   0   0   
0   0   0   0   0   29  0   0   0   0   0   0   
0   0   0   0   0   0   0   0   0   0   0   0   
0   0   0   0   0   0   0   0   0   0   0   0   
0   0   5   0   0   16  0   0   0   0   0   0   
0   29  0   0   0   12  0   0   0   0   21  0   
---------------------------------
关键边输出如下：
---------------------------------
20   A         33        0         0         
22   A         41        0         0         
21   A         50        0         0         
19   A         54        0         0         
5    A         55        0.0190023 0.0261411 
13   A         55        0.0199302 0.0398045 
12   A         55        0.0199302 0.0398045 
18   A         57        0.107355  0.107355  
6    A         57        0.107355  0.107355  
1    A         57        0.107355  0.107355  
3    b         62        0.0330876 0.0136432 
4    b         62        0.0330876 0.0345156 
8    b         62        0.0330876 0.0429613 
11   b         62        0.0330876 0.0440854 
2    C         62        0.0330876 0.0330876 
7    C         62        0.0330876 0.0330876 
9    C         62        0.0330876 0.0330876 
10   C         62        0.0330876 0.0330876 
14   C         62        0.0330876 0.0330876 
15   C         62        0.0330876 0.0330876 
16   C         62        0.0330876 0.0330876 
17   C         62        0.0330876 0.0330876 
---------------------------------
---------------------------------

12--6最大流值为：62
最可靠最大流分布概率为 ： 0.0330876
状态划分算法消耗的内存为：5.92578
状态划分算法运行时间(ms) ： 179.141
---------------------------------
流分布如下: 
---------------------------------
0   0   0   0   0   5   0   0   0   0   0   0   
0   0   0   0   0   0   29  0   0   0   0   0   
5   0   0   0   0   0   0   0   0   0   0   0   
0   0   0   0   0   0   0   0   0   0   0   0   
0   0   0   0   0   0   0   0   0   0   0   0   
0   0   0   0   0   0   0   0   0   0   0   0   
0   0   0   0   0   0   0   29  0   0   0   0   
0   0   0   0   0   29  0   0   0   0   0   0   
0   0   0   0   0   0   0   0   0   0   0   0   
0   0   0   0   0   0   0   0   0   0   0   0   
0   0   5   0   0   16  0   0   0   0   0   0   
0   29  0   0   0   12  0   0   0   0   21  0   
---------------------------------
关键边输出如下：
---------------------------------
20   A         33        0         0         
22   A         41        0         0         
21   A         50        0         0         
19   A         54        0         0         
5    A         55        0.0190023 0.0261411 
13   A         55        0.0199302 0.0398045 
12   A         55        0.0199302 0.0398045 
18   A         57        0.107355  0.107355  
6    A         57        0.107355  0.107355  
1    A         57        0.107355  0.107355  
3    b         62        0.0330876 0.0136432 
4    b         62        0.0330876 0.0345156 
8    b         62        0.0330876 0.0429613 
11   b         62        0.0330876 0.0440854 
2    C         62        0.0330876 0.0330876 
7    C         62        0.0330876 0.0330876 
9    C         62        0.0330876 0.0330876 
10   C         62        0.0330876 0.0330876 
14   C         62        0.0330876 0.0330876 
15   C         62        0.0330876 0.0330876 
16   C         62        0.0330876 0.0330876 
17   C         62        0.0330876 0.0330876 
---------------------------------
---------------------------------

12--6最大流值为：62
最可靠最大流分布概率为 ： 0.0330876
状态划分算法消耗的内存为：4.88281
状态划分算法运行时间(ms) ： 184.263
---------------------------------
流分布如下: 
---------------------------------
0   0   0   0   0   5   0   0   0   0   0   0   
0   0   0   0   0   0   29  0   0   0   0   0   
5   0   0   0   0   0   0   0   0   0   0   0   
0   0   0   0   0   0   0   0   0   0   0   0   
0   0   0   0   0   0   0   0   0   0   0   0   
0   0   0   0   0   0   0   0   0   0   0   0   
0   0   0   0   0   0   0   29  0   0   0   0   
0   0   0   0   0   29  0   0   0   0   0   0   
0   0   0   0   0   0   0   0   0   0   0   0   
0   0   0   0   0   0   0   0   0   0   0   0   
0   0   5   0   0   16  0   0   0   0   0   0   
0   29  0   0   0   12  0   0   0   0   21  0   
---------------------------------
关键边输出如下：
---------------------------------
20   A         33        0         0         
22   A         41        0         0         
21   A         50        0         0         
19   A         54        0         0         
5    A         55        0.0190023 0.0261411 
13   A         55        0.0199302 0.0398045 
12   A         55        0.0199302 0.0398045 
18   A         57        0.107355  0.107355  
6    A         57        0.107355  0.107355  
1    A         57        0.107355  0.107355  
3    b         62        0.0330876 0.0136432 
4    b         62        0.0330876 0.0345156 
8    b         62        0.0330876 0.0429613 
11   b         62        0.0330876 0.0440854 
2    C         62        0.0330876 0.0330876 
7    C         62        0.0330876 0.0330876 
9    C         62        0.0330876 0.0330876 
10   C         62        0.0330876 0.0330876 
14   C         62        0.0330876 0.0330876 
15   C         62        0.0330876 0.0330876 
16   C         62        0.0330876 0.0330876 
17   C         62        0.0330876 0.0330876 
---------------------------------
---------------------------------

12--6最大流值为：62
最可靠最大流分布概率为 ： 0.0330876
状态划分算法消耗的内存为：5.92188
状态划分算法运行时间(ms) ： 71825.5
---------------------------------
流分布如下: 
---------------------------------
0   0   0   0   0   5   0   0   0   0   0   0   
0   0   0   0   0   0   29  0   0   0   0   0   
5   0   0   0   0   0   0   0   0   0   0   0   
0   0   0   0   0   0   0   0   0   0   0   0   
0   0   0   0   0   0   0   0   0   0   0   0   
0   0   0   0   0   0   0   0   0   0   0   0   
0   0   0   0   0   0   0   29  0   0   0   0   
0   0   0   0   0   29  0   0   0   0   0   0   
0   0   0   0   0   0   0   0   0   0   0   0   
0   0   0   0   0   0   0   0   0   0   0   0   
0   0   5   0   0   16  0   0   0   0   0   0   
0   29  0   0   0   12  0   0   0   0   21  0   
---------------------------------
关键边输出如下：
---------------------------------
20   A         33        0         0         
22   A         41        0         0         
21   A         50        0         0         
19   A         54        0         0         
5    A         55        0.0190023 0.0261411 
13   A         55        0.0199302 0.0398045 
12   A         55        0.0199302 0.0398045 
18   A         57        0.107355  0.107355  
6    A         57        0.107355  0.107355  
1    A         57        0.107355  0.107355  
3    b         62        0.0330876 0.0136432 
4    b         62        0.0330876 0.0345156 
8    b         62        0.0330876 0.0429613 
11   b         62        0.0330876 0.0440854 
2    C         62        0.0330876 0.0330876 
7    C         62        0.0330876 0.0330876 
9    C         62        0.0330876 0.0330876 
10   C         62        0.0330876 0.0330876 
14   C         62        0.0330876 0.0330876 
15   C         62        0.0330876 0.0330876 
16   C         62        0.0330876 0.0330876 
17   C         62        0.0330876 0.0330876 
---------------------------------
---------------------------------

12--6最大流值为：62
最可靠最大流分布概率为 ： 0.0330876
状态划分算法消耗的内存为：6.4375
状态划分算法运行时间(ms) ： 187.34
---------------------------------
流分布如下: 
---------------------------------
0   0   0   0   0   5   0   0   0   0   0   0   
0   0   0   0   0   0   29  0   0   0   0   0   
5   0   0   0   0   0   0   0   0   0   0   0   
0   0   0   0   0   0   0   0   0   0   0   0   
0   0   0   0   0   0   0   0   0   0   0   0   
0   0   0   0   0   0   0   0   0   0   0   0   
0   0   0   0   0   0   0   29  0   0   0   0   
0   0   0   0   0   29  0   0   0   0   0   0   
0   0   0   0   0   0   0   0   0   0   0   0   
0   0   0   0   0   0   0   0   0   0   0   0   
0   0   5   0   0   16  0   0   0   0   0   0   
0   29  0   0   0   12  0   0   0   0   21  0   
---------------------------------
关键边输出如下：
---------------------------------
20   A         33        0         0         
22   A         41        0         0         
21   A         50        0         0         
19   A         54        0         0         
5    A         55        0.0190023 0.0261411 
13   A         55        0.0199302 0.0398045 
12   A         55        0.0199302 0.0398045 
18   A         57        0.107355  0.107355  
6    A         57        0.107355  0.107355  
1    A         57        0.107355  0.107355  
3    b         62        0.0330876 0.0136432 
4    b         62        0.0330876 0.0345156 
8    b         62        0.0330876 0.0429613 
11   b         62        0.0330876 0.0440854 
2    C         62        0.0330876 0.0330876 
7    C         62        0.0330876 0.0330876 
9    C         62        0.0330876 0.0330876 
10   C         62        0.0330876 0.0330876 
14   C         62        0.0330876 0.0330876 
15   C         62        0.0330876 0.0330876 
16   C         62        0.0330876 0.0330876 
17   C         62        0.0330876 0.0330876 
---------------------------------
---------------------------------

12--6最大流值为：62
最可靠最大流分布概率为 ： 0.0330876
状态划分算法消耗的内存为：5.90625
状态划分算法运行时间(ms) ： 202.198
---------------------------------
流分布如下: 
---------------------------------
0   0   0   0   0   5   0   0   0   0   0   0   
0   0   0   0   0   0   29  0   0   0   0   0   
5   0   0   0   0   0   0   0   0   0   0   0   
0   0   0   0   0   0   0   0   0   0   0   0   
0   0   0   0   0   0   0   0   0   0   0   0   
0   0   0   0   0   0   0   0   0   0   0   0   
0   0   0   0   0   0   0   29  0   0   0   0   
0   0   0   0   0   29  0   0   0   0   0   0   
0   0   0   0   0   0   0   0   0   0   0   0   
0   0   0   0   0   0   0   0   0   0   0   0   
0   0   5   0   0   16  0   0   0   0   0   0   
0   29  0   0   0   12  0   0   0   0   21  0   
---------------------------------
关键边输出如下：
---------------------------------
20   A         33        0         0         
22   A         41        0         0         
21   A         50        0         0         
19   A         54        0         0         
5    A         55        0.0190023 0.0261411 
13   A         55        0.0199302 0.0398045 
12   A         55        0.0199302 0.0398045 
18   A         57        0.107355  0.107355  
6    A         57        0.107355  0.107355  
1    A         57        0.107355  0.107355  
3    b         62        0.0330876 0.0136432 
4    b         62        0.0330876 0.0345156 
8    b         62        0.0330876 0.0429613 
11   b         62        0.0330876 0.0440854 
2    C         62        0.0330876 0.0330876 
7    C         62        0.0330876 0.0330876 
9    C         62        0.0330876 0.0330876 
10   C         62        0.0330876 0.0330876 
14   C         62        0.0330876 0.0330876 
15   C         62        0.0330876 0.0330876 
16   C         62        0.0330876 0.0330876 
17   C         62        0.0330876 0.0330876 
---------------------------------
---------------------------------

12--6最大流值为：62
最可靠最大流分布概率为 ： 0.0330876
状态划分算法消耗的内存为：5.91406
状态划分算法运行时间(ms) ： 3098.46
---------------------------------
流分布如下: 
---------------------------------
0   0   0   0   0   5   0   0   0   0   0   0   
0   0   0   0   0   0   29  0   0   0   0   0   
5   0   0   0   0   0   0   0   0   0   0   0   
0   0   0   0   0   0   0   0   0   0   0   0   
0   0   0   0   0   0   0   0   0   0   0   0   
0   0   0   0   0   0   0   0   0   0   0   0   
0   0   0   0   0   0   0   29  0   0   0   0   
0   0   0   0   0   29  0   0   0   0   0   0   
0   0   0   0   0   0   0   0   0   0   0   0   
0   0   0   0   0   0   0   0   0   0   0   0   
0   0   5   0   0   16  0   0   0   0   0   0   
0   29  0   0   0   12  0   0   0   0   21  0   
---------------------------------
关键边输出如下：
---------------------------------
20   A         33        0         0         
22   A         41        0         0         
21   A         50        0         0         
19   A         54        0         0         
5    A         55        0.0190023 0.0261411 
13   A         55        0.0199302 0.0398045 
12   A         55        0.0199302 0.0398045 
18   A         57        0.107355  0.107355  
6    A         57        0.107355  0.107355  
1    A         57        0.107355  0.107355  
3    b         62        0.0330876 0.0136432 
4    b         62        0.0330876 0.0345156 
8    b         62        0.0330876 0.0429613 
11   b         62        0.0330876 0.0440854 
2    C         62        0.0330876 0.0330876 
7    C         62        0.0330876 0.0330876 
9    C         62        0.0330876 0.0330876 
10   C         62        0.0330876 0.0330876 
14   C         62        0.0330876 0.0330876 
15   C         62        0.0330876 0.0330876 
16   C         62        0.0330876 0.0330876 
17   C         62        0.0330876 0.0330876 
---------------------------------
---------------------------------

12--6最大流值为：62
最可靠最大流分布概率为 ： 0.0330876
状态划分算法消耗的内存为：5.93359
状态划分算法运行时间(ms) ： 83474.5
---------------------------------
流分布如下: 
---------------------------------
0   0   0   0   0   5   0   0   0   0   0   0   
0   0   0   0   0   0   29  0   0   0   0   0   
5   0   0   0   0   0   0   0   0   0   0   0   
0   0   0   0   0   0   0   0   0   0   0   0   
0   0   0   0   0   0   0   0   0   0   0   0   
0   0   0   0   0   0   0   0   0   0   0   0   
0   0   0   0   0   0   0   29  0   0   0   0   
0   0   0   0   0   29  0   0   0   0   0   0   
0   0   0   0   0   0   0   0   0   0   0   0   
0   0   0   0   0   0   0   0   0   0   0   0   
0   0   5   0   0   16  0   0   0   0   0   0   
0   29  0   0   0   12  0   0   0   0   21  0   
---------------------------------
关键边输出如下：
---------------------------------
20   A         33        0         0         
22   A         41        0         0         
21   A         50        0         0         
19   A         54        0         0         
5    A         55        0.0190023 0.0261411 
13   A         55        0.0199302 0.0398045 
12   A         55        0.0199302 0.0398045 
18   A         57        0.107355  0.107355  
6    A         57        0.107355  0.107355  
1    A         57        0.107355  0.107355  
3    b         62        0.0330876 0.0136432 
4    b         62        0.0330876 0.0345156 
8    b         62        0.0330876 0.0429613 
11   b         62        0.0330876 0.0440854 
2    C         62        0.0330876 0.0330876 
7    C         62        0.0330876 0.0330876 
9    C         62        0.0330876 0.0330876 
10   C         62        0.0330876 0.0330876 
14   C         62        0.0330876 0.0330876 
15   C         62        0.0330876 0.0330876 
16   C         62        0.0330876 0.0330876 
17   C         62        0.0330876 0.0330876 
---------------------------------
---------------------------------

12--6最大流值为：62
最可靠最大流分布概率为 ： 0.0330876
状态划分算法消耗的内存为：5.90625
状态划分算法运行时间(ms) ： 8214.99
---------------------------------
流分布如下: 
---------------------------------
0   0   0   0   0   5   0   0   0   0   0   0   
0   0   0   0   0   0   29  0   0   0   0   0   
5   0   0   0   0   0   0   0   0   0   0   0   
0   0   0   0   0   0   0   0   0   0   0   0   
0   0   0   0   0   0   0   0   0   0   0   0   
0   0   0   0   0   0   0   0   0   0   0   0   
0   0   0   0   0   0   0   29  0   0   0   0   
0   0   0   0   0   29  0   0   0   0   0   0   
0   0   0   0   0   0   0   0   0   0   0   0   
0   0   0   0   0   0   0   0   0   0   0   0   
0   0   5   0   0   16  0   0   0   0   0   0   
0   29  0   0   0   12  0   0   0   0   21  0   
---------------------------------
关键边输出如下：
---------------------------------
20   A         33        0         0         
22   A         41        0         0         
21   A         50        0         0         
19   A         54        0         0         
5    A         55        0.0190023 0.0261411 
13   A         55        0.0199302 0.0398045 
12   A         55        0.0199302 0.0398045 
18   A         57        0.107355  0.107355  
6    A         57        0.107355  0.107355  
1    A         57        0.107355  0.107355  
3    b         62        0.0330876 0.0136432 
4    b         62        0.0330876 0.0345156 
8    b         62        0.0330876 0.0429613 
11   b         62        0.0330876 0.0440854 
2    C         62        0.0330876 0.0330876 
7    C         62        0.0330876 0.0330876 
9    C         62        0.0330876 0.0330876 
10   C         62        0.0330876 0.0330876 
14   C         62        0.0330876 0.0330876 
15   C         62        0.0330876 0.0330876 
16   C         62        0.0330876 0.0330876 
17   C         62        0.0330876 0.0330876 
---------------------------------
---------------------------------

12--6最大流值为：62
最可靠最大流分布概率为 ： 0.0330876
状态划分算法消耗的内存为：5.91797
状态划分算法运行时间(ms) ： 15867.4
---------------------------------
流分布如下: 
---------------------------------
0   0   0   0   0   5   0   0   0   0   0   0   
0   0   0   0   0   0   29  0   0   0   0   0   
5   0   0   0   0   0   0   0   0   0   0   0   
0   0   0   0   0   0   0   0   0   0   0   0   
0   0   0   0   0   0   0   0   0   0   0   0   
0   0   0   0   0   0   0   0   0   0   0   0   
0   0   0   0   0   0   0   29  0   0   0   0   
0   0   0   0   0   29  0   0   0   0   0   0   
0   0   0   0   0   0   0   0   0   0   0   0   
0   0   0   0   0   0   0   0   0   0   0   0   
0   0   5   0   0   16  0   0   0   0   0   0   
0   29  0   0   0   12  0   0   0   0   21  0   
---------------------------------
关键边输出如下：
---------------------------------
20   A         33        0         0         
22   A         41        0         0         
21   A         50        0         0         
19   A         54        0         0         
5    A         55        0.0190023 0.0261411 
13   A         55        0.0199302 0.0398045 
12   A         55        0.0199302 0.0398045 
18   A         57        0.107355  0.107355  
6    A         57        0.107355  0.107355  
1    A         57        0.107355  0.107355  
3    b         62        0.0330876 0.0136432 
4    b         62        0.0330876 0.0345156 
8    b         62        0.0330876 0.0429613 
11   b         62        0.0330876 0.0440854 
2    C         62        0.0330876 0.0330876 
7    C         62        0.0330876 0.0330876 
9    C         62        0.0330876 0.0330876 
10   C         62        0.0330876 0.0330876 
14   C         62        0.0330876 0.0330876 
15   C         62        0.0330876 0.0330876 
16   C         62        0.0330876 0.0330876 
17   C         62        0.0330876 0.0330876 
---------------------------------
---------------------------------

12--6最大流值为：62
最可靠最大流分布概率为 ： 0.0330876
状态划分算法消耗的内存为：6.44531
状态划分算法运行时间(ms) ： 202.011
---------------------------------
流分布如下: 
---------------------------------
0   0   0   0   0   5   0   0   0   0   0   0   
0   0   0   0   0   0   29  0   0   0   0   0   
5   0   0   0   0   0   0   0   0   0   0   0   
0   0   0   0   0   0   0   0   0   0   0   0   
0   0   0   0   0   0   0   0   0   0   0   0   
0   0   0   0   0   0   0   0   0   0   0   0   
0   0   0   0   0   0   0   29  0   0   0   0   
0   0   0   0   0   29  0   0   0   0   0   0   
0   0   0   0   0   0   0   0   0   0   0   0   
0   0   0   0   0   0   0   0   0   0   0   0   
0   0   5   0   0   16  0   0   0   0   0   0   
0   29  0   0   0   12  0   0   0   0   21  0   
---------------------------------
关键边输出如下：
---------------------------------
20   A         33        0         0         
22   A         41        0         0         
21   A         50        0         0         
19   A         54        0         0         
5    A         55        0.0190023 0.0261411 
13   A         55        0.0199302 0.0398045 
12   A         55        0.0199302 0.0398045 
18   A         57        0.107355  0.107355  
6    A         57        0.107355  0.107355  
1    A         57        0.107355  0.107355  
3    b         62        0.0330876 0.0136432 
4    b         62        0.0330876 0.0345156 
8    b         62        0.0330876 0.0429613 
11   b         62        0.0330876 0.0440854 
2    C         62        0.0330876 0.0330876 
7    C         62        0.0330876 0.0330876 
9    C         62        0.0330876 0.0330876 
10   C         62        0.0330876 0.0330876 
14   C         62        0.0330876 0.0330876 
15   C         62        0.0330876 0.0330876 
16   C         62        0.0330876 0.0330876 
17   C         62        0.0330876 0.0330876 
---------------------------------
---------------------------------

12--6最大流值为：62
最可靠最大流分布概率为 ： 0.0330876
状态划分算法消耗的内存为：5.40234
状态划分算法运行时间(ms) ： 195.874
---------------------------------
流分布如下: 
---------------------------------
0   0   0   0   0   5   0   0   0   0   0   0   
0   0   0   0   0   0   29  0   0   0   0   0   
5   0   0   0   0   0   0   0   0   0   0   0   
0   0   0   0   0   0   0   0   0   0   0   0   
0   0   0   0   0   0   0   0   0   0   0   0   
0   0   0   0   0   0   0   0   0   0   0   0   
0   0   0   0   0   0   0   29  0   0   0   0   
0   0   0   0   0   29  0   0   0   0   0   0   
0   0   0   0   0   0   0   0   0   0   0   0   
0   0   0   0   0   0   0   0   0   0   0   0   
0   0   5   0   0   16  0   0   0   0   0   0   
0   29  0   0   0   12  0   0   0   0   21  0   
---------------------------------
关键边输出如下：
---------------------------------
20   A         33        0         0         
22   A         41        0         0         
21   A         50        0         0         
19   A         54        0         0         
5    A         55        0.0190023 0.0261411 
13   A         55        0.0199302 0.0398045 
12   A         55        0.0199302 0.0398045 
18   A         57        0.107355  0.107355  
6    A         57        0.107355  0.107355  
1    A         57        0.107355  0.107355  
3    b         62        0.0330876 0.0136432 
4    b         62        0.0330876 0.0345156 
8    b         62        0.0330876 0.0429613 
11   b         62        0.0330876 0.0440854 
2    C         62        0.0330876 0.0330876 
7    C         62        0.0330876 0.0330876 
9    C         62        0.0330876 0.0330876 
10   C         62        0.0330876 0.0330876 
14   C         62        0.0330876 0.0330876 
15   C         62        0.0330876 0.0330876 
16   C         62        0.0330876 0.0330876 
17   C         62        0.0330876 0.0330876 
---------------------------------
---------------------------------

12--6最大流值为：62
最可靠最大流分布概率为 ： 0.0330876
状态划分算法消耗的内存为：4.88672
状态划分算法运行时间(ms) ： 3824.04
---------------------------------
流分布如下: 
---------------------------------
0   0   0   0   0   5   0   0   0   0   0   0   
0   0   0   0   0   0   29  0   0   0   0   0   
5   0   0   0   0   0   0   0   0   0   0   0   
0   0   0   0   0   0   0   0   0   0   0   0   
0   0   0   0   0   0   0   0   0   0   0   0   
0   0   0   0   0   0   0   0   0   0   0   0   
0   0   0   0   0   0   0   29  0   0   0   0   
0   0   0   0   0   29  0   0   0   0   0   0   
0   0   0   0   0   0   0   0   0   0   0   0   
0   0   0   0   0   0   0   0   0   0   0   0   
0   0   5   0   0   16  0   0   0   0   0   0   
0   29  0   0   0   12  0   0   0   0   21  0   
---------------------------------
关键边输出如下：
---------------------------------
20   A         33        0         0         
22   A         41        0         0         
21   A         50        0         0         
19   A         54        0         0         
5    A         55        0.0190023 0.0261411 
13   A         55        0.0199302 0.0398045 
12   A         55        0.0199302 0.0398045 
18   A         57        0.107355  0.107355  
6    A         57        0.107355  0.107355  
1    A         57        0.107355  0.107355  
3    b         62        0.0330876 0.0136432 
4    b         62        0.0330876 0.0345156 
8    b         62        0.0330876 0.0429613 
11   b         62        0.0330876 0.0440854 
2    C         62        0.0330876 0.0330876 
7    C         62        0.0330876 0.0330876 
9    C         62        0.0330876 0.0330876 
10   C         62        0.0330876 0.0330876 
14   C         62        0.0330876 0.0330876 
15   C         62        0.0330876 0.0330876 
16   C         62        0.0330876 0.0330876 
17   C         62        0.0330876 0.0330876 
---------------------------------
---------------------------------

12--6最大流值为：62
最可靠最大流分布概率为 ： 0.0330876
状态划分算法消耗的内存为：6.48047
状态划分算法运行时间(ms) ： 204.57
---------------------------------
流分布如下: 
---------------------------------
0   0   0   0   0   5   0   0   0   0   0   0   
0   0   0   0   0   0   29  0   0   0   0   0   
5   0   0   0   0   0   0   0   0   0   0   0   
0   0   0   0   0   0   0   0   0   0   0   0   
0   0   0   0   0   0   0   0   0   0   0   0   
0   0   0   0   0   0   0   0   0   0   0   0   
0   0   0   0   0   0   0   29  0   0   0   0   
0   0   0   0   0   29  0   0   0   0   0   0   
0   0   0   0   0   0   0   0   0   0   0   0   
0   0   0   0   0   0   0   0   0   0   0   0   
0   0   5   0   0   16  0   0   0   0   0   0   
0   29  0   0   0   12  0   0   0   0   21  0   
---------------------------------
关键边输出如下：
---------------------------------
20   A         33        0         0         
22   A         41        0         0         
21   A         50        0         0         
19   A         54        0         0         
5    A         55        0.0190023 0.0261411 
13   A         55        0.0199302 0.0398045 
12   A         55        0.0199302 0.0398045 
18   A         57        0.107355  0.107355  
6    A         57        0.107355  0.107355  
1    A         57        0.107355  0.107355  
3    b         62        0.0330876 0.0136432 
4    b         62        0.0330876 0.0345156 
8    b         62        0.0330876 0.0429613 
11   b         62        0.0330876 0.0440854 
2    C         62        0.0330876 0.0330876 
7    C         62        0.0330876 0.0330876 
9    C         62        0.0330876 0.0330876 
10   C         62        0.0330876 0.0330876 
14   C         62        0.0330876 0.0330876 
15   C         62        0.0330876 0.0330876 
16   C         62        0.0330876 0.0330876 
17   C         62        0.0330876 0.0330876 
---------------------------------
---------------------------------

12--6最大流值为：62
最可靠最大流分布概率为 ： 0.0330876
状态划分算法消耗的内存为：6.48047
状态划分算法运行时间(ms) ： 205.412
---------------------------------
流分布如下: 
---------------------------------
0   0   0   0   0   5   0   0   0   0   0   0   
0   0   0   0   0   0   29  0   0   0   0   0   
5   0   0   0   0   0   0   0   0   0   0   0   
0   0   0   0   0   0   0   0   0   0   0   0   
0   0   0   0   0   0   0   0   0   0   0   0   
0   0   0   0   0   0   0   0   0   0   0   0   
0   0   0   0   0   0   0   29  0   0   0   0   
0   0   0   0   0   29  0   0   0   0   0   0   
0   0   0   0   0   0   0   0   0   0   0   0   
0   0   0   0   0   0   0   0   0   0   0   0   
0   0   5   0   0   16  0   0   0   0   0   0   
0   29  0   0   0   12  0   0   0   0   21  0   
---------------------------------
关键边输出如下：
---------------------------------
20   A         33        0         0         
22   A         41        0         0         
21   A         50        0         0         
19   A         54        0         0         
5    A         55        0.0190023 0.0261411 
13   A         55        0.0199302 0.0398045 
12   A         55        0.0199302 0.0398045 
18   A         57        0.107355  0.107355  
6    A         57        0.107355  0.107355  
1    A         57        0.107355  0.107355  
3    b         62        0.0330876 0.0136432 
4    b         62        0.0330876 0.0345156 
8    b         62        0.0330876 0.0429613 
11   b         62        0.0330876 0.0440854 
2    C         62        0.0330876 0.0330876 
7    C         62        0.0330876 0.0330876 
9    C         62        0.0330876 0.0330876 
10   C         62        0.0330876 0.0330876 
14   C         62        0.0330876 0.0330876 
15   C         62        0.0330876 0.0330876 
16   C         62        0.0330876 0.0330876 
17   C         62        0.0330876 0.0330876 
---------------------------------
---------------------------------

12--6最大流值为：62
最可靠最大流分布概率为 ： 0.0330876
状态划分算法消耗的内存为：6.44141
状态划分算法运行时间(ms) ： 214.392
---------------------------------
流分布如下: 
---------------------------------
0   0   0   0   0   5   0   0   0   0   0   0   
0   0   0   0   0   0   29  0   0   0   0   0   
5   0   0   0   0   0   0   0   0   0   0   0   
0   0   0   0   0   0   0   0   0   0   0   0   
0   0   0   0   0   0   0   0   0   0   0   0   
0   0   0   0   0   0   0   0   0   0   0   0   
0   0   0   0   0   0   0   29  0   0   0   0   
0   0   0   0   0   29  0   0   0   0   0   0   
0   0   0   0   0   0   0   0   0   0   0   0   
0   0   0   0   0   0   0   0   0   0   0   0   
0   0   5   0   0   16  0   0   0   0   0   0   
0   29  0   0   0   12  0   0   0   0   21  0   
---------------------------------
关键边输出如下：
---------------------------------
20   A         33        0         0         
22   A         41        0         0         
21   A         50        0         0         
19   A         54        0         0         
5    A         55        0.0190023 0.0261411 
13   A         55        0.0199302 0.0398045 
12   A         55        0.0199302 0.0398045 
18   A         57        0.107355  0.107355  
6    A         57        0.107355  0.107355  
1    A         57        0.107355  0.107355  
3    b         62        0.0330876 0.0136432 
4    b         62        0.0330876 0.0345156 
8    b         62        0.0330876 0.0429613 
11   b         62        0.0330876 0.0440854 
2    C         62        0.0330876 0.0330876 
7    C         62        0.0330876 0.0330876 
9    C         62        0.0330876 0.0330876 
10   C         62        0.0330876 0.0330876 
14   C         62        0.0330876 0.0330876 
15   C         62        0.0330876 0.0330876 
16   C         62        0.0330876 0.0330876 
17   C         62        0.0330876 0.0330876 
---------------------------------
---------------------------------

12--6最大流值为：62
最可靠最大流分布概率为 ： 0.0330876
状态划分算法消耗的内存为：6.44531
状态划分算法运行时间(ms) ： 181.607
---------------------------------
流分布如下: 
---------------------------------
0   0   0   0   0   5   0   0   0   0   0   0   
0   0   0   0   0   0   29  0   0   0   0   0   
5   0   0   0   0   0   0   0   0   0   0   0   
0   0   0   0   0   0   0   0   0   0   0   0   
0   0   0   0   0   0   0   0   0   0   0   0   
0   0   0   0   0   0   0   0   0   0   0   0   
0   0   0   0   0   0   0   29  0   0   0   0   
0   0   0   0   0   29  0   0   0   0   0   0   
0   0   0   0   0   0   0   0   0   0   0   0   
0   0   0   0   0   0   0   0   0   0   0   0   
0   0   5   0   0   16  0   0   0   0   0   0   
0   29  0   0   0   12  0   0   0   0   21  0   
---------------------------------
关键边输出如下：
---------------------------------
20   A         33        0         0         
22   A         41        0         0         
21   A         50        0         0         
19   A         54        0         0         
5    A         55        0.0190023 0.0261411 
13   A         55        0.0199302 0.0398045 
12   A         55        0.0199302 0.0398045 
18   A         57        0.107355  0.107355  
6    A         57        0.107355  0.107355  
1    A         57        0.107355  0.107355  
3    b         0         0         0         
4    b         0         0         0         
8    b         0         0         0         
11   b         0         0         0         
2    C         62        0.0330876 0.0330876 
7    C         62        0.0330876 0.0330876 
9    C         62        0.0330876 0.0330876 
10   C         62        0.0330876 0.0330876 
14   C         62        0.0330876 0.0330876 
15   C         62        0.0330876 0.0330876 
16   C         62        0.0330876 0.0330876 
17   C         62        0.0330876 0.0330876 
---------------------------------
---------------------------------

12--6最大流值为：62
最可靠最大流分布概率为 ： 0.0330876
状态划分算法消耗的内存为：5.94531
状态划分算法运行时间(ms) ： 5393.76
---------------------------------
流分布如下: 
---------------------------------
0   0   0   0   0   5   0   0   0   0   0   0   
0   0   0   0   0   0   29  0   0   0   0   0   
5   0   0   0   0   0   0   0   0   0   0   0   
0   0   0   0   0   0   0   0   0   0   0   0   
0   0   0   0   0   0   0   0   0   0   0   0   
0   0   0   0   0   0   0   0   0   0   0   0   
0   0   0   0   0   0   0   29  0   0   0   0   
0   0   0   0   0   29  0   0   0   0   0   0   
0   0   0   0   0   0   0   0   0   0   0   0   
0   0   0   0   0   0   0   0   0   0   0   0   
0   0   5   0   0   16  0   0   0   0   0   0   
0   29  0   0   0   12  0   0   0   0   21  0   
---------------------------------
关键边输出如下：
---------------------------------
20   A         33        0         0         
22   A         41        0         0         
21   A         50        0         0         
19   A         54        0         0         
5    A         55        0.0190023 0.0261411 
13   A         55        0.0199302 0.0398045 
12   A         55        0.0199302 0.0398045 
18   A         57        0.107355  0.107355  
6    A         57        0.107355  0.107355  
1    A         57        0.107355  0.107355  
3    b         0         0         0         
4    b         0         0         0         
8    b         0         0         0         
11   b         0         0         0         
2    C         62        0.0330876 0.0330876 
7    C         62        0.0330876 0.0330876 
9    C         62        0.0330876 0.0330876 
10   C         62        0.0330876 0.0330876 
14   C         62        0.0330876 0.0330876 
15   C         62        0.0330876 0.0330876 
16   C         62        0.0330876 0.0330876 
17   C         62        0.0330876 0.0330876 
---------------------------------
---------------------------------

12--6最大流值为：62
最可靠最大流分布概率为 ： 0.0330876
状态划分算法消耗的内存为：5.98047
状态划分算法运行时间(ms) ： 22671.8
---------------------------------
流分布如下: 
---------------------------------
0   0   0   0   0   5   0   0   0   0   0   0   
0   0   0   0   0   0   29  0   0   0   0   0   
5   0   0   0   0   0   0   0   0   0   0   0   
0   0   0   0   0   0   0   0   0   0   0   0   
0   0   0   0   0   0   0   0   0   0   0   0   
0   0   0   0   0   0   0   0   0   0   0   0   
0   0   0   0   0   0   0   29  0   0   0   0   
0   0   0   0   0   29  0   0   0   0   0   0   
0   0   0   0   0   0   0   0   0   0   0   0   
0   0   0   0   0   0   0   0   0   0   0   0   
0   0   5   0   0   16  0   0   0   0   0   0   
0   29  0   0   0   12  0   0   0   0   21  0   
---------------------------------
关键边输出如下：
---------------------------------
20   A         33        0         0         
22   A         41        0         0         
21   A         50        0         0         
19   A         54        0         0         
5    A         55        0.0190023 0.0261411 
13   A         55        0.0199302 0.0398045 
12   A         55        0.0199302 0.0398045 
18   A         57        0.107355  0.107355  
6    A         57        0.107355  0.107355  
1    A         57        0.107355  0.107355  
3    b         62        0.0330876 0.0136432 
4    b         62        0.0330876 0.0276714 
8    b         62        0.0330876 0.0159548 
11   b         62        0.0330876 0.00224069
2    C         62        0.0330876 0.0330876 
7    C         62        0.0330876 0.0330876 
9    C         62        0.0330876 0.0330876 
10   C         62        0.0330876 0.0330876 
14   C         62        0.0330876 0.0330876 
15   C         62        0.0330876 0.0330876 
16   C         62        0.0330876 0.0330876 
17   C         62        0.0330876 0.0330876 
---------------------------------
---------------------------------

