6--5最大流值为：26
最可靠最大流分布概率为 ： 0.132277
状态划分算法消耗的内存为：21.9453
状态划分算法运行时间(ms) ： 2123.06
---------------------------------
流分布如下: 
---------------------------------
0   0   0   0   13  0   0   0   0   0   0   0   
0   0   0   0   0   0   0   0   0   0   0   0   
0   0   0   0   13  0   0   0   0   0   0   0   
0   0   0   0   0   0   0   0   0   0   0   0   
0   0   0   0   0   0   0   0   0   0   0   0   
0   0   0   0   0   0   13  0   13  0   0   0   
13  0   0   0   0   0   0   0   0   0   0   0   
0   0   0   0   0   0   0   0   0   0   0   0   
0   0   0   0   0   0   0   0   0   0   0   13  
0   0   13  0   0   0   0   0   0   0   0   0   
0   0   0   0   0   0   0   0   0   0   0   0   
0   0   0   0   0   0   0   0   0   13  0   0   
---------------------------------
关键边输出如下：
---------------------------------
1    A         13        0.214936  0.358489  
18   A         13        0.615423  0.665555  
4    A         13        0.615423  0.668847  
11   B         26        0.0686003 0.0195795 
12   B         26        0.0724632 0.0544509 
14   B         26        0.0724632 0.0597768 
17   B         26        0.116865  0.0978412 
22   B         26        0.116865  0.133555  
2    b         26        0.132277  0.0832626 
3    b         26        0.132277  0.178134  
7    b         26        0.132277  0.189337  
8    b         26        0.132277  0.259766  
9    b         26        0.132277  0.301892  
10   b         26        0.132277  0.384177  
13   b         26        0.132277  0.386849  
15   b         26        0.132277  0.417878  
16   b         26        0.132277  0.455565  
19   b         26        0.132277  0.524983  
20   b         26        0.132277  0.59729   
21   b         26        0.132277  0.675674  
5    C         26        0.132277  0.219633  
6    C         26        0.132277  0.219633  
---------------------------------
---------------------------------

6--5最大流值为：26
最可靠最大流分布概率为 ： 0.132277
状态划分算法消耗的内存为：6.60547
状态划分算法运行时间(ms) ： 2128.47
---------------------------------
流分布如下: 
---------------------------------
0   0   0   0   13  0   0   0   0   0   0   0   
0   0   0   0   0   0   0   0   0   0   0   0   
0   0   0   0   13  0   0   0   0   0   0   0   
0   0   0   0   0   0   0   0   0   0   0   0   
0   0   0   0   0   0   0   0   0   0   0   0   
0   0   0   0   0   0   13  0   13  0   0   0   
13  0   0   0   0   0   0   0   0   0   0   0   
0   0   0   0   0   0   0   0   0   0   0   0   
0   0   0   0   0   0   0   0   0   0   0   13  
0   0   13  0   0   0   0   0   0   0   0   0   
0   0   0   0   0   0   0   0   0   0   0   0   
0   0   0   0   0   0   0   0   0   13  0   0   
---------------------------------
关键边输出如下：
---------------------------------
1    A         13        0.214936  0.358489  
18   A         13        0.615423  0.665555  
4    A         13        0.615423  0.668847  
11   B         26        0.0686003 0.0195795 
12   B         26        0.0724632 0.0544509 
14   B         26        0.0724632 0.0597768 
17   B         26        0.116865  0.0978412 
22   B         26        0.116865  0.133555  
2    b         26        0.132277  0.0832626 
3    b         26        0.132277  0.178134  
7    b         26        0.132277  0.189337  
8    b         26        0.132277  0.259766  
9    b         26        0.132277  0.301892  
10   b         26        0.132277  0.384177  
13   b         26        0.132277  0.386849  
15   b         26        0.132277  0.417878  
16   b         26        0.132277  0.455565  
19   b         26        0.132277  0.524983  
20   b         26        0.132277  0.59729   
21   b         26        0.132277  0.675674  
5    C         26        0.132277  0.219633  
6    C         26        0.132277  0.219633  
---------------------------------
---------------------------------

6--5最大流值为：26
最可靠最大流分布概率为 ： 0.132277
状态划分算法消耗的内存为：6.62109
状态划分算法运行时间(ms) ： 2192.68
---------------------------------
流分布如下: 
---------------------------------
0   0   0   0   13  0   0   0   0   0   0   0   
0   0   0   0   0   0   0   0   0   0   0   0   
0   0   0   0   13  0   0   0   0   0   0   0   
0   0   0   0   0   0   0   0   0   0   0   0   
0   0   0   0   0   0   0   0   0   0   0   0   
0   0   0   0   0   0   13  0   13  0   0   0   
13  0   0   0   0   0   0   0   0   0   0   0   
0   0   0   0   0   0   0   0   0   0   0   0   
0   0   0   0   0   0   0   0   0   0   0   13  
0   0   13  0   0   0   0   0   0   0   0   0   
0   0   0   0   0   0   0   0   0   0   0   0   
0   0   0   0   0   0   0   0   0   13  0   0   
---------------------------------
关键边输出如下：
---------------------------------
1    A         13        0.214936  0.358489  
18   A         13        0.615423  0.665555  
4    A         13        0.615423  0.668847  
11   B         26        0.0686003 0.0195795 
12   B         26        0.0724632 0.0544509 
14   B         26        0.0724632 0.0597768 
17   B         26        0.116865  0.0978412 
22   B         26        0.116865  0.133555  
2    b         26        0.132277  0.0832626 
3    b         26        0.132277  0.178134  
7    b         26        0.132277  0.189337  
8    b         26        0.132277  0.259766  
9    b         26        0.132277  0.301892  
10   b         26        0.132277  0.384177  
13   b         26        0.132277  0.386849  
15   b         26        0.132277  0.417878  
16   b         26        0.132277  0.455565  
19   b         26        0.132277  0.524983  
20   b         26        0.132277  0.59729   
21   b         26        0.132277  0.675674  
5    C         26        0.132277  0.219633  
6    C         26        0.132277  0.219633  
---------------------------------
---------------------------------

6--5最大流值为：26
最可靠最大流分布概率为 ： 0.132277
状态划分算法消耗的内存为：6.60547
状态划分算法运行时间(ms) ： 2171.35
---------------------------------
流分布如下: 
---------------------------------
0   0   0   0   13  0   0   0   0   0   0   0   
0   0   0   0   0   0   0   0   0   0   0   0   
0   0   0   0   13  0   0   0   0   0   0   0   
0   0   0   0   0   0   0   0   0   0   0   0   
0   0   0   0   0   0   0   0   0   0   0   0   
0   0   0   0   0   0   13  0   13  0   0   0   
13  0   0   0   0   0   0   0   0   0   0   0   
0   0   0   0   0   0   0   0   0   0   0   0   
0   0   0   0   0   0   0   0   0   0   0   13  
0   0   13  0   0   0   0   0   0   0   0   0   
0   0   0   0   0   0   0   0   0   0   0   0   
0   0   0   0   0   0   0   0   0   13  0   0   
---------------------------------
关键边输出如下：
---------------------------------
1    A         13        0.214936  0.358489  
18   A         13        0.615423  0.665555  
4    A         13        0.615423  0.668847  
11   B         26        0.0686003 0.0195795 
12   B         26        0.0724632 0.0544509 
14   B         26        0.0724632 0.0597768 
17   B         26        0.116865  0.0978412 
22   B         26        0.116865  0.133555  
2    b         26        0.132277  0.0832626 
3    b         26        0.132277  0.178134  
7    b         26        0.132277  0.189337  
8    b         26        0.132277  0.259766  
9    b         26        0.132277  0.301892  
10   b         26        0.132277  0.384177  
13   b         26        0.132277  0.386849  
15   b         26        0.132277  0.417878  
16   b         26        0.132277  0.455565  
19   b         26        0.132277  0.524983  
20   b         26        0.132277  0.59729   
21   b         26        0.132277  0.675674  
5    C         26        0.132277  0.219633  
6    C         26        0.132277  0.219633  
---------------------------------
---------------------------------

6--5最大流值为：26
最可靠最大流分布概率为 ： 0.132277
状态划分算法消耗的内存为：6.61328
状态划分算法运行时间(ms) ： 2184.54
---------------------------------
流分布如下: 
---------------------------------
0   0   0   0   13  0   0   0   0   0   0   0   
0   0   0   0   0   0   0   0   0   0   0   0   
0   0   0   0   13  0   0   0   0   0   0   0   
0   0   0   0   0   0   0   0   0   0   0   0   
0   0   0   0   0   0   0   0   0   0   0   0   
0   0   0   0   0   0   13  0   13  0   0   0   
13  0   0   0   0   0   0   0   0   0   0   0   
0   0   0   0   0   0   0   0   0   0   0   0   
0   0   0   0   0   0   0   0   0   0   0   13  
0   0   13  0   0   0   0   0   0   0   0   0   
0   0   0   0   0   0   0   0   0   0   0   0   
0   0   0   0   0   0   0   0   0   13  0   0   
---------------------------------
关键边输出如下：
---------------------------------
1    A         13        0.214936  0.358489  
18   A         13        0.615423  0.665555  
4    A         13        0.615423  0.668847  
11   B         26        0.0686003 0.0195795 
12   B         26        0.0724632 0.0544509 
14   B         26        0.0724632 0.0597768 
17   B         26        0.116865  0.0978412 
22   B         26        0.116865  0.133555  
2    b         26        0.132277  0.0832626 
3    b         26        0.132277  0.178134  
7    b         26        0.132277  0.189337  
8    b         26        0.132277  0.259766  
9    b         26        0.132277  0.301892  
10   b         26        0.132277  0.384177  
13   b         26        0.132277  0.386849  
15   b         26        0.132277  0.417878  
16   b         26        0.132277  0.455565  
19   b         26        0.132277  0.524983  
20   b         26        0.132277  0.59729   
21   b         26        0.132277  0.675674  
5    C         26        0.132277  0.219633  
6    C         26        0.132277  0.219633  
---------------------------------
---------------------------------

6--5最大流值为：26
最可靠最大流分布概率为 ： 0.132277
状态划分算法消耗的内存为：6.62891
状态划分算法运行时间(ms) ： 2181.54
---------------------------------
流分布如下: 
---------------------------------
0   0   0   0   13  0   0   0   0   0   0   0   
0   0   0   0   0   0   0   0   0   0   0   0   
0   0   0   0   13  0   0   0   0   0   0   0   
0   0   0   0   0   0   0   0   0   0   0   0   
0   0   0   0   0   0   0   0   0   0   0   0   
0   0   0   0   0   0   13  0   13  0   0   0   
13  0   0   0   0   0   0   0   0   0   0   0   
0   0   0   0   0   0   0   0   0   0   0   0   
0   0   0   0   0   0   0   0   0   0   0   13  
0   0   13  0   0   0   0   0   0   0   0   0   
0   0   0   0   0   0   0   0   0   0   0   0   
0   0   0   0   0   0   0   0   0   13  0   0   
---------------------------------
关键边输出如下：
---------------------------------
1    A         13        0.214936  0.358489  
18   A         13        0.615423  0.665555  
4    A         13        0.615423  0.668847  
11   B         26        0.0686003 0.0195795 
12   B         26        0.0724632 0.0544509 
14   B         26        0.0724632 0.0597768 
17   B         26        0.116865  0.0978412 
22   B         26        0.116865  0.133555  
2    b         26        0.132277  0.0832626 
3    b         26        0.132277  0.178134  
7    b         26        0.132277  0.189337  
8    b         26        0.132277  0.259766  
9    b         26        0.132277  0.301892  
10   b         26        0.132277  0.384177  
13   b         26        0.132277  0.386849  
15   b         26        0.132277  0.417878  
16   b         26        0.132277  0.455565  
19   b         26        0.132277  0.524983  
20   b         26        0.132277  0.59729   
21   b         26        0.132277  0.675674  
5    C         26        0.132277  0.219633  
6    C         26        0.132277  0.219633  
---------------------------------
---------------------------------

6--5最大流值为：26
最可靠最大流分布概率为 ： 0.132277
状态划分算法消耗的内存为：6.625
状态划分算法运行时间(ms) ： 2193.59
---------------------------------
流分布如下: 
---------------------------------
0   0   0   0   13  0   0   0   0   0   0   0   
0   0   0   0   0   0   0   0   0   0   0   0   
0   0   0   0   13  0   0   0   0   0   0   0   
0   0   0   0   0   0   0   0   0   0   0   0   
0   0   0   0   0   0   0   0   0   0   0   0   
0   0   0   0   0   0   13  0   13  0   0   0   
13  0   0   0   0   0   0   0   0   0   0   0   
0   0   0   0   0   0   0   0   0   0   0   0   
0   0   0   0   0   0   0   0   0   0   0   13  
0   0   13  0   0   0   0   0   0   0   0   0   
0   0   0   0   0   0   0   0   0   0   0   0   
0   0   0   0   0   0   0   0   0   13  0   0   
---------------------------------
关键边输出如下：
---------------------------------
1    A         13        0.214936  0.358489  
18   A         13        0.615423  0.665555  
4    A         13        0.615423  0.668847  
11   B         26        0.0686003 0.0195795 
12   B         26        0.0724632 0.0544509 
14   B         26        0.0724632 0.0597768 
17   B         26        0.116865  0.0978412 
22   B         26        0.116865  0.133555  
2    b         26        0.132277  0.0832626 
3    b         26        0.132277  0.178134  
7    b         26        0.132277  0.189337  
8    b         26        0.132277  0.259766  
9    b         26        0.132277  0.301892  
10   b         26        0.132277  0.384177  
13   b         26        0.132277  0.386849  
15   b         26        0.132277  0.417878  
16   b         26        0.132277  0.455565  
19   b         26        0.132277  0.524983  
20   b         26        0.132277  0.59729   
21   b         26        0.132277  0.675674  
5    C         26        0.132277  0.219633  
6    C         26        0.132277  0.219633  
---------------------------------
---------------------------------

6--5最大流值为：26
最可靠最大流分布概率为 ： 0.132277
状态划分算法消耗的内存为：6.65625
状态划分算法运行时间(ms) ： 2203.26
---------------------------------
流分布如下: 
---------------------------------
0   0   0   0   13  0   0   0   0   0   0   0   
0   0   0   0   0   0   0   0   0   0   0   0   
0   0   0   0   13  0   0   0   0   0   0   0   
0   0   0   0   0   0   0   0   0   0   0   0   
0   0   0   0   0   0   0   0   0   0   0   0   
0   0   0   0   0   0   13  0   13  0   0   0   
13  0   0   0   0   0   0   0   0   0   0   0   
0   0   0   0   0   0   0   0   0   0   0   0   
0   0   0   0   0   0   0   0   0   0   0   13  
0   0   13  0   0   0   0   0   0   0   0   0   
0   0   0   0   0   0   0   0   0   0   0   0   
0   0   0   0   0   0   0   0   0   13  0   0   
---------------------------------
关键边输出如下：
---------------------------------
1    A         13        0.214936  0.358489  
18   A         13        0.615423  0.665555  
4    A         13        0.615423  0.668847  
11   B         26        0.0686003 0.0195795 
12   B         26        0.0724632 0.0544509 
14   B         26        0.0724632 0.0597768 
17   B         26        0.116865  0.0978412 
22   B         26        0.116865  0.133555  
2    b         26        0.132277  0.0832626 
3    b         26        0.132277  0.178134  
7    b         26        0.132277  0.189337  
8    b         26        0.132277  0.259766  
9    b         26        0.132277  0.301892  
10   b         26        0.132277  0.384177  
13   b         26        0.132277  0.386849  
15   b         26        0.132277  0.417878  
16   b         26        0.132277  0.455565  
19   b         26        0.132277  0.524983  
20   b         26        0.132277  0.59729   
21   b         26        0.132277  0.675674  
5    C         26        0.132277  0.219633  
6    C         26        0.132277  0.219633  
---------------------------------
---------------------------------

6--5最大流值为：26
最可靠最大流分布概率为 ： 0.132277
状态划分算法消耗的内存为：6.66797
状态划分算法运行时间(ms) ： 2223.46
---------------------------------
流分布如下: 
---------------------------------
0   0   0   0   13  0   0   0   0   0   0   0   
0   0   0   0   0   0   0   0   0   0   0   0   
0   0   0   0   13  0   0   0   0   0   0   0   
0   0   0   0   0   0   0   0   0   0   0   0   
0   0   0   0   0   0   0   0   0   0   0   0   
0   0   0   0   0   0   13  0   13  0   0   0   
13  0   0   0   0   0   0   0   0   0   0   0   
0   0   0   0   0   0   0   0   0   0   0   0   
0   0   0   0   0   0   0   0   0   0   0   13  
0   0   13  0   0   0   0   0   0   0   0   0   
0   0   0   0   0   0   0   0   0   0   0   0   
0   0   0   0   0   0   0   0   0   13  0   0   
---------------------------------
关键边输出如下：
---------------------------------
1    A         13        0.214936  0.358489  
18   A         13        0.615423  0.665555  
4    A         13        0.615423  0.668847  
11   B         26        0.0686003 0.0195795 
12   B         26        0.0724632 0.0544509 
14   B         26        0.0724632 0.0597768 
17   B         26        0.116865  0.0978412 
22   B         26        0.116865  0.133555  
2    b         26        0.132277  0.0832626 
3    b         26        0.132277  0.178134  
7    b         26        0.132277  0.189337  
8    b         26        0.132277  0.259766  
9    b         26        0.132277  0.301892  
10   b         26        0.132277  0.384177  
13   b         26        0.132277  0.386849  
15   b         26        0.132277  0.417878  
16   b         26        0.132277  0.455565  
19   b         26        0.132277  0.524983  
20   b         26        0.132277  0.59729   
21   b         26        0.132277  0.675674  
5    C         26        0.132277  0.219633  
6    C         26        0.132277  0.219633  
---------------------------------
---------------------------------

6--5最大流值为：26
最可靠最大流分布概率为 ： 0.132277
状态划分算法消耗的内存为：6.64063
状态划分算法运行时间(ms) ： 2238.49
---------------------------------
流分布如下: 
---------------------------------
0   0   0   0   13  0   0   0   0   0   0   0   
0   0   0   0   0   0   0   0   0   0   0   0   
0   0   0   0   13  0   0   0   0   0   0   0   
0   0   0   0   0   0   0   0   0   0   0   0   
0   0   0   0   0   0   0   0   0   0   0   0   
0   0   0   0   0   0   13  0   13  0   0   0   
13  0   0   0   0   0   0   0   0   0   0   0   
0   0   0   0   0   0   0   0   0   0   0   0   
0   0   0   0   0   0   0   0   0   0   0   13  
0   0   13  0   0   0   0   0   0   0   0   0   
0   0   0   0   0   0   0   0   0   0   0   0   
0   0   0   0   0   0   0   0   0   13  0   0   
---------------------------------
关键边输出如下：
---------------------------------
1    A         13        0.214936  0.358489  
18   A         13        0.615423  0.665555  
4    A         13        0.615423  0.668847  
11   B         26        0.0686003 0.0195795 
12   B         26        0.0724632 0.0544509 
14   B         26        0.0724632 0.0597768 
17   B         26        0.116865  0.0978412 
22   B         26        0.116865  0.133555  
2    b         26        0.132277  0.0832626 
3    b         26        0.132277  0.178134  
7    b         26        0.132277  0.189337  
8    b         26        0.132277  0.259766  
9    b         26        0.132277  0.301892  
10   b         26        0.132277  0.384177  
13   b         26        0.132277  0.386849  
15   b         26        0.132277  0.417878  
16   b         26        0.132277  0.455565  
19   b         26        0.132277  0.524983  
20   b         26        0.132277  0.59729   
21   b         26        0.132277  0.675674  
5    C         26        0.132277  0.219633  
6    C         26        0.132277  0.219633  
---------------------------------
---------------------------------

6--5最大流值为：26
最可靠最大流分布概率为 ： 0.132277
状态划分算法消耗的内存为：6.66016
状态划分算法运行时间(ms) ： 2246.41
---------------------------------
流分布如下: 
---------------------------------
0   0   0   0   13  0   0   0   0   0   0   0   
0   0   0   0   0   0   0   0   0   0   0   0   
0   0   0   0   13  0   0   0   0   0   0   0   
0   0   0   0   0   0   0   0   0   0   0   0   
0   0   0   0   0   0   0   0   0   0   0   0   
0   0   0   0   0   0   13  0   13  0   0   0   
13  0   0   0   0   0   0   0   0   0   0   0   
0   0   0   0   0   0   0   0   0   0   0   0   
0   0   0   0   0   0   0   0   0   0   0   13  
0   0   13  0   0   0   0   0   0   0   0   0   
0   0   0   0   0   0   0   0   0   0   0   0   
0   0   0   0   0   0   0   0   0   13  0   0   
---------------------------------
关键边输出如下：
---------------------------------
1    A         13        0.214936  0.358489  
18   A         13        0.615423  0.665555  
4    A         13        0.615423  0.668847  
11   B         26        0.0686003 0.0195795 
12   B         26        0.0724632 0.0544509 
14   B         26        0.0724632 0.0597768 
17   B         26        0.116865  0.0978412 
22   B         26        0.116865  0.133555  
2    b         26        0.132277  0.0832626 
3    b         26        0.132277  0.178134  
7    b         26        0.132277  0.189337  
8    b         26        0.132277  0.259766  
9    b         26        0.132277  0.301892  
10   b         26        0.132277  0.384177  
13   b         26        0.132277  0.386849  
15   b         26        0.132277  0.417878  
16   b         26        0.132277  0.455565  
19   b         26        0.132277  0.524983  
20   b         26        0.132277  0.59729   
21   b         26        0.132277  0.675674  
5    C         26        0.132277  0.219633  
6    C         26        0.132277  0.219633  
---------------------------------
---------------------------------

6--5最大流值为：26
最可靠最大流分布概率为 ： 0.132277
状态划分算法消耗的内存为：6.56641
状态划分算法运行时间(ms) ： 2004.11
---------------------------------
流分布如下: 
---------------------------------
0   0   0   0   13  0   0   0   0   0   0   0   
0   0   0   0   0   0   0   0   0   0   0   0   
0   0   0   0   13  0   0   0   0   0   0   0   
0   0   0   0   0   0   0   0   0   0   0   0   
0   0   0   0   0   0   0   0   0   0   0   0   
0   0   0   0   0   0   13  0   13  0   0   0   
13  0   0   0   0   0   0   0   0   0   0   0   
0   0   0   0   0   0   0   0   0   0   0   0   
0   0   0   0   0   0   0   0   0   0   0   13  
0   0   13  0   0   0   0   0   0   0   0   0   
0   0   0   0   0   0   0   0   0   0   0   0   
0   0   0   0   0   0   0   0   0   13  0   0   
---------------------------------
关键边输出如下：
---------------------------------
1    A         13        0.214936  0.358489  
18   A         13        0.615423  0.665555  
4    A         13        0.615423  0.668847  
11   B         26        0.0686003 0.0195795 
12   B         26        0.0724632 0.0354101 
14   B         26        0.0686003 0.00597891
17   B         26        0.116865  0.0388397 
22   B         26        0.116865  0.0365616 
2    b         26        0.132277  0.0832626 
3    b         26        0.132277  0.103527  
7    b         26        0.132277  0.0113973 
8    b         26        0.132277  0.070429  
9    b         26        0.132277  0.0503162 
10   b         26        0.132277  0.095314  
13   b         26        0.132277  0.00274329
15   b         26        0.132277  0.0825185 
16   b         26        0.132277  0.0376895 
19   b         26        0.132277  0.0696263 
20   b         26        0.132277  0.074303  
21   b         26        0.132277  0.078384  
5    C         26        0.132277  0.219633  
6    C         26        0.132277  0.219633  
---------------------------------
---------------------------------

