7--12最大流值为：61
最可靠最大流分布概率为 ： 0.111716
状态划分算法消耗的内存为：20.8789
状态划分算法运行时间(ms) ： 63.9675
---------------------------------
流分布如下: 
---------------------------------
0   0   0   0   0   0   0   0   0   0   0   13  
0   0   0   0   0   0   0   0   0   0   0   0   
0   0   0   0   0   0   0   0   0   0   0   0   
0   0   0   0   0   0   0   0   0   0   0   0   
0   0   0   0   0   0   0   0   0   0   0   0   
0   0   0   0   0   0   0   0   0   0   0   0   
0   0   0   0   0   0   0   29  0   0   0   32  
0   0   0   0   0   0   0   0   19  0   10  0   
0   0   0   0   0   0   0   0   0   19  0   0   
13  0   0   0   0   0   0   0   0   0   0   16  
0   0   0   0   0   0   0   0   0   10  0   0   
0   0   0   0   0   0   0   0   0   0   0   0   
---------------------------------
关键边输出如下：
---------------------------------
11   A         29        0         0         
19   A         45        0         0         
9    A         47        0         0         
16   A         48        0.397694  0.42021   
1    A         48        0.397694  0.42021   
22   A         51        0         0         
15   A         53        0         0         
12   B         61        0.0575258 0.00881112
13   B         61        0.0621694 0.00961466
8    b         61        0.111716  0.0362113 
10   b         61        0.111716  0.0905331 
21   b         61        0.111716  0.130705  
2    C         61        0.111716  0.121331  
3    C         61        0.111716  0.121331  
4    C         61        0.111716  0.121331  
5    C         61        0.111716  0.121331  
6    C         61        0.111716  0.121331  
7    C         61        0.111716  0.121331  
14   C         61        0.111716  0.121331  
17   C         61        0.111716  0.121331  
18   C         61        0.111716  0.121331  
20   C         61        0.111716  0.121331  
---------------------------------
---------------------------------

7--12最大流值为：61
最可靠最大流分布概率为 ： 0.111716
状态划分算法消耗的内存为：21.6094
状态划分算法运行时间(ms) ： 63.3819
---------------------------------
流分布如下: 
---------------------------------
0   0   0   0   0   0   0   0   0   0   0   13  
0   0   0   0   0   0   0   0   0   0   0   0   
0   0   0   0   0   0   0   0   0   0   0   0   
0   0   0   0   0   0   0   0   0   0   0   0   
0   0   0   0   0   0   0   0   0   0   0   0   
0   0   0   0   0   0   0   0   0   0   0   0   
0   0   0   0   0   0   0   29  0   0   0   32  
0   0   0   0   0   0   0   0   19  0   10  0   
0   0   0   0   0   0   0   0   0   19  0   0   
13  0   0   0   0   0   0   0   0   0   0   16  
0   0   0   0   0   0   0   0   0   10  0   0   
0   0   0   0   0   0   0   0   0   0   0   0   
---------------------------------
关键边输出如下：
---------------------------------
11   A         29        0         0         
19   A         45        0         0         
9    A         47        0         0         
16   A         48        0.397694  0.42021   
1    A         48        0.397694  0.42021   
22   A         51        0         0         
15   A         53        0         0         
12   B         61        0.0575258 0.00881112
13   B         61        0.0621694 0.00961466
8    b         61        0.111716  0.0362113 
10   b         61        0.111716  0.0905331 
21   b         61        0.111716  0.130705  
2    C         61        0.111716  0.121331  
3    C         61        0.111716  0.121331  
4    C         61        0.111716  0.121331  
5    C         61        0.111716  0.121331  
6    C         61        0.111716  0.121331  
7    C         61        0.111716  0.121331  
14   C         61        0.111716  0.121331  
17   C         61        0.111716  0.121331  
18   C         61        0.111716  0.121331  
20   C         61        0.111716  0.121331  
---------------------------------
---------------------------------

7--12最大流值为：61
最可靠最大流分布概率为 ： 0.111716
状态划分算法消耗的内存为：6.42578
状态划分算法运行时间(ms) ： 94.0361
---------------------------------
流分布如下: 
---------------------------------
0   0   0   0   0   0   0   0   0   0   0   13  
0   0   0   0   0   0   0   0   0   0   0   0   
0   0   0   0   0   0   0   0   0   0   0   0   
0   0   0   0   0   0   0   0   0   0   0   0   
0   0   0   0   0   0   0   0   0   0   0   0   
0   0   0   0   0   0   0   0   0   0   0   0   
0   0   0   0   0   0   0   29  0   0   0   32  
0   0   0   0   0   0   0   0   19  0   10  0   
0   0   0   0   0   0   0   0   0   19  0   0   
13  0   0   0   0   0   0   0   0   0   0   16  
0   0   0   0   0   0   0   0   0   10  0   0   
0   0   0   0   0   0   0   0   0   0   0   0   
---------------------------------
关键边输出如下：
---------------------------------
11   A         29        0         0         
19   A         45        0         0         
9    A         47        0         0         
16   A         48        0.397694  0.42021   
1    A         48        0.397694  0.42021   
22   A         51        0         0         
15   A         53        0         0         
12   B         61        0.0575258 0.00881112
13   B         61        0.0621694 0.00961466
8    b         61        0.111716  0.0362113 
10   b         61        0.111716  0.0905331 
21   b         61        0.111716  0.130705  
2    C         61        0.111716  0.121331  
3    C         61        0.111716  0.121331  
4    C         61        0.111716  0.121331  
5    C         61        0.111716  0.121331  
6    C         61        0.111716  0.121331  
7    C         61        0.111716  0.121331  
14   C         61        0.111716  0.121331  
17   C         61        0.111716  0.121331  
18   C         61        0.111716  0.121331  
20   C         61        0.111716  0.121331  
---------------------------------
---------------------------------

7--12最大流值为：61
最可靠最大流分布概率为 ： 0.111716
状态划分算法消耗的内存为：6.42188
状态划分算法运行时间(ms) ： 114.129
---------------------------------
流分布如下: 
---------------------------------
0   0   0   0   0   0   0   0   0   0   0   13  
0   0   0   0   0   0   0   0   0   0   0   0   
0   0   0   0   0   0   0   0   0   0   0   0   
0   0   0   0   0   0   0   0   0   0   0   0   
0   0   0   0   0   0   0   0   0   0   0   0   
0   0   0   0   0   0   0   0   0   0   0   0   
0   0   0   0   0   0   0   29  0   0   0   32  
0   0   0   0   0   0   0   0   19  0   10  0   
0   0   0   0   0   0   0   0   0   19  0   0   
13  0   0   0   0   0   0   0   0   0   0   16  
0   0   0   0   0   0   0   0   0   10  0   0   
0   0   0   0   0   0   0   0   0   0   0   0   
---------------------------------
关键边输出如下：
---------------------------------
11   A         29        0         0         
19   A         45        0         0         
9    A         47        0         0         
16   A         48        0.397694  0.42021   
1    A         48        0.397694  0.42021   
22   A         51        0         0         
15   A         53        0         0         
12   B         61        0.0575258 0.00881112
13   B         61        0.0621694 0.00961466
8    b         61        0.111716  0.0362113 
10   b         61        0.111716  0.0905331 
21   b         61        0.111716  0.130705  
2    C         61        0.111716  0.121331  
3    C         61        0.111716  0.121331  
4    C         61        0.111716  0.121331  
5    C         61        0.111716  0.121331  
6    C         61        0.111716  0.121331  
7    C         61        0.111716  0.121331  
14   C         61        0.111716  0.121331  
17   C         61        0.111716  0.121331  
18   C         61        0.111716  0.121331  
20   C         61        0.111716  0.121331  
---------------------------------
---------------------------------

7--12最大流值为：61
最可靠最大流分布概率为 ： 0.111716
状态划分算法消耗的内存为：6.39063
状态划分算法运行时间(ms) ： 111.821
---------------------------------
流分布如下: 
---------------------------------
0   0   0   0   0   0   0   0   0   0   0   13  
0   0   0   0   0   0   0   0   0   0   0   0   
0   0   0   0   0   0   0   0   0   0   0   0   
0   0   0   0   0   0   0   0   0   0   0   0   
0   0   0   0   0   0   0   0   0   0   0   0   
0   0   0   0   0   0   0   0   0   0   0   0   
0   0   0   0   0   0   0   29  0   0   0   32  
0   0   0   0   0   0   0   0   19  0   10  0   
0   0   0   0   0   0   0   0   0   19  0   0   
13  0   0   0   0   0   0   0   0   0   0   16  
0   0   0   0   0   0   0   0   0   10  0   0   
0   0   0   0   0   0   0   0   0   0   0   0   
---------------------------------
关键边输出如下：
---------------------------------
11   A         29        0         0         
19   A         45        0         0         
9    A         47        0         0         
16   A         48        0.397694  0.42021   
1    A         48        0.397694  0.42021   
22   A         51        0         0         
15   A         53        0         0         
12   B         61        0.0575258 0.00881112
13   B         61        0.0621694 0.00961466
8    b         61        0.111716  0.0362113 
10   b         61        0.111716  0.0905331 
21   b         61        0.111716  0.130705  
2    C         61        0.111716  0.121331  
3    C         61        0.111716  0.121331  
4    C         61        0.111716  0.121331  
5    C         61        0.111716  0.121331  
6    C         61        0.111716  0.121331  
7    C         61        0.111716  0.121331  
14   C         61        0.111716  0.121331  
17   C         61        0.111716  0.121331  
18   C         61        0.111716  0.121331  
20   C         61        0.111716  0.121331  
---------------------------------
---------------------------------

7--12最大流值为：61
最可靠最大流分布概率为 ： 0.111716
状态划分算法消耗的内存为：6.4375
状态划分算法运行时间(ms) ： 121.685
---------------------------------
流分布如下: 
---------------------------------
0   0   0   0   0   0   0   0   0   0   0   13  
0   0   0   0   0   0   0   0   0   0   0   0   
0   0   0   0   0   0   0   0   0   0   0   0   
0   0   0   0   0   0   0   0   0   0   0   0   
0   0   0   0   0   0   0   0   0   0   0   0   
0   0   0   0   0   0   0   0   0   0   0   0   
0   0   0   0   0   0   0   29  0   0   0   32  
0   0   0   0   0   0   0   0   19  0   10  0   
0   0   0   0   0   0   0   0   0   19  0   0   
13  0   0   0   0   0   0   0   0   0   0   16  
0   0   0   0   0   0   0   0   0   10  0   0   
0   0   0   0   0   0   0   0   0   0   0   0   
---------------------------------
关键边输出如下：
---------------------------------
11   A         29        0         0         
19   A         45        0         0         
9    A         47        0         0         
16   A         48        0.397694  0.42021   
1    A         48        0.397694  0.42021   
22   A         51        0         0         
15   A         53        0         0         
12   B         61        0.0575258 0.00881112
13   B         61        0.0621694 0.00961466
8    b         61        0.111716  0.0362113 
10   b         61        0.111716  0.0905331 
21   b         61        0.111716  0.130705  
2    C         61        0.111716  0.121331  
3    C         61        0.111716  0.121331  
4    C         61        0.111716  0.121331  
5    C         61        0.111716  0.121331  
6    C         61        0.111716  0.121331  
7    C         61        0.111716  0.121331  
14   C         61        0.111716  0.121331  
17   C         61        0.111716  0.121331  
18   C         61        0.111716  0.121331  
20   C         61        0.111716  0.121331  
---------------------------------
---------------------------------

7--12最大流值为：61
最可靠最大流分布概率为 ： 0.111716
状态划分算法消耗的内存为：6.48828
状态划分算法运行时间(ms) ： 123.979
---------------------------------
流分布如下: 
---------------------------------
0   0   0   0   0   0   0   0   0   0   0   13  
0   0   0   0   0   0   0   0   0   0   0   0   
0   0   0   0   0   0   0   0   0   0   0   0   
0   0   0   0   0   0   0   0   0   0   0   0   
0   0   0   0   0   0   0   0   0   0   0   0   
0   0   0   0   0   0   0   0   0   0   0   0   
0   0   0   0   0   0   0   29  0   0   0   32  
0   0   0   0   0   0   0   0   19  0   10  0   
0   0   0   0   0   0   0   0   0   19  0   0   
13  0   0   0   0   0   0   0   0   0   0   16  
0   0   0   0   0   0   0   0   0   10  0   0   
0   0   0   0   0   0   0   0   0   0   0   0   
---------------------------------
关键边输出如下：
---------------------------------
11   A         29        0         0         
19   A         45        0         0         
9    A         47        0         0         
16   A         48        0.397694  0.42021   
1    A         48        0.397694  0.42021   
22   A         51        0         0         
15   A         53        0         0         
12   B         61        0.0575258 0.00881112
13   B         61        0.0621694 0.00961466
8    b         61        0.111716  0.0362113 
10   b         61        0.111716  0.0905331 
21   b         61        0.111716  0.130705  
2    C         61        0.111716  0.121331  
3    C         61        0.111716  0.121331  
4    C         61        0.111716  0.121331  
5    C         61        0.111716  0.121331  
6    C         61        0.111716  0.121331  
7    C         61        0.111716  0.121331  
14   C         61        0.111716  0.121331  
17   C         61        0.111716  0.121331  
18   C         61        0.111716  0.121331  
20   C         61        0.111716  0.121331  
---------------------------------
---------------------------------

7--12最大流值为：61
最可靠最大流分布概率为 ： 0.111716
状态划分算法消耗的内存为：6.45313
状态划分算法运行时间(ms) ： 134.005
---------------------------------
流分布如下: 
---------------------------------
0   0   0   0   0   0   0   0   0   0   0   13  
0   0   0   0   0   0   0   0   0   0   0   0   
0   0   0   0   0   0   0   0   0   0   0   0   
0   0   0   0   0   0   0   0   0   0   0   0   
0   0   0   0   0   0   0   0   0   0   0   0   
0   0   0   0   0   0   0   0   0   0   0   0   
0   0   0   0   0   0   0   29  0   0   0   32  
0   0   0   0   0   0   0   0   19  0   10  0   
0   0   0   0   0   0   0   0   0   19  0   0   
13  0   0   0   0   0   0   0   0   0   0   16  
0   0   0   0   0   0   0   0   0   10  0   0   
0   0   0   0   0   0   0   0   0   0   0   0   
---------------------------------
关键边输出如下：
---------------------------------
11   A         29        0         0         
19   A         45        0         0         
9    A         47        0         0         
16   A         48        0.397694  0.42021   
1    A         48        0.397694  0.42021   
22   A         51        0         0         
15   A         53        0         0         
12   B         61        0.0575258 0.00881112
13   B         61        0.0621694 0.00961466
8    b         61        0.111716  0.0362113 
10   b         61        0.111716  0.0905331 
21   b         61        0.111716  0.130705  
2    C         61        0.111716  0.121331  
3    C         61        0.111716  0.121331  
4    C         61        0.111716  0.121331  
5    C         61        0.111716  0.121331  
6    C         61        0.111716  0.121331  
7    C         61        0.111716  0.121331  
14   C         61        0.111716  0.121331  
17   C         61        0.111716  0.121331  
18   C         61        0.111716  0.121331  
20   C         61        0.111716  0.121331  
---------------------------------
---------------------------------

7--12最大流值为：61
最可靠最大流分布概率为 ： 0.111716
状态划分算法消耗的内存为：6.47266
状态划分算法运行时间(ms) ： 132.022
---------------------------------
流分布如下: 
---------------------------------
0   0   0   0   0   0   0   0   0   0   0   13  
0   0   0   0   0   0   0   0   0   0   0   0   
0   0   0   0   0   0   0   0   0   0   0   0   
0   0   0   0   0   0   0   0   0   0   0   0   
0   0   0   0   0   0   0   0   0   0   0   0   
0   0   0   0   0   0   0   0   0   0   0   0   
0   0   0   0   0   0   0   29  0   0   0   32  
0   0   0   0   0   0   0   0   19  0   10  0   
0   0   0   0   0   0   0   0   0   19  0   0   
13  0   0   0   0   0   0   0   0   0   0   16  
0   0   0   0   0   0   0   0   0   10  0   0   
0   0   0   0   0   0   0   0   0   0   0   0   
---------------------------------
关键边输出如下：
---------------------------------
11   A         29        0         0         
19   A         45        0         0         
9    A         47        0         0         
16   A         48        0.397694  0.42021   
1    A         48        0.397694  0.42021   
22   A         51        0         0         
15   A         53        0         0         
12   B         61        0.0575258 0.00881112
13   B         61        0.0621694 0.00961466
8    b         61        0.111716  0.0362113 
10   b         61        0.111716  0.0905331 
21   b         61        0.111716  0.130705  
2    C         61        0.111716  0.121331  
3    C         61        0.111716  0.121331  
4    C         61        0.111716  0.121331  
5    C         61        0.111716  0.121331  
6    C         61        0.111716  0.121331  
7    C         61        0.111716  0.121331  
14   C         61        0.111716  0.121331  
17   C         61        0.111716  0.121331  
18   C         61        0.111716  0.121331  
20   C         61        0.111716  0.121331  
---------------------------------
---------------------------------

7--12最大流值为：61
最可靠最大流分布概率为 ： 0.111716
状态划分算法消耗的内存为：6.43359
状态划分算法运行时间(ms) ： 131.894
---------------------------------
流分布如下: 
---------------------------------
0   0   0   0   0   0   0   0   0   0   0   13  
0   0   0   0   0   0   0   0   0   0   0   0   
0   0   0   0   0   0   0   0   0   0   0   0   
0   0   0   0   0   0   0   0   0   0   0   0   
0   0   0   0   0   0   0   0   0   0   0   0   
0   0   0   0   0   0   0   0   0   0   0   0   
0   0   0   0   0   0   0   29  0   0   0   32  
0   0   0   0   0   0   0   0   19  0   10  0   
0   0   0   0   0   0   0   0   0   19  0   0   
13  0   0   0   0   0   0   0   0   0   0   16  
0   0   0   0   0   0   0   0   0   10  0   0   
0   0   0   0   0   0   0   0   0   0   0   0   
---------------------------------
关键边输出如下：
---------------------------------
11   A         29        0         0         
19   A         45        0         0         
9    A         47        0         0         
16   A         48        0.397694  0.42021   
1    A         48        0.397694  0.42021   
22   A         51        0         0         
15   A         53        0         0         
12   B         61        0.0575258 0.00881112
13   B         61        0.0621694 0.00961466
8    b         61        0.111716  0.0362113 
10   b         61        0.111716  0.0905331 
21   b         61        0.111716  0.130705  
2    C         61        0.111716  0.121331  
3    C         61        0.111716  0.121331  
4    C         61        0.111716  0.121331  
5    C         61        0.111716  0.121331  
6    C         61        0.111716  0.121331  
7    C         61        0.111716  0.121331  
14   C         61        0.111716  0.121331  
17   C         61        0.111716  0.121331  
18   C         61        0.111716  0.121331  
20   C         61        0.111716  0.121331  
---------------------------------
---------------------------------

7--12最大流值为：61
最可靠最大流分布概率为 ： 0.111716
状态划分算法消耗的内存为：6.48047
状态划分算法运行时间(ms) ： 145.998
---------------------------------
流分布如下: 
---------------------------------
0   0   0   0   0   0   0   0   0   0   0   13  
0   0   0   0   0   0   0   0   0   0   0   0   
0   0   0   0   0   0   0   0   0   0   0   0   
0   0   0   0   0   0   0   0   0   0   0   0   
0   0   0   0   0   0   0   0   0   0   0   0   
0   0   0   0   0   0   0   0   0   0   0   0   
0   0   0   0   0   0   0   29  0   0   0   32  
0   0   0   0   0   0   0   0   19  0   10  0   
0   0   0   0   0   0   0   0   0   19  0   0   
13  0   0   0   0   0   0   0   0   0   0   16  
0   0   0   0   0   0   0   0   0   10  0   0   
0   0   0   0   0   0   0   0   0   0   0   0   
---------------------------------
关键边输出如下：
---------------------------------
11   A         29        0         0         
19   A         45        0         0         
9    A         47        0         0         
16   A         48        0.397694  0.42021   
1    A         48        0.397694  0.42021   
22   A         51        0         0         
15   A         53        0         0         
12   B         61        0.0575258 0.00881112
13   B         61        0.0621694 0.000803539
8    b         61        0.111716  0.0362113 
10   b         61        0.111716  0.0543218 
21   b         61        0.111716  0.0401717 
2    C         61        0.111716  0.121331  
3    C         61        0.111716  0.121331  
4    C         61        0.111716  0.121331  
5    C         61        0.111716  0.121331  
6    C         61        0.111716  0.121331  
7    C         61        0.111716  0.121331  
14   C         61        0.111716  0.121331  
17   C         61        0.111716  0.121331  
18   C         61        0.111716  0.121331  
20   C         61        0.111716  0.121331  
---------------------------------
---------------------------------

