7--6最大流值为：27
最可靠最大流分布概率为 ： 0.0693474
状态划分算法消耗的内存为：21.5898
状态划分算法运行时间(ms) ： 91.4927
---------------------------------
流分布如下: 
---------------------------------
0   0   0   0   0   0   0   0   0   0   0   0   
0   0   0   0   0   14  0   0   0   0   0   0   
0   14  0   0   0   0   0   0   0   0   0   0   
0   0   0   0   0   0   0   13  0   0   0   0   
0   0   0   0   0   0   0   0   0   0   0   0   
0   0   0   0   0   0   0   0   0   0   0   0   
0   0   14  0   0   0   0   0   13  0   0   0   
0   0   0   0   0   13  0   0   0   0   0   0   
0   0   0   13  0   0   0   0   0   0   0   0   
0   0   0   0   0   0   0   0   0   0   0   0   
0   0   0   0   0   0   0   0   0   0   0   0   
0   0   0   0   0   0   0   0   0   0   0   0   
---------------------------------
关键边输出如下：
---------------------------------
2    A         13        0         0         
18   A         14        0         0         
14   A         19        0         0         
20   A         20        0.129143  0.191874  
15   A         20        0.129143  0.224435  
4    B         27        0.0664402 0.0790059 
9    B         27        0.0664402 0.0857937 
1    b         27        0.0693474 0.0366923 
3    b         27        0.0693474 0.0849018 
5    b         27        0.0693474 0.127897  
6    b         27        0.0693474 0.17648   
8    b         27        0.0693474 0.198798  
21   b         27        0.0693474 0.2378    
7    C         27        0.0693474 0.122031  
10   C         27        0.0693474 0.122031  
11   C         27        0.0693474 0.122031  
12   C         27        0.0693474 0.122031  
13   C         27        0.0693474 0.122031  
16   C         27        0.0693474 0.122031  
17   C         27        0.0693474 0.122031  
19   C         27        0.0693474 0.122031  
22   C         27        0.0693474 0.122031  
---------------------------------
---------------------------------

7--6最大流值为：27
最可靠最大流分布概率为 ： 0.0693474
状态划分算法消耗的内存为：5.35938
状态划分算法运行时间(ms) ： 129.294
---------------------------------
流分布如下: 
---------------------------------
0   0   0   0   0   0   0   0   0   0   0   0   
0   0   0   0   0   14  0   0   0   0   0   0   
0   14  0   0   0   0   0   0   0   0   0   0   
0   0   0   0   0   0   0   13  0   0   0   0   
0   0   0   0   0   0   0   0   0   0   0   0   
0   0   0   0   0   0   0   0   0   0   0   0   
0   0   14  0   0   0   0   0   13  0   0   0   
0   0   0   0   0   13  0   0   0   0   0   0   
0   0   0   13  0   0   0   0   0   0   0   0   
0   0   0   0   0   0   0   0   0   0   0   0   
0   0   0   0   0   0   0   0   0   0   0   0   
0   0   0   0   0   0   0   0   0   0   0   0   
---------------------------------
关键边输出如下：
---------------------------------
2    A         13        0         0         
18   A         14        0         0         
14   A         19        0         0         
20   A         20        0.129143  0.191874  
15   A         20        0.129143  0.224435  
4    B         27        0.0664402 0.0790059 
9    B         27        0.0664402 0.0857937 
1    b         27        0.0693474 0.0366923 
3    b         27        0.0693474 0.0849018 
5    b         27        0.0693474 0.127897  
6    b         27        0.0693474 0.17648   
8    b         27        0.0693474 0.198798  
21   b         27        0.0693474 0.2378    
7    C         27        0.0693474 0.122031  
10   C         27        0.0693474 0.122031  
11   C         27        0.0693474 0.122031  
12   C         27        0.0693474 0.122031  
13   C         27        0.0693474 0.122031  
16   C         27        0.0693474 0.122031  
17   C         27        0.0693474 0.122031  
19   C         27        0.0693474 0.122031  
22   C         27        0.0693474 0.122031  
---------------------------------
---------------------------------

7--6最大流值为：27
最可靠最大流分布概率为 ： 0.0693474
状态划分算法消耗的内存为：6.4375
状态划分算法运行时间(ms) ： 135.763
---------------------------------
流分布如下: 
---------------------------------
0   0   0   0   0   0   0   0   0   0   0   0   
0   0   0   0   0   14  0   0   0   0   0   0   
0   14  0   0   0   0   0   0   0   0   0   0   
0   0   0   0   0   0   0   13  0   0   0   0   
0   0   0   0   0   0   0   0   0   0   0   0   
0   0   0   0   0   0   0   0   0   0   0   0   
0   0   14  0   0   0   0   0   13  0   0   0   
0   0   0   0   0   13  0   0   0   0   0   0   
0   0   0   13  0   0   0   0   0   0   0   0   
0   0   0   0   0   0   0   0   0   0   0   0   
0   0   0   0   0   0   0   0   0   0   0   0   
0   0   0   0   0   0   0   0   0   0   0   0   
---------------------------------
关键边输出如下：
---------------------------------
2    A         13        0         0         
18   A         14        0         0         
14   A         19        0         0         
20   A         20        0.129143  0.191874  
15   A         20        0.129143  0.224435  
4    B         27        0.0664402 0.0790059 
9    B         27        0.0664402 0.0857937 
1    b         27        0.0693474 0.0366923 
3    b         27        0.0693474 0.0849018 
5    b         27        0.0693474 0.127897  
6    b         27        0.0693474 0.17648   
8    b         27        0.0693474 0.198798  
21   b         27        0.0693474 0.2378    
7    C         27        0.0693474 0.122031  
10   C         27        0.0693474 0.122031  
11   C         27        0.0693474 0.122031  
12   C         27        0.0693474 0.122031  
13   C         27        0.0693474 0.122031  
16   C         27        0.0693474 0.122031  
17   C         27        0.0693474 0.122031  
19   C         27        0.0693474 0.122031  
22   C         27        0.0693474 0.122031  
---------------------------------
---------------------------------

7--6最大流值为：27
最可靠最大流分布概率为 ： 0.0693474
状态划分算法消耗的内存为：6.41016
状态划分算法运行时间(ms) ： 139.689
---------------------------------
流分布如下: 
---------------------------------
0   0   0   0   0   0   0   0   0   0   0   0   
0   0   0   0   0   14  0   0   0   0   0   0   
0   14  0   0   0   0   0   0   0   0   0   0   
0   0   0   0   0   0   0   13  0   0   0   0   
0   0   0   0   0   0   0   0   0   0   0   0   
0   0   0   0   0   0   0   0   0   0   0   0   
0   0   14  0   0   0   0   0   13  0   0   0   
0   0   0   0   0   13  0   0   0   0   0   0   
0   0   0   13  0   0   0   0   0   0   0   0   
0   0   0   0   0   0   0   0   0   0   0   0   
0   0   0   0   0   0   0   0   0   0   0   0   
0   0   0   0   0   0   0   0   0   0   0   0   
---------------------------------
关键边输出如下：
---------------------------------
2    A         13        0         0         
18   A         14        0         0         
14   A         19        0         0         
20   A         20        0.129143  0.191874  
15   A         20        0.129143  0.224435  
4    B         27        0.0664402 0.0790059 
9    B         27        0.0664402 0.0857937 
1    b         27        0.0693474 0.0366923 
3    b         27        0.0693474 0.0849018 
5    b         27        0.0693474 0.127897  
6    b         27        0.0693474 0.17648   
8    b         27        0.0693474 0.198798  
21   b         27        0.0693474 0.2378    
7    C         27        0.0693474 0.122031  
10   C         27        0.0693474 0.122031  
11   C         27        0.0693474 0.122031  
12   C         27        0.0693474 0.122031  
13   C         27        0.0693474 0.122031  
16   C         27        0.0693474 0.122031  
17   C         27        0.0693474 0.122031  
19   C         27        0.0693474 0.122031  
22   C         27        0.0693474 0.122031  
---------------------------------
---------------------------------

7--6最大流值为：27
最可靠最大流分布概率为 ： 0.0693474
状态划分算法消耗的内存为：5.42969
状态划分算法运行时间(ms) ： 156.05
---------------------------------
流分布如下: 
---------------------------------
0   0   0   0   0   0   0   0   0   0   0   0   
0   0   0   0   0   14  0   0   0   0   0   0   
0   14  0   0   0   0   0   0   0   0   0   0   
0   0   0   0   0   0   0   13  0   0   0   0   
0   0   0   0   0   0   0   0   0   0   0   0   
0   0   0   0   0   0   0   0   0   0   0   0   
0   0   14  0   0   0   0   0   13  0   0   0   
0   0   0   0   0   13  0   0   0   0   0   0   
0   0   0   13  0   0   0   0   0   0   0   0   
0   0   0   0   0   0   0   0   0   0   0   0   
0   0   0   0   0   0   0   0   0   0   0   0   
0   0   0   0   0   0   0   0   0   0   0   0   
---------------------------------
关键边输出如下：
---------------------------------
2    A         13        0         0         
18   A         14        0         0         
14   A         19        0         0         
20   A         20        0.129143  0.191874  
15   A         20        0.129143  0.224435  
4    B         27        0.0664402 0.0790059 
9    B         27        0.0664402 0.0857937 
1    b         27        0.0693474 0.0366923 
3    b         27        0.0693474 0.0849018 
5    b         27        0.0693474 0.127897  
6    b         27        0.0693474 0.17648   
8    b         27        0.0693474 0.198798  
21   b         27        0.0693474 0.2378    
7    C         27        0.0693474 0.122031  
10   C         27        0.0693474 0.122031  
11   C         27        0.0693474 0.122031  
12   C         27        0.0693474 0.122031  
13   C         27        0.0693474 0.122031  
16   C         27        0.0693474 0.122031  
17   C         27        0.0693474 0.122031  
19   C         27        0.0693474 0.122031  
22   C         27        0.0693474 0.122031  
---------------------------------
---------------------------------

7--6最大流值为：27
最可靠最大流分布概率为 ： 0.0693474
状态划分算法消耗的内存为：6.45313
状态划分算法运行时间(ms) ： 156.476
---------------------------------
流分布如下: 
---------------------------------
0   0   0   0   0   0   0   0   0   0   0   0   
0   0   0   0   0   14  0   0   0   0   0   0   
0   14  0   0   0   0   0   0   0   0   0   0   
0   0   0   0   0   0   0   13  0   0   0   0   
0   0   0   0   0   0   0   0   0   0   0   0   
0   0   0   0   0   0   0   0   0   0   0   0   
0   0   14  0   0   0   0   0   13  0   0   0   
0   0   0   0   0   13  0   0   0   0   0   0   
0   0   0   13  0   0   0   0   0   0   0   0   
0   0   0   0   0   0   0   0   0   0   0   0   
0   0   0   0   0   0   0   0   0   0   0   0   
0   0   0   0   0   0   0   0   0   0   0   0   
---------------------------------
关键边输出如下：
---------------------------------
2    A         13        0         0         
18   A         14        0         0         
14   A         19        0         0         
20   A         20        0.129143  0.191874  
15   A         20        0.129143  0.224435  
4    B         27        0.0664402 0.0790059 
9    B         27        0.0664402 0.0857937 
1    b         27        0.0693474 0.0366923 
3    b         27        0.0693474 0.0849018 
5    b         27        0.0693474 0.127897  
6    b         27        0.0693474 0.17648   
8    b         27        0.0693474 0.198798  
21   b         27        0.0693474 0.2378    
7    C         27        0.0693474 0.122031  
10   C         27        0.0693474 0.122031  
11   C         27        0.0693474 0.122031  
12   C         27        0.0693474 0.122031  
13   C         27        0.0693474 0.122031  
16   C         27        0.0693474 0.122031  
17   C         27        0.0693474 0.122031  
19   C         27        0.0693474 0.122031  
22   C         27        0.0693474 0.122031  
---------------------------------
---------------------------------

7--6最大流值为：27
最可靠最大流分布概率为 ： 0.0693474
状态划分算法消耗的内存为：6.49219
状态划分算法运行时间(ms) ： 168.381
---------------------------------
流分布如下: 
---------------------------------
0   0   0   0   0   0   0   0   0   0   0   0   
0   0   0   0   0   14  0   0   0   0   0   0   
0   14  0   0   0   0   0   0   0   0   0   0   
0   0   0   0   0   0   0   13  0   0   0   0   
0   0   0   0   0   0   0   0   0   0   0   0   
0   0   0   0   0   0   0   0   0   0   0   0   
0   0   14  0   0   0   0   0   13  0   0   0   
0   0   0   0   0   13  0   0   0   0   0   0   
0   0   0   13  0   0   0   0   0   0   0   0   
0   0   0   0   0   0   0   0   0   0   0   0   
0   0   0   0   0   0   0   0   0   0   0   0   
0   0   0   0   0   0   0   0   0   0   0   0   
---------------------------------
关键边输出如下：
---------------------------------
2    A         13        0         0         
18   A         14        0         0         
14   A         19        0         0         
20   A         20        0.129143  0.191874  
15   A         20        0.129143  0.224435  
4    B         27        0.0664402 0.0790059 
9    B         27        0.0664402 0.0857937 
1    b         27        0.0693474 0.0366923 
3    b         27        0.0693474 0.0849018 
5    b         27        0.0693474 0.127897  
6    b         27        0.0693474 0.17648   
8    b         27        0.0693474 0.198798  
21   b         27        0.0693474 0.2378    
7    C         27        0.0693474 0.122031  
10   C         27        0.0693474 0.122031  
11   C         27        0.0693474 0.122031  
12   C         27        0.0693474 0.122031  
13   C         27        0.0693474 0.122031  
16   C         27        0.0693474 0.122031  
17   C         27        0.0693474 0.122031  
19   C         27        0.0693474 0.122031  
22   C         27        0.0693474 0.122031  
---------------------------------
---------------------------------

