12--2最大流值为：29
最可靠最大流分布概率为 ： 0.17837
状态划分算法消耗的内存为：21.5781
状态划分算法运行时间(ms) ： 64.601
---------------------------------
流分布如下: 
---------------------------------
0   0   0   0   0   0   0   0   0   0   0   0   0   0   
0   0   0   0   0   0   0   0   0   0   0   0   0   0   
0   0   0   0   0   0   18  0   0   0   0   0   0   0   
0   0   0   0   0   0   0   0   0   0   0   0   0   0   
0   0   0   0   0   0   0   0   0   0   0   0   0   0   
0   0   0   0   0   0   0   0   0   0   0   0   0   0   
0   0   0   0   0   0   0   0   0   0   0   0   0   18  
0   0   0   0   0   0   0   0   0   0   0   0   0   0   
0   0   0   0   0   0   0   0   0   0   0   0   0   0   
0   11  0   0   0   0   0   0   0   0   0   0   0   0   
0   0   0   0   0   0   0   0   0   0   0   0   0   0   
0   0   18  0   0   0   0   0   0   11  0   0   0   0   
0   0   0   0   0   0   0   0   0   0   0   0   0   0   
0   18  0   0   0   0   0   0   0   0   0   0   0   0   
---------------------------------
关键边输出如下：
---------------------------------
6    A         11        0.708625  0.800464  
14   A         11        0.708625  0.800464  
25   A         11        0.708625  0.844908  
17   A         18        0         0         
19   A         24        0         0         
22   B         29        0.0796578 0.0283549 
5    b         29        0.17837   0.0820375 
10   b         29        0.17837   0.141412  
11   b         29        0.17837   0.183619  
20   b         29        0.17837   0.256203  
26   b         29        0.17837   0.330731  
1    C         29        0.17837   0.206725  
2    C         29        0.17837   0.206725  
3    C         29        0.17837   0.206725  
4    C         29        0.17837   0.206725  
7    C         29        0.17837   0.206725  
8    C         29        0.17837   0.206725  
9    C         29        0.17837   0.206725  
12   C         29        0.17837   0.206725  
13   C         29        0.17837   0.206725  
15   C         29        0.17837   0.206725  
16   C         29        0.17837   0.206725  
18   C         29        0.17837   0.206725  
21   C         29        0.17837   0.206725  
23   C         29        0.17837   0.206725  
24   C         29        0.17837   0.206725  
---------------------------------
---------------------------------

12--2最大流值为：29
最可靠最大流分布概率为 ： 0.17837
状态划分算法消耗的内存为：6.41016
状态划分算法运行时间(ms) ： 115.28
---------------------------------
流分布如下: 
---------------------------------
0   0   0   0   0   0   0   0   0   0   0   0   0   0   
0   0   0   0   0   0   0   0   0   0   0   0   0   0   
0   0   0   0   0   0   18  0   0   0   0   0   0   0   
0   0   0   0   0   0   0   0   0   0   0   0   0   0   
0   0   0   0   0   0   0   0   0   0   0   0   0   0   
0   0   0   0   0   0   0   0   0   0   0   0   0   0   
0   0   0   0   0   0   0   0   0   0   0   0   0   18  
0   0   0   0   0   0   0   0   0   0   0   0   0   0   
0   0   0   0   0   0   0   0   0   0   0   0   0   0   
0   11  0   0   0   0   0   0   0   0   0   0   0   0   
0   0   0   0   0   0   0   0   0   0   0   0   0   0   
0   0   18  0   0   0   0   0   0   11  0   0   0   0   
0   0   0   0   0   0   0   0   0   0   0   0   0   0   
0   18  0   0   0   0   0   0   0   0   0   0   0   0   
---------------------------------
关键边输出如下：
---------------------------------
6    A         11        0.708625  0.800464  
14   A         11        0.708625  0.800464  
25   A         11        0.708625  0.844908  
17   A         18        0         0         
19   A         24        0         0         
22   B         29        0.0796578 0.0283549 
5    b         29        0.17837   0.0820375 
10   b         29        0.17837   0.141412  
11   b         29        0.17837   0.183619  
20   b         29        0.17837   0.256203  
26   b         29        0.17837   0.330731  
1    C         29        0.17837   0.206725  
2    C         29        0.17837   0.206725  
3    C         29        0.17837   0.206725  
4    C         29        0.17837   0.206725  
7    C         29        0.17837   0.206725  
8    C         29        0.17837   0.206725  
9    C         29        0.17837   0.206725  
12   C         29        0.17837   0.206725  
13   C         29        0.17837   0.206725  
15   C         29        0.17837   0.206725  
16   C         29        0.17837   0.206725  
18   C         29        0.17837   0.206725  
21   C         29        0.17837   0.206725  
23   C         29        0.17837   0.206725  
24   C         29        0.17837   0.206725  
---------------------------------
---------------------------------

12--2最大流值为：29
最可靠最大流分布概率为 ： 0.17837
状态划分算法消耗的内存为：5.40234
状态划分算法运行时间(ms) ： 127.333
---------------------------------
流分布如下: 
---------------------------------
0   0   0   0   0   0   0   0   0   0   0   0   0   0   
0   0   0   0   0   0   0   0   0   0   0   0   0   0   
0   0   0   0   0   0   18  0   0   0   0   0   0   0   
0   0   0   0   0   0   0   0   0   0   0   0   0   0   
0   0   0   0   0   0   0   0   0   0   0   0   0   0   
0   0   0   0   0   0   0   0   0   0   0   0   0   0   
0   0   0   0   0   0   0   0   0   0   0   0   0   18  
0   0   0   0   0   0   0   0   0   0   0   0   0   0   
0   0   0   0   0   0   0   0   0   0   0   0   0   0   
0   11  0   0   0   0   0   0   0   0   0   0   0   0   
0   0   0   0   0   0   0   0   0   0   0   0   0   0   
0   0   18  0   0   0   0   0   0   11  0   0   0   0   
0   0   0   0   0   0   0   0   0   0   0   0   0   0   
0   18  0   0   0   0   0   0   0   0   0   0   0   0   
---------------------------------
关键边输出如下：
---------------------------------
6    A         11        0.708625  0.800464  
14   A         11        0.708625  0.800464  
25   A         11        0.708625  0.844908  
17   A         18        0         0         
19   A         24        0         0         
22   B         29        0.0796578 0.0283549 
5    b         29        0.17837   0.0820375 
10   b         29        0.17837   0.141412  
11   b         29        0.17837   0.183619  
20   b         29        0.17837   0.256203  
26   b         29        0.17837   0.330731  
1    C         29        0.17837   0.206725  
2    C         29        0.17837   0.206725  
3    C         29        0.17837   0.206725  
4    C         29        0.17837   0.206725  
7    C         29        0.17837   0.206725  
8    C         29        0.17837   0.206725  
9    C         29        0.17837   0.206725  
12   C         29        0.17837   0.206725  
13   C         29        0.17837   0.206725  
15   C         29        0.17837   0.206725  
16   C         29        0.17837   0.206725  
18   C         29        0.17837   0.206725  
21   C         29        0.17837   0.206725  
23   C         29        0.17837   0.206725  
24   C         29        0.17837   0.206725  
---------------------------------
---------------------------------

12--2最大流值为：29
最可靠最大流分布概率为 ： 0.17837
状态划分算法消耗的内存为：6.40234
状态划分算法运行时间(ms) ： 121.73
---------------------------------
流分布如下: 
---------------------------------
0   0   0   0   0   0   0   0   0   0   0   0   0   0   
0   0   0   0   0   0   0   0   0   0   0   0   0   0   
0   0   0   0   0   0   18  0   0   0   0   0   0   0   
0   0   0   0   0   0   0   0   0   0   0   0   0   0   
0   0   0   0   0   0   0   0   0   0   0   0   0   0   
0   0   0   0   0   0   0   0   0   0   0   0   0   0   
0   0   0   0   0   0   0   0   0   0   0   0   0   18  
0   0   0   0   0   0   0   0   0   0   0   0   0   0   
0   0   0   0   0   0   0   0   0   0   0   0   0   0   
0   11  0   0   0   0   0   0   0   0   0   0   0   0   
0   0   0   0   0   0   0   0   0   0   0   0   0   0   
0   0   18  0   0   0   0   0   0   11  0   0   0   0   
0   0   0   0   0   0   0   0   0   0   0   0   0   0   
0   18  0   0   0   0   0   0   0   0   0   0   0   0   
---------------------------------
关键边输出如下：
---------------------------------
6    A         11        0.708625  0.800464  
14   A         11        0.708625  0.800464  
25   A         11        0.708625  0.844908  
17   A         18        0         0         
19   A         24        0         0         
22   B         29        0.0796578 0.0283549 
5    b         29        0.17837   0.0820375 
10   b         29        0.17837   0.141412  
11   b         29        0.17837   0.183619  
20   b         29        0.17837   0.256203  
26   b         29        0.17837   0.330731  
1    C         29        0.17837   0.206725  
2    C         29        0.17837   0.206725  
3    C         29        0.17837   0.206725  
4    C         29        0.17837   0.206725  
7    C         29        0.17837   0.206725  
8    C         29        0.17837   0.206725  
9    C         29        0.17837   0.206725  
12   C         29        0.17837   0.206725  
13   C         29        0.17837   0.206725  
15   C         29        0.17837   0.206725  
16   C         29        0.17837   0.206725  
18   C         29        0.17837   0.206725  
21   C         29        0.17837   0.206725  
23   C         29        0.17837   0.206725  
24   C         29        0.17837   0.206725  
---------------------------------
---------------------------------

12--2最大流值为：29
最可靠最大流分布概率为 ： 0.17837
状态划分算法消耗的内存为：6.42969
状态划分算法运行时间(ms) ： 139.428
---------------------------------
流分布如下: 
---------------------------------
0   0   0   0   0   0   0   0   0   0   0   0   0   0   
0   0   0   0   0   0   0   0   0   0   0   0   0   0   
0   0   0   0   0   0   18  0   0   0   0   0   0   0   
0   0   0   0   0   0   0   0   0   0   0   0   0   0   
0   0   0   0   0   0   0   0   0   0   0   0   0   0   
0   0   0   0   0   0   0   0   0   0   0   0   0   0   
0   0   0   0   0   0   0   0   0   0   0   0   0   18  
0   0   0   0   0   0   0   0   0   0   0   0   0   0   
0   0   0   0   0   0   0   0   0   0   0   0   0   0   
0   11  0   0   0   0   0   0   0   0   0   0   0   0   
0   0   0   0   0   0   0   0   0   0   0   0   0   0   
0   0   18  0   0   0   0   0   0   11  0   0   0   0   
0   0   0   0   0   0   0   0   0   0   0   0   0   0   
0   18  0   0   0   0   0   0   0   0   0   0   0   0   
---------------------------------
关键边输出如下：
---------------------------------
6    A         11        0.708625  0.800464  
14   A         11        0.708625  0.800464  
25   A         11        0.708625  0.844908  
17   A         18        0         0         
19   A         24        0         0         
22   B         29        0.0796578 0.0283549 
5    b         29        0.17837   0.0820375 
10   b         29        0.17837   0.141412  
11   b         29        0.17837   0.183619  
20   b         29        0.17837   0.256203  
26   b         29        0.17837   0.330731  
1    C         29        0.17837   0.206725  
2    C         29        0.17837   0.206725  
3    C         29        0.17837   0.206725  
4    C         29        0.17837   0.206725  
7    C         29        0.17837   0.206725  
8    C         29        0.17837   0.206725  
9    C         29        0.17837   0.206725  
12   C         29        0.17837   0.206725  
13   C         29        0.17837   0.206725  
15   C         29        0.17837   0.206725  
16   C         29        0.17837   0.206725  
18   C         29        0.17837   0.206725  
21   C         29        0.17837   0.206725  
23   C         29        0.17837   0.206725  
24   C         29        0.17837   0.206725  
---------------------------------
---------------------------------

12--2最大流值为：29
最可靠最大流分布概率为 ： 0.17837
状态划分算法消耗的内存为：6.44141
状态划分算法运行时间(ms) ： 137.221
---------------------------------
流分布如下: 
---------------------------------
0   0   0   0   0   0   0   0   0   0   0   0   0   0   
0   0   0   0   0   0   0   0   0   0   0   0   0   0   
0   0   0   0   0   0   18  0   0   0   0   0   0   0   
0   0   0   0   0   0   0   0   0   0   0   0   0   0   
0   0   0   0   0   0   0   0   0   0   0   0   0   0   
0   0   0   0   0   0   0   0   0   0   0   0   0   0   
0   0   0   0   0   0   0   0   0   0   0   0   0   18  
0   0   0   0   0   0   0   0   0   0   0   0   0   0   
0   0   0   0   0   0   0   0   0   0   0   0   0   0   
0   11  0   0   0   0   0   0   0   0   0   0   0   0   
0   0   0   0   0   0   0   0   0   0   0   0   0   0   
0   0   18  0   0   0   0   0   0   11  0   0   0   0   
0   0   0   0   0   0   0   0   0   0   0   0   0   0   
0   18  0   0   0   0   0   0   0   0   0   0   0   0   
---------------------------------
关键边输出如下：
---------------------------------
6    A         11        0.708625  0.800464  
14   A         11        0.708625  0.800464  
25   A         11        0.708625  0.844908  
17   A         18        0         0         
19   A         24        0         0         
22   B         29        0.0796578 0.0283549 
5    b         29        0.17837   0.0820375 
10   b         29        0.17837   0.141412  
11   b         29        0.17837   0.183619  
20   b         29        0.17837   0.256203  
26   b         29        0.17837   0.330731  
1    C         29        0.17837   0.206725  
2    C         29        0.17837   0.206725  
3    C         29        0.17837   0.206725  
4    C         29        0.17837   0.206725  
7    C         29        0.17837   0.206725  
8    C         29        0.17837   0.206725  
9    C         29        0.17837   0.206725  
12   C         29        0.17837   0.206725  
13   C         29        0.17837   0.206725  
15   C         29        0.17837   0.206725  
16   C         29        0.17837   0.206725  
18   C         29        0.17837   0.206725  
21   C         29        0.17837   0.206725  
23   C         29        0.17837   0.206725  
24   C         29        0.17837   0.206725  
---------------------------------
---------------------------------

12--2最大流值为：29
最可靠最大流分布概率为 ： 0.17837
状态划分算法消耗的内存为：6.46484
状态划分算法运行时间(ms) ： 147.195
---------------------------------
流分布如下: 
---------------------------------
0   0   0   0   0   0   0   0   0   0   0   0   0   0   
0   0   0   0   0   0   0   0   0   0   0   0   0   0   
0   0   0   0   0   0   18  0   0   0   0   0   0   0   
0   0   0   0   0   0   0   0   0   0   0   0   0   0   
0   0   0   0   0   0   0   0   0   0   0   0   0   0   
0   0   0   0   0   0   0   0   0   0   0   0   0   0   
0   0   0   0   0   0   0   0   0   0   0   0   0   18  
0   0   0   0   0   0   0   0   0   0   0   0   0   0   
0   0   0   0   0   0   0   0   0   0   0   0   0   0   
0   11  0   0   0   0   0   0   0   0   0   0   0   0   
0   0   0   0   0   0   0   0   0   0   0   0   0   0   
0   0   18  0   0   0   0   0   0   11  0   0   0   0   
0   0   0   0   0   0   0   0   0   0   0   0   0   0   
0   18  0   0   0   0   0   0   0   0   0   0   0   0   
---------------------------------
关键边输出如下：
---------------------------------
6    A         11        0.708625  0.800464  
14   A         11        0.708625  0.800464  
25   A         11        0.708625  0.844908  
17   A         18        0         0         
19   A         24        0         0         
22   B         29        0.0796578 0.0283549 
5    b         29        0.17837   0.0820375 
10   b         29        0.17837   0.141412  
11   b         29        0.17837   0.183619  
20   b         29        0.17837   0.256203  
26   b         29        0.17837   0.330731  
1    C         29        0.17837   0.206725  
2    C         29        0.17837   0.206725  
3    C         29        0.17837   0.206725  
4    C         29        0.17837   0.206725  
7    C         29        0.17837   0.206725  
8    C         29        0.17837   0.206725  
9    C         29        0.17837   0.206725  
12   C         29        0.17837   0.206725  
13   C         29        0.17837   0.206725  
15   C         29        0.17837   0.206725  
16   C         29        0.17837   0.206725  
18   C         29        0.17837   0.206725  
21   C         29        0.17837   0.206725  
23   C         29        0.17837   0.206725  
24   C         29        0.17837   0.206725  
---------------------------------
---------------------------------

