7--3最大流值为：32
最可靠最大流分布概率为 ： 0.0355738
状态划分算法消耗的内存为：21.5703
状态划分算法运行时间(ms) ： 149.694
---------------------------------
流分布如下: 
---------------------------------
0   0   0   0   0   0   0   0   0   0   0   0   0   0   
0   0   0   0   0   0   0   0   9   0   0   0   0   0   
0   0   0   0   0   0   0   0   0   0   0   0   0   0   
0   0   0   0   0   0   0   0   0   0   0   0   0   0   
0   0   0   0   0   0   0   0   0   0   0   0   0   0   
0   0   0   0   0   0   0   0   0   0   0   0   0   0   
0   0   0   0   0   0   0   0   0   0   4   0   19  9   
0   0   0   0   0   0   0   0   0   0   0   0   0   0   
0   0   9   0   0   0   0   0   0   0   0   0   0   0   
0   0   0   0   0   0   0   0   0   0   0   0   0   0   
0   0   4   0   0   0   0   0   0   0   0   0   0   0   
0   0   19  0   0   0   0   0   0   0   0   0   0   0   
0   0   0   0   0   0   0   0   0   0   0   19  0   0   
0   9   0   0   0   0   0   0   0   0   0   0   0   0   
---------------------------------
关键边输出如下：
---------------------------------
13   A         13        0.134388  0.259978  
24   A         13        0.134388  0.259978  
19   A         13        0.134388  0.330148  
14   A         23        0.143942  0.143942  
16   A         23        0.143942  0.16661   
18   A         28        0         0         
4    B         32        0.0310144 0.0197556 
12   B         32        0.0310144 0.0263203 
25   B         32        0.0310144 0.0332449 
2    b         32        0.0355738 0.00472654
3    b         32        0.0355738 0.011825  
7    b         32        0.0355738 0.015594  
9    b         32        0.0355738 0.0350164 
11   b         32        0.0355738 0.0450728 
17   b         32        0.0355738 0.0451707 
26   b         32        0.0355738 0.067107  
1    C         32        0.0355738 0.0688187 
5    C         32        0.0355738 0.0688187 
6    C         32        0.0355738 0.0688187 
8    C         32        0.0355738 0.0688187 
10   C         32        0.0355738 0.0688187 
15   C         32        0.0355738 0.0688187 
20   C         32        0.0355738 0.0688187 
21   C         32        0.0355738 0.0688187 
22   C         32        0.0355738 0.0688187 
23   C         32        0.0355738 0.0688187 
---------------------------------
---------------------------------

7--3最大流值为：32
最可靠最大流分布概率为 ： 0.0355738
状态划分算法消耗的内存为：6.39063
状态划分算法运行时间(ms) ： 197.492
---------------------------------
流分布如下: 
---------------------------------
0   0   0   0   0   0   0   0   0   0   0   0   0   0   
0   0   0   0   0   0   0   0   9   0   0   0   0   0   
0   0   0   0   0   0   0   0   0   0   0   0   0   0   
0   0   0   0   0   0   0   0   0   0   0   0   0   0   
0   0   0   0   0   0   0   0   0   0   0   0   0   0   
0   0   0   0   0   0   0   0   0   0   0   0   0   0   
0   0   0   0   0   0   0   0   0   0   4   0   19  9   
0   0   0   0   0   0   0   0   0   0   0   0   0   0   
0   0   9   0   0   0   0   0   0   0   0   0   0   0   
0   0   0   0   0   0   0   0   0   0   0   0   0   0   
0   0   4   0   0   0   0   0   0   0   0   0   0   0   
0   0   19  0   0   0   0   0   0   0   0   0   0   0   
0   0   0   0   0   0   0   0   0   0   0   19  0   0   
0   9   0   0   0   0   0   0   0   0   0   0   0   0   
---------------------------------
关键边输出如下：
---------------------------------
13   A         13        0.134388  0.259978  
24   A         13        0.134388  0.259978  
19   A         13        0.134388  0.330148  
14   A         23        0.143942  0.143942  
16   A         23        0.143942  0.16661   
18   A         28        0         0         
4    B         32        0.0310144 0.0197556 
12   B         32        0.0310144 0.0263203 
25   B         32        0.0310144 0.0332449 
2    b         32        0.0355738 0.00472654
3    b         32        0.0355738 0.011825  
7    b         32        0.0355738 0.015594  
9    b         32        0.0355738 0.0350164 
11   b         32        0.0355738 0.0450728 
17   b         32        0.0355738 0.0451707 
26   b         32        0.0355738 0.067107  
1    C         32        0.0355738 0.0688187 
5    C         32        0.0355738 0.0688187 
6    C         32        0.0355738 0.0688187 
8    C         32        0.0355738 0.0688187 
10   C         32        0.0355738 0.0688187 
15   C         32        0.0355738 0.0688187 
20   C         32        0.0355738 0.0688187 
21   C         32        0.0355738 0.0688187 
22   C         32        0.0355738 0.0688187 
23   C         32        0.0355738 0.0688187 
---------------------------------
---------------------------------

7--3最大流值为：32
最可靠最大流分布概率为 ： 0.0355738
状态划分算法消耗的内存为：6.43359
状态划分算法运行时间(ms) ： 207.924
---------------------------------
流分布如下: 
---------------------------------
0   0   0   0   0   0   0   0   0   0   0   0   0   0   
0   0   0   0   0   0   0   0   9   0   0   0   0   0   
0   0   0   0   0   0   0   0   0   0   0   0   0   0   
0   0   0   0   0   0   0   0   0   0   0   0   0   0   
0   0   0   0   0   0   0   0   0   0   0   0   0   0   
0   0   0   0   0   0   0   0   0   0   0   0   0   0   
0   0   0   0   0   0   0   0   0   0   4   0   19  9   
0   0   0   0   0   0   0   0   0   0   0   0   0   0   
0   0   9   0   0   0   0   0   0   0   0   0   0   0   
0   0   0   0   0   0   0   0   0   0   0   0   0   0   
0   0   4   0   0   0   0   0   0   0   0   0   0   0   
0   0   19  0   0   0   0   0   0   0   0   0   0   0   
0   0   0   0   0   0   0   0   0   0   0   19  0   0   
0   9   0   0   0   0   0   0   0   0   0   0   0   0   
---------------------------------
关键边输出如下：
---------------------------------
13   A         13        0.134388  0.259978  
24   A         13        0.134388  0.259978  
19   A         13        0.134388  0.330148  
14   A         23        0.143942  0.143942  
16   A         23        0.143942  0.16661   
18   A         28        0         0         
4    B         32        0.0310144 0.0197556 
12   B         32        0.0310144 0.0263203 
25   B         32        0.0310144 0.0332449 
2    b         32        0.0355738 0.00472654
3    b         32        0.0355738 0.011825  
7    b         32        0.0355738 0.015594  
9    b         32        0.0355738 0.0350164 
11   b         32        0.0355738 0.0450728 
17   b         32        0.0355738 0.0451707 
26   b         32        0.0355738 0.067107  
1    C         32        0.0355738 0.0688187 
5    C         32        0.0355738 0.0688187 
6    C         32        0.0355738 0.0688187 
8    C         32        0.0355738 0.0688187 
10   C         32        0.0355738 0.0688187 
15   C         32        0.0355738 0.0688187 
20   C         32        0.0355738 0.0688187 
21   C         32        0.0355738 0.0688187 
22   C         32        0.0355738 0.0688187 
23   C         32        0.0355738 0.0688187 
---------------------------------
---------------------------------

7--3最大流值为：32
最可靠最大流分布概率为 ： 0.0355738
状态划分算法消耗的内存为：6.43359
状态划分算法运行时间(ms) ： 207.561
---------------------------------
流分布如下: 
---------------------------------
0   0   0   0   0   0   0   0   0   0   0   0   0   0   
0   0   0   0   0   0   0   0   9   0   0   0   0   0   
0   0   0   0   0   0   0   0   0   0   0   0   0   0   
0   0   0   0   0   0   0   0   0   0   0   0   0   0   
0   0   0   0   0   0   0   0   0   0   0   0   0   0   
0   0   0   0   0   0   0   0   0   0   0   0   0   0   
0   0   0   0   0   0   0   0   0   0   4   0   19  9   
0   0   0   0   0   0   0   0   0   0   0   0   0   0   
0   0   9   0   0   0   0   0   0   0   0   0   0   0   
0   0   0   0   0   0   0   0   0   0   0   0   0   0   
0   0   4   0   0   0   0   0   0   0   0   0   0   0   
0   0   19  0   0   0   0   0   0   0   0   0   0   0   
0   0   0   0   0   0   0   0   0   0   0   19  0   0   
0   9   0   0   0   0   0   0   0   0   0   0   0   0   
---------------------------------
关键边输出如下：
---------------------------------
13   A         13        0.134388  0.259978  
24   A         13        0.134388  0.259978  
19   A         13        0.134388  0.330148  
14   A         23        0.143942  0.143942  
16   A         23        0.143942  0.16661   
18   A         28        0         0         
4    B         32        0.0310144 0.0197556 
12   B         32        0.0310144 0.0263203 
25   B         32        0.0310144 0.0332449 
2    b         32        0.0355738 0.00472654
3    b         32        0.0355738 0.011825  
7    b         32        0.0355738 0.015594  
9    b         32        0.0355738 0.0350164 
11   b         32        0.0355738 0.0450728 
17   b         32        0.0355738 0.0451707 
26   b         32        0.0355738 0.067107  
1    C         32        0.0355738 0.0688187 
5    C         32        0.0355738 0.0688187 
6    C         32        0.0355738 0.0688187 
8    C         32        0.0355738 0.0688187 
10   C         32        0.0355738 0.0688187 
15   C         32        0.0355738 0.0688187 
20   C         32        0.0355738 0.0688187 
21   C         32        0.0355738 0.0688187 
22   C         32        0.0355738 0.0688187 
23   C         32        0.0355738 0.0688187 
---------------------------------
---------------------------------

7--3最大流值为：32
最可靠最大流分布概率为 ： 0.0355738
状态划分算法消耗的内存为：5.38281
状态划分算法运行时间(ms) ： 230.166
---------------------------------
流分布如下: 
---------------------------------
0   0   0   0   0   0   0   0   0   0   0   0   0   0   
0   0   0   0   0   0   0   0   9   0   0   0   0   0   
0   0   0   0   0   0   0   0   0   0   0   0   0   0   
0   0   0   0   0   0   0   0   0   0   0   0   0   0   
0   0   0   0   0   0   0   0   0   0   0   0   0   0   
0   0   0   0   0   0   0   0   0   0   0   0   0   0   
0   0   0   0   0   0   0   0   0   0   4   0   19  9   
0   0   0   0   0   0   0   0   0   0   0   0   0   0   
0   0   9   0   0   0   0   0   0   0   0   0   0   0   
0   0   0   0   0   0   0   0   0   0   0   0   0   0   
0   0   4   0   0   0   0   0   0   0   0   0   0   0   
0   0   19  0   0   0   0   0   0   0   0   0   0   0   
0   0   0   0   0   0   0   0   0   0   0   19  0   0   
0   9   0   0   0   0   0   0   0   0   0   0   0   0   
---------------------------------
关键边输出如下：
---------------------------------
13   A         13        0.134388  0.259978  
24   A         13        0.134388  0.259978  
19   A         13        0.134388  0.330148  
14   A         23        0.143942  0.143942  
16   A         23        0.143942  0.16661   
18   A         28        0         0         
4    B         32        0.0310144 0.0197556 
12   B         32        0.0310144 0.0263203 
25   B         32        0.0310144 0.0332449 
2    b         32        0.0355738 0.00472654
3    b         32        0.0355738 0.011825  
7    b         32        0.0355738 0.015594  
9    b         32        0.0355738 0.0350164 
11   b         32        0.0355738 0.0450728 
17   b         32        0.0355738 0.0451707 
26   b         32        0.0355738 0.067107  
1    C         32        0.0355738 0.0688187 
5    C         32        0.0355738 0.0688187 
6    C         32        0.0355738 0.0688187 
8    C         32        0.0355738 0.0688187 
10   C         32        0.0355738 0.0688187 
15   C         32        0.0355738 0.0688187 
20   C         32        0.0355738 0.0688187 
21   C         32        0.0355738 0.0688187 
22   C         32        0.0355738 0.0688187 
23   C         32        0.0355738 0.0688187 
---------------------------------
---------------------------------

7--3最大流值为：32
最可靠最大流分布概率为 ： 0.0355738
状态划分算法消耗的内存为：6.44531
状态划分算法运行时间(ms) ： 231.744
---------------------------------
流分布如下: 
---------------------------------
0   0   0   0   0   0   0   0   0   0   0   0   0   0   
0   0   0   0   0   0   0   0   9   0   0   0   0   0   
0   0   0   0   0   0   0   0   0   0   0   0   0   0   
0   0   0   0   0   0   0   0   0   0   0   0   0   0   
0   0   0   0   0   0   0   0   0   0   0   0   0   0   
0   0   0   0   0   0   0   0   0   0   0   0   0   0   
0   0   0   0   0   0   0   0   0   0   4   0   19  9   
0   0   0   0   0   0   0   0   0   0   0   0   0   0   
0   0   9   0   0   0   0   0   0   0   0   0   0   0   
0   0   0   0   0   0   0   0   0   0   0   0   0   0   
0   0   4   0   0   0   0   0   0   0   0   0   0   0   
0   0   19  0   0   0   0   0   0   0   0   0   0   0   
0   0   0   0   0   0   0   0   0   0   0   19  0   0   
0   9   0   0   0   0   0   0   0   0   0   0   0   0   
---------------------------------
关键边输出如下：
---------------------------------
13   A         13        0.134388  0.259978  
24   A         13        0.134388  0.259978  
19   A         13        0.134388  0.330148  
14   A         23        0.143942  0.143942  
16   A         23        0.143942  0.16661   
18   A         28        0         0         
4    B         32        0.0310144 0.0197556 
12   B         32        0.0310144 0.0263203 
25   B         32        0.0310144 0.0332449 
2    b         32        0.0355738 0.00472654
3    b         32        0.0355738 0.011825  
7    b         32        0.0355738 0.015594  
9    b         32        0.0355738 0.0350164 
11   b         32        0.0355738 0.0450728 
17   b         32        0.0355738 0.0451707 
26   b         32        0.0355738 0.067107  
1    C         32        0.0355738 0.0688187 
5    C         32        0.0355738 0.0688187 
6    C         32        0.0355738 0.0688187 
8    C         32        0.0355738 0.0688187 
10   C         32        0.0355738 0.0688187 
15   C         32        0.0355738 0.0688187 
20   C         32        0.0355738 0.0688187 
21   C         32        0.0355738 0.0688187 
22   C         32        0.0355738 0.0688187 
23   C         32        0.0355738 0.0688187 
---------------------------------
---------------------------------

7--3最大流值为：32
最可靠最大流分布概率为 ： 0.0355738
状态划分算法消耗的内存为：6.48828
状态划分算法运行时间(ms) ： 247.235
---------------------------------
流分布如下: 
---------------------------------
0   0   0   0   0   0   0   0   0   0   0   0   0   0   
0   0   0   0   0   0   0   0   9   0   0   0   0   0   
0   0   0   0   0   0   0   0   0   0   0   0   0   0   
0   0   0   0   0   0   0   0   0   0   0   0   0   0   
0   0   0   0   0   0   0   0   0   0   0   0   0   0   
0   0   0   0   0   0   0   0   0   0   0   0   0   0   
0   0   0   0   0   0   0   0   0   0   4   0   19  9   
0   0   0   0   0   0   0   0   0   0   0   0   0   0   
0   0   9   0   0   0   0   0   0   0   0   0   0   0   
0   0   0   0   0   0   0   0   0   0   0   0   0   0   
0   0   4   0   0   0   0   0   0   0   0   0   0   0   
0   0   19  0   0   0   0   0   0   0   0   0   0   0   
0   0   0   0   0   0   0   0   0   0   0   19  0   0   
0   9   0   0   0   0   0   0   0   0   0   0   0   0   
---------------------------------
关键边输出如下：
---------------------------------
13   A         13        0.134388  0.259978  
24   A         13        0.134388  0.259978  
19   A         13        0.134388  0.330148  
14   A         23        0.143942  0.143942  
16   A         23        0.143942  0.16661   
18   A         28        0         0         
4    B         32        0.0310144 0.0197556 
12   B         32        0.0310144 0.0263203 
25   B         32        0.0310144 0.0332449 
2    b         32        0.0355738 0.00472654
3    b         32        0.0355738 0.011825  
7    b         32        0.0355738 0.015594  
9    b         32        0.0355738 0.0350164 
11   b         32        0.0355738 0.0450728 
17   b         32        0.0355738 0.0451707 
26   b         32        0.0355738 0.067107  
1    C         32        0.0355738 0.0688187 
5    C         32        0.0355738 0.0688187 
6    C         32        0.0355738 0.0688187 
8    C         32        0.0355738 0.0688187 
10   C         32        0.0355738 0.0688187 
15   C         32        0.0355738 0.0688187 
20   C         32        0.0355738 0.0688187 
21   C         32        0.0355738 0.0688187 
22   C         32        0.0355738 0.0688187 
23   C         32        0.0355738 0.0688187 
---------------------------------
---------------------------------

