7--8最大流值为：38
最可靠最大流分布概率为 ： 0.107265
状态划分算法消耗的内存为：21.6055
状态划分算法运行时间(ms) ： 87.3477
---------------------------------
流分布如下: 
---------------------------------
0   0   0   0   0   0   0   0   0   0   0   0   0   0   
0   0   0   0   19  0   0   0   0   0   0   0   0   0   
0   0   0   0   0   0   0   0   0   0   0   0   0   0   
0   0   0   0   0   0   0   19  0   0   0   0   0   0   
0   0   0   19  0   0   0   0   0   0   0   0   0   0   
0   0   0   0   0   0   0   0   0   0   0   0   0   0   
0   0   0   0   0   0   0   0   0   0   0   0   19  19  
0   0   0   0   0   0   0   0   0   0   0   0   0   0   
0   0   0   0   0   0   0   0   0   0   0   0   0   0   
0   1   0   0   0   0   0   0   0   0   0   0   0   0   
0   0   0   0   0   0   0   0   0   0   0   0   0   0   
0   0   0   0   0   0   0   0   0   0   0   0   0   0   
0   0   0   0   0   0   0   19  0   0   0   0   0   0   
0   18  0   0   0   0   0   0   0   1   0   0   0   0   
---------------------------------
关键边输出如下：
---------------------------------
13   A         19        0.158286  0.188374  
23   A         19        0.158286  0.274875  
11   A         19        0.677668  0.677668  
14   A         23        0         0         
3    A         26        0         0         
8    A         29        0         0         
25   A         34        0         0         
17   B         38        0.0549686 9.08081e-005
26   B         38        0.0549686 0.0204233 
5    b         38        0.107265  0.0873484 
12   b         38        0.107265  0.119446  
18   b         38        0.107265  0.144318  
1    C         38        0.107265  0.127655  
2    C         38        0.107265  0.127655  
4    C         38        0.107265  0.127655  
6    C         38        0.107265  0.127655  
7    C         38        0.107265  0.127655  
9    C         38        0.107265  0.127655  
10   C         38        0.107265  0.127655  
15   C         38        0.107265  0.127655  
16   C         38        0.107265  0.127655  
19   C         38        0.107265  0.127655  
20   C         38        0.107265  0.127655  
21   C         38        0.107265  0.127655  
22   C         38        0.107265  0.127655  
24   C         38        0.107265  0.127655  
---------------------------------
---------------------------------

7--8最大流值为：38
最可靠最大流分布概率为 ： 0.107265
状态划分算法消耗的内存为：6.43359
状态划分算法运行时间(ms) ： 130.226
---------------------------------
流分布如下: 
---------------------------------
0   0   0   0   0   0   0   0   0   0   0   0   0   0   
0   0   0   0   19  0   0   0   0   0   0   0   0   0   
0   0   0   0   0   0   0   0   0   0   0   0   0   0   
0   0   0   0   0   0   0   19  0   0   0   0   0   0   
0   0   0   19  0   0   0   0   0   0   0   0   0   0   
0   0   0   0   0   0   0   0   0   0   0   0   0   0   
0   0   0   0   0   0   0   0   0   0   0   0   19  19  
0   0   0   0   0   0   0   0   0   0   0   0   0   0   
0   0   0   0   0   0   0   0   0   0   0   0   0   0   
0   1   0   0   0   0   0   0   0   0   0   0   0   0   
0   0   0   0   0   0   0   0   0   0   0   0   0   0   
0   0   0   0   0   0   0   0   0   0   0   0   0   0   
0   0   0   0   0   0   0   19  0   0   0   0   0   0   
0   18  0   0   0   0   0   0   0   1   0   0   0   0   
---------------------------------
关键边输出如下：
---------------------------------
13   A         19        0.158286  0.188374  
23   A         19        0.158286  0.274875  
11   A         19        0.677668  0.677668  
14   A         23        0         0         
3    A         26        0         0         
8    A         29        0         0         
25   A         34        0         0         
17   B         38        0.0549686 9.08081e-005
26   B         38        0.0549686 0.0204233 
5    b         38        0.107265  0.0873484 
12   b         38        0.107265  0.119446  
18   b         38        0.107265  0.144318  
1    C         38        0.107265  0.127655  
2    C         38        0.107265  0.127655  
4    C         38        0.107265  0.127655  
6    C         38        0.107265  0.127655  
7    C         38        0.107265  0.127655  
9    C         38        0.107265  0.127655  
10   C         38        0.107265  0.127655  
15   C         38        0.107265  0.127655  
16   C         38        0.107265  0.127655  
19   C         38        0.107265  0.127655  
20   C         38        0.107265  0.127655  
21   C         38        0.107265  0.127655  
22   C         38        0.107265  0.127655  
24   C         38        0.107265  0.127655  
---------------------------------
---------------------------------

7--8最大流值为：38
最可靠最大流分布概率为 ： 0.107265
状态划分算法消耗的内存为：6.44922
状态划分算法运行时间(ms) ： 143.633
---------------------------------
流分布如下: 
---------------------------------
0   0   0   0   0   0   0   0   0   0   0   0   0   0   
0   0   0   0   19  0   0   0   0   0   0   0   0   0   
0   0   0   0   0   0   0   0   0   0   0   0   0   0   
0   0   0   0   0   0   0   19  0   0   0   0   0   0   
0   0   0   19  0   0   0   0   0   0   0   0   0   0   
0   0   0   0   0   0   0   0   0   0   0   0   0   0   
0   0   0   0   0   0   0   0   0   0   0   0   19  19  
0   0   0   0   0   0   0   0   0   0   0   0   0   0   
0   0   0   0   0   0   0   0   0   0   0   0   0   0   
0   1   0   0   0   0   0   0   0   0   0   0   0   0   
0   0   0   0   0   0   0   0   0   0   0   0   0   0   
0   0   0   0   0   0   0   0   0   0   0   0   0   0   
0   0   0   0   0   0   0   19  0   0   0   0   0   0   
0   18  0   0   0   0   0   0   0   1   0   0   0   0   
---------------------------------
关键边输出如下：
---------------------------------
13   A         19        0.158286  0.188374  
23   A         19        0.158286  0.274875  
11   A         19        0.677668  0.677668  
14   A         23        0         0         
3    A         26        0         0         
8    A         29        0         0         
25   A         34        0         0         
17   B         38        0.0549686 9.08081e-005
26   B         38        0.0549686 0.0204233 
5    b         38        0.107265  0.0873484 
12   b         38        0.107265  0.119446  
18   b         38        0.107265  0.144318  
1    C         38        0.107265  0.127655  
2    C         38        0.107265  0.127655  
4    C         38        0.107265  0.127655  
6    C         38        0.107265  0.127655  
7    C         38        0.107265  0.127655  
9    C         38        0.107265  0.127655  
10   C         38        0.107265  0.127655  
15   C         38        0.107265  0.127655  
16   C         38        0.107265  0.127655  
19   C         38        0.107265  0.127655  
20   C         38        0.107265  0.127655  
21   C         38        0.107265  0.127655  
22   C         38        0.107265  0.127655  
24   C         38        0.107265  0.127655  
---------------------------------
---------------------------------

7--8最大流值为：38
最可靠最大流分布概率为 ： 0.107265
状态划分算法消耗的内存为：6.4375
状态划分算法运行时间(ms) ： 140.732
---------------------------------
流分布如下: 
---------------------------------
0   0   0   0   0   0   0   0   0   0   0   0   0   0   
0   0   0   0   19  0   0   0   0   0   0   0   0   0   
0   0   0   0   0   0   0   0   0   0   0   0   0   0   
0   0   0   0   0   0   0   19  0   0   0   0   0   0   
0   0   0   19  0   0   0   0   0   0   0   0   0   0   
0   0   0   0   0   0   0   0   0   0   0   0   0   0   
0   0   0   0   0   0   0   0   0   0   0   0   19  19  
0   0   0   0   0   0   0   0   0   0   0   0   0   0   
0   0   0   0   0   0   0   0   0   0   0   0   0   0   
0   1   0   0   0   0   0   0   0   0   0   0   0   0   
0   0   0   0   0   0   0   0   0   0   0   0   0   0   
0   0   0   0   0   0   0   0   0   0   0   0   0   0   
0   0   0   0   0   0   0   19  0   0   0   0   0   0   
0   18  0   0   0   0   0   0   0   1   0   0   0   0   
---------------------------------
关键边输出如下：
---------------------------------
13   A         19        0.158286  0.188374  
23   A         19        0.158286  0.274875  
11   A         19        0.677668  0.677668  
14   A         23        0         0         
3    A         26        0         0         
8    A         29        0         0         
25   A         34        0         0         
17   B         38        0.0549686 9.08081e-005
26   B         38        0.0549686 0.0204233 
5    b         38        0.107265  0.0873484 
12   b         38        0.107265  0.119446  
18   b         38        0.107265  0.144318  
1    C         38        0.107265  0.127655  
2    C         38        0.107265  0.127655  
4    C         38        0.107265  0.127655  
6    C         38        0.107265  0.127655  
7    C         38        0.107265  0.127655  
9    C         38        0.107265  0.127655  
10   C         38        0.107265  0.127655  
15   C         38        0.107265  0.127655  
16   C         38        0.107265  0.127655  
19   C         38        0.107265  0.127655  
20   C         38        0.107265  0.127655  
21   C         38        0.107265  0.127655  
22   C         38        0.107265  0.127655  
24   C         38        0.107265  0.127655  
---------------------------------
---------------------------------

7--8最大流值为：38
最可靠最大流分布概率为 ： 0.107265
状态划分算法消耗的内存为：6.45703
状态划分算法运行时间(ms) ： 150.97
---------------------------------
流分布如下: 
---------------------------------
0   0   0   0   0   0   0   0   0   0   0   0   0   0   
0   0   0   0   19  0   0   0   0   0   0   0   0   0   
0   0   0   0   0   0   0   0   0   0   0   0   0   0   
0   0   0   0   0   0   0   19  0   0   0   0   0   0   
0   0   0   19  0   0   0   0   0   0   0   0   0   0   
0   0   0   0   0   0   0   0   0   0   0   0   0   0   
0   0   0   0   0   0   0   0   0   0   0   0   19  19  
0   0   0   0   0   0   0   0   0   0   0   0   0   0   
0   0   0   0   0   0   0   0   0   0   0   0   0   0   
0   1   0   0   0   0   0   0   0   0   0   0   0   0   
0   0   0   0   0   0   0   0   0   0   0   0   0   0   
0   0   0   0   0   0   0   0   0   0   0   0   0   0   
0   0   0   0   0   0   0   19  0   0   0   0   0   0   
0   18  0   0   0   0   0   0   0   1   0   0   0   0   
---------------------------------
关键边输出如下：
---------------------------------
13   A         19        0.158286  0.188374  
23   A         19        0.158286  0.274875  
11   A         19        0.677668  0.677668  
14   A         23        0         0         
3    A         26        0         0         
8    A         29        0         0         
25   A         34        0         0         
17   B         38        0.0549686 9.08081e-005
26   B         38        0.0549686 0.0204233 
5    b         38        0.107265  0.0873484 
12   b         38        0.107265  0.119446  
18   b         38        0.107265  0.144318  
1    C         38        0.107265  0.127655  
2    C         38        0.107265  0.127655  
4    C         38        0.107265  0.127655  
6    C         38        0.107265  0.127655  
7    C         38        0.107265  0.127655  
9    C         38        0.107265  0.127655  
10   C         38        0.107265  0.127655  
15   C         38        0.107265  0.127655  
16   C         38        0.107265  0.127655  
19   C         38        0.107265  0.127655  
20   C         38        0.107265  0.127655  
21   C         38        0.107265  0.127655  
22   C         38        0.107265  0.127655  
24   C         38        0.107265  0.127655  
---------------------------------
---------------------------------

7--8最大流值为：38
最可靠最大流分布概率为 ： 0.107265
状态划分算法消耗的内存为：5.44531
状态划分算法运行时间(ms) ： 149.085
---------------------------------
流分布如下: 
---------------------------------
0   0   0   0   0   0   0   0   0   0   0   0   0   0   
0   0   0   0   19  0   0   0   0   0   0   0   0   0   
0   0   0   0   0   0   0   0   0   0   0   0   0   0   
0   0   0   0   0   0   0   19  0   0   0   0   0   0   
0   0   0   19  0   0   0   0   0   0   0   0   0   0   
0   0   0   0   0   0   0   0   0   0   0   0   0   0   
0   0   0   0   0   0   0   0   0   0   0   0   19  19  
0   0   0   0   0   0   0   0   0   0   0   0   0   0   
0   0   0   0   0   0   0   0   0   0   0   0   0   0   
0   1   0   0   0   0   0   0   0   0   0   0   0   0   
0   0   0   0   0   0   0   0   0   0   0   0   0   0   
0   0   0   0   0   0   0   0   0   0   0   0   0   0   
0   0   0   0   0   0   0   19  0   0   0   0   0   0   
0   18  0   0   0   0   0   0   0   1   0   0   0   0   
---------------------------------
关键边输出如下：
---------------------------------
13   A         19        0.158286  0.188374  
23   A         19        0.158286  0.274875  
11   A         19        0.677668  0.677668  
14   A         23        0         0         
3    A         26        0         0         
8    A         29        0         0         
25   A         34        0         0         
17   B         38        0.0549686 9.08081e-005
26   B         38        0.0549686 0.0204233 
5    b         38        0.107265  0.0873484 
12   b         38        0.107265  0.119446  
18   b         38        0.107265  0.144318  
1    C         38        0.107265  0.127655  
2    C         38        0.107265  0.127655  
4    C         38        0.107265  0.127655  
6    C         38        0.107265  0.127655  
7    C         38        0.107265  0.127655  
9    C         38        0.107265  0.127655  
10   C         38        0.107265  0.127655  
15   C         38        0.107265  0.127655  
16   C         38        0.107265  0.127655  
19   C         38        0.107265  0.127655  
20   C         38        0.107265  0.127655  
21   C         38        0.107265  0.127655  
22   C         38        0.107265  0.127655  
24   C         38        0.107265  0.127655  
---------------------------------
---------------------------------

7--8最大流值为：38
最可靠最大流分布概率为 ： 0.107265
状态划分算法消耗的内存为：6.49609
状态划分算法运行时间(ms) ： 160.3
---------------------------------
流分布如下: 
---------------------------------
0   0   0   0   0   0   0   0   0   0   0   0   0   0   
0   0   0   0   19  0   0   0   0   0   0   0   0   0   
0   0   0   0   0   0   0   0   0   0   0   0   0   0   
0   0   0   0   0   0   0   19  0   0   0   0   0   0   
0   0   0   19  0   0   0   0   0   0   0   0   0   0   
0   0   0   0   0   0   0   0   0   0   0   0   0   0   
0   0   0   0   0   0   0   0   0   0   0   0   19  19  
0   0   0   0   0   0   0   0   0   0   0   0   0   0   
0   0   0   0   0   0   0   0   0   0   0   0   0   0   
0   1   0   0   0   0   0   0   0   0   0   0   0   0   
0   0   0   0   0   0   0   0   0   0   0   0   0   0   
0   0   0   0   0   0   0   0   0   0   0   0   0   0   
0   0   0   0   0   0   0   19  0   0   0   0   0   0   
0   18  0   0   0   0   0   0   0   1   0   0   0   0   
---------------------------------
关键边输出如下：
---------------------------------
13   A         19        0.158286  0.188374  
23   A         19        0.158286  0.274875  
11   A         19        0.677668  0.677668  
14   A         23        0         0         
3    A         26        0         0         
8    A         29        0         0         
25   A         34        0         0         
17   B         38        0.0549686 9.08081e-005
26   B         38        0.0549686 0.0204233 
5    b         38        0.107265  0.0873484 
12   b         38        0.107265  0.119446  
18   b         38        0.107265  0.144318  
1    C         38        0.107265  0.127655  
2    C         38        0.107265  0.127655  
4    C         38        0.107265  0.127655  
6    C         38        0.107265  0.127655  
7    C         38        0.107265  0.127655  
9    C         38        0.107265  0.127655  
10   C         38        0.107265  0.127655  
15   C         38        0.107265  0.127655  
16   C         38        0.107265  0.127655  
19   C         38        0.107265  0.127655  
20   C         38        0.107265  0.127655  
21   C         38        0.107265  0.127655  
22   C         38        0.107265  0.127655  
24   C         38        0.107265  0.127655  
---------------------------------
---------------------------------

