3--1最大流值为：80
最可靠最大流分布概率为 ： 0.27254
状态划分算法消耗的内存为：20.8555
状态划分算法运行时间(ms) ： 13.9059
---------------------------------
流分布如下: 
---------------------------------
0   0   0   0   0   0   
0   0   0   0   0   0   
20  0   0   0   37  23  
0   0   0   0   0   0   
33  0   0   0   0   4   
27  0   0   0   0   0   
---------------------------------
关键边输出如下：
---------------------------------
4    A         43        0         0         
7    A         47        0         0         
10   A         53        0         0         
5    A         59        0         0         
3    A         60        0         0         
9    B         80        0.193519  0.0354896 
2    b         80        0.27254   0.0942278 
8    b         80        0.27254   0.12523   
1    C         80        0.27254   0.30803   
6    C         80        0.27254   0.30803   
---------------------------------
---------------------------------

3--1最大流值为：80
最可靠最大流分布概率为 ： 0.27254
状态划分算法消耗的内存为：21.6016
状态划分算法运行时间(ms) ： 15.1863
---------------------------------
流分布如下: 
---------------------------------
0   0   0   0   0   0   
0   0   0   0   0   0   
20  0   0   0   37  23  
0   0   0   0   0   0   
33  0   0   0   0   4   
27  0   0   0   0   0   
---------------------------------
关键边输出如下：
---------------------------------
4    A         43        0         0         
7    A         47        0         0         
10   A         53        0         0         
5    A         59        0         0         
3    A         60        0         0         
9    B         80        0.193519  0.0354896 
2    b         80        0.27254   0.0942278 
8    b         80        0.27254   0.12523   
1    C         80        0.27254   0.30803   
6    C         80        0.27254   0.30803   
---------------------------------
---------------------------------

3--1最大流值为：80
最可靠最大流分布概率为 ： 0.27254
状态划分算法消耗的内存为：6.43359
状态划分算法运行时间(ms) ： 37.8322
---------------------------------
流分布如下: 
---------------------------------
0   0   0   0   0   0   
0   0   0   0   0   0   
20  0   0   0   37  23  
0   0   0   0   0   0   
33  0   0   0   0   4   
27  0   0   0   0   0   
---------------------------------
关键边输出如下：
---------------------------------
4    A         43        0         0         
7    A         47        0         0         
10   A         53        0         0         
5    A         59        0         0         
3    A         60        0         0         
9    B         80        0.193519  0.0354896 
2    b         80        0.27254   0.0942278 
8    b         80        0.27254   0.12523   
1    C         80        0.27254   0.30803   
6    C         80        0.27254   0.30803   
---------------------------------
---------------------------------

3--1最大流值为：80
最可靠最大流分布概率为 ： 0.27254
状态划分算法消耗的内存为：6.39063
状态划分算法运行时间(ms) ： 46.1367
---------------------------------
流分布如下: 
---------------------------------
0   0   0   0   0   0   
0   0   0   0   0   0   
20  0   0   0   37  23  
0   0   0   0   0   0   
33  0   0   0   0   4   
27  0   0   0   0   0   
---------------------------------
关键边输出如下：
---------------------------------
4    A         43        0         0         
7    A         47        0         0         
10   A         53        0         0         
5    A         59        0         0         
3    A         60        0         0         
9    B         80        0.193519  0.0354896 
2    b         80        0.27254   0.0942278 
8    b         80        0.27254   0.12523   
1    C         80        0.27254   0.30803   
6    C         80        0.27254   0.30803   
---------------------------------
---------------------------------

3--1最大流值为：80
最可靠最大流分布概率为 ： 0.27254
状态划分算法消耗的内存为：6.42578
状态划分算法运行时间(ms) ： 47.2049
---------------------------------
流分布如下: 
---------------------------------
0   0   0   0   0   0   
0   0   0   0   0   0   
20  0   0   0   37  23  
0   0   0   0   0   0   
33  0   0   0   0   4   
27  0   0   0   0   0   
---------------------------------
关键边输出如下：
---------------------------------
4    A         43        0         0         
7    A         47        0         0         
10   A         53        0         0         
5    A         59        0         0         
3    A         60        0         0         
9    B         80        0.193519  0.0354896 
2    b         80        0.27254   0.0942278 
8    b         80        0.27254   0.12523   
1    C         80        0.27254   0.30803   
6    C         80        0.27254   0.30803   
---------------------------------
---------------------------------

3--1最大流值为：80
最可靠最大流分布概率为 ： 0.27254
状态划分算法消耗的内存为：6.41797
状态划分算法运行时间(ms) ： 48.4383
---------------------------------
流分布如下: 
---------------------------------
0   0   0   0   0   0   
0   0   0   0   0   0   
20  0   0   0   37  23  
0   0   0   0   0   0   
33  0   0   0   0   4   
27  0   0   0   0   0   
---------------------------------
关键边输出如下：
---------------------------------
4    A         43        0         0         
7    A         47        0         0         
10   A         53        0         0         
5    A         59        0         0         
3    A         60        0         0         
9    B         80        0.193519  0.0354896 
2    b         80        0.27254   0.0942278 
8    b         80        0.27254   0.12523   
1    C         80        0.27254   0.30803   
6    C         80        0.27254   0.30803   
---------------------------------
---------------------------------

3--1最大流值为：80
最可靠最大流分布概率为 ： 0.27254
状态划分算法消耗的内存为：6.38281
状态划分算法运行时间(ms) ： 43.2522
---------------------------------
流分布如下: 
---------------------------------
0   0   0   0   0   0   
0   0   0   0   0   0   
20  0   0   0   37  23  
0   0   0   0   0   0   
33  0   0   0   0   4   
27  0   0   0   0   0   
---------------------------------
关键边输出如下：
---------------------------------
4    A         43        0         0         
7    A         47        0         0         
10   A         53        0         0         
5    A         59        0         0         
3    A         60        0         0         
9    B         80        0.193519  0.0354896 
2    b         80        0.27254   0.0942278 
8    b         80        0.27254   0.12523   
1    C         80        0.27254   0.30803   
6    C         80        0.27254   0.30803   
---------------------------------
---------------------------------

3--1最大流值为：80
最可靠最大流分布概率为 ： 0.27254
状态划分算法消耗的内存为：6.38672
状态划分算法运行时间(ms) ： 45.6703
---------------------------------
流分布如下: 
---------------------------------
0   0   0   0   0   0   
0   0   0   0   0   0   
20  0   0   0   37  23  
0   0   0   0   0   0   
33  0   0   0   0   4   
27  0   0   0   0   0   
---------------------------------
关键边输出如下：
---------------------------------
4    A         43        0         0         
7    A         47        0         0         
10   A         53        0         0         
5    A         59        0         0         
3    A         60        0         0         
9    B         80        0.193519  0.0354896 
2    b         80        0.27254   0.0942278 
8    b         80        0.27254   0.12523   
1    C         80        0.27254   0.30803   
6    C         80        0.27254   0.30803   
---------------------------------
---------------------------------

3--1最大流值为：80
最可靠最大流分布概率为 ： 0.27254
状态划分算法消耗的内存为：6.42188
状态划分算法运行时间(ms) ： 45.8116
---------------------------------
流分布如下: 
---------------------------------
0   0   0   0   0   0   
0   0   0   0   0   0   
20  0   0   0   37  23  
0   0   0   0   0   0   
33  0   0   0   0   4   
27  0   0   0   0   0   
---------------------------------
关键边输出如下：
---------------------------------
4    A         43        0         0         
7    A         47        0         0         
10   A         53        0         0         
5    A         59        0         0         
3    A         60        0         0         
9    B         80        0.193519  0.0354896 
2    b         80        0.27254   0.0942278 
8    b         80        0.27254   0.12523   
1    C         80        0.27254   0.30803   
6    C         80        0.27254   0.30803   
---------------------------------
---------------------------------

3--1最大流值为：80
最可靠最大流分布概率为 ： 0.27254
状态划分算法消耗的内存为：6.38672
状态划分算法运行时间(ms) ： 49.578
---------------------------------
流分布如下: 
---------------------------------
0   0   0   0   0   0   
0   0   0   0   0   0   
20  0   0   0   37  23  
0   0   0   0   0   0   
33  0   0   0   0   4   
27  0   0   0   0   0   
---------------------------------
关键边输出如下：
---------------------------------
4    A         43        0         0         
7    A         47        0         0         
10   A         53        0         0         
5    A         59        0         0         
3    A         60        0         0         
9    B         80        0.193519  0.0354896 
2    b         80        0.27254   0.0942278 
8    b         80        0.27254   0.12523   
1    C         80        0.27254   0.30803   
6    C         80        0.27254   0.30803   
---------------------------------
---------------------------------

3--1最大流值为：80
最可靠最大流分布概率为 ： 0.27254
状态划分算法消耗的内存为：6.42969
状态划分算法运行时间(ms) ： 60.6462
---------------------------------
流分布如下: 
---------------------------------
0   0   0   0   0   0   
0   0   0   0   0   0   
20  0   0   0   37  23  
0   0   0   0   0   0   
33  0   0   0   0   4   
27  0   0   0   0   0   
---------------------------------
关键边输出如下：
---------------------------------
4    A         43        0         0         
7    A         47        0         0         
10   A         53        0         0         
5    A         59        0         0         
3    A         60        0         0         
9    B         80        0.193519  0.0354896 
2    b         80        0.27254   0.0942278 
8    b         80        0.27254   0.12523   
1    C         80        0.27254   0.30803   
6    C         80        0.27254   0.30803   
---------------------------------
---------------------------------

3--1最大流值为：80
最可靠最大流分布概率为 ： 0.27254
状态划分算法消耗的内存为：6.44531
状态划分算法运行时间(ms) ： 45.3971
---------------------------------
流分布如下: 
---------------------------------
0   0   0   0   0   0   
0   0   0   0   0   0   
20  0   0   0   37  23  
0   0   0   0   0   0   
33  0   0   0   0   4   
27  0   0   0   0   0   
---------------------------------
关键边输出如下：
---------------------------------
4    A         43        0         0         
7    A         47        0         0         
10   A         53        0         0         
5    A         59        0         0         
3    A         60        0         0         
9    B         80        0.193519  0.0354896 
2    b         80        0.27254   0.0942278 
8    b         80        0.27254   0.12523   
1    C         80        0.27254   0.30803   
6    C         80        0.27254   0.30803   
---------------------------------
---------------------------------

3--1最大流值为：80
最可靠最大流分布概率为 ： 0.27254
状态划分算法消耗的内存为：6.41406
状态划分算法运行时间(ms) ： 50.2246
---------------------------------
流分布如下: 
---------------------------------
0   0   0   0   0   0   
0   0   0   0   0   0   
20  0   0   0   37  23  
0   0   0   0   0   0   
33  0   0   0   0   4   
27  0   0   0   0   0   
---------------------------------
关键边输出如下：
---------------------------------
4    A         43        0         0         
7    A         47        0         0         
10   A         53        0         0         
5    A         59        0         0         
3    A         60        0         0         
9    B         80        0.193519  0.0354896 
2    b         80        0.27254   0.0942278 
8    b         80        0.27254   0.12523   
1    C         80        0.27254   0.30803   
6    C         80        0.27254   0.30803   
---------------------------------
---------------------------------

3--1最大流值为：80
最可靠最大流分布概率为 ： 0.27254
状态划分算法消耗的内存为：5.37891
状态划分算法运行时间(ms) ： 53.183
---------------------------------
流分布如下: 
---------------------------------
0   0   0   0   0   0   
0   0   0   0   0   0   
20  0   0   0   37  23  
0   0   0   0   0   0   
33  0   0   0   0   4   
27  0   0   0   0   0   
---------------------------------
关键边输出如下：
---------------------------------
4    A         43        0         0         
7    A         47        0         0         
10   A         53        0         0         
5    A         59        0         0         
3    A         60        0         0         
9    B         80        0.193519  0.0354896 
2    b         80        0.27254   0.0942278 
8    b         80        0.27254   0.12523   
1    C         80        0.27254   0.30803   
6    C         80        0.27254   0.30803   
---------------------------------
---------------------------------

3--1最大流值为：80
最可靠最大流分布概率为 ： 0.27254
状态划分算法消耗的内存为：6.44531
状态划分算法运行时间(ms) ： 55.4487
---------------------------------
流分布如下: 
---------------------------------
0   0   0   0   0   0   
0   0   0   0   0   0   
20  0   0   0   37  23  
0   0   0   0   0   0   
33  0   0   0   0   4   
27  0   0   0   0   0   
---------------------------------
关键边输出如下：
---------------------------------
4    A         43        0         0         
7    A         47        0         0         
10   A         53        0         0         
5    A         59        0         0         
3    A         60        0         0         
9    B         80        0.193519  0.0354896 
2    b         80        0.27254   0.0942278 
8    b         80        0.27254   0.12523   
1    C         80        0.27254   0.30803   
6    C         80        0.27254   0.30803   
---------------------------------
---------------------------------

3--1最大流值为：80
最可靠最大流分布概率为 ： 0.27254
状态划分算法消耗的内存为：6.44922
状态划分算法运行时间(ms) ： 60.3576
---------------------------------
流分布如下: 
---------------------------------
0   0   0   0   0   0   
0   0   0   0   0   0   
20  0   0   0   37  23  
0   0   0   0   0   0   
33  0   0   0   0   4   
27  0   0   0   0   0   
---------------------------------
关键边输出如下：
---------------------------------
4    A         43        0         0         
7    A         47        0         0         
10   A         53        0         0         
5    A         59        0         0         
3    A         60        0         0         
9    B         80        0.193519  0.0354896 
2    b         80        0.27254   0.0942278 
8    b         80        0.27254   0.12523   
1    C         80        0.27254   0.30803   
6    C         80        0.27254   0.30803   
---------------------------------
---------------------------------

3--1最大流值为：80
最可靠最大流分布概率为 ： 0.27254
状态划分算法消耗的内存为：6.42188
状态划分算法运行时间(ms) ： 52.3849
---------------------------------
流分布如下: 
---------------------------------
0   0   0   0   0   0   
0   0   0   0   0   0   
20  0   0   0   37  23  
0   0   0   0   0   0   
33  0   0   0   0   4   
27  0   0   0   0   0   
---------------------------------
关键边输出如下：
---------------------------------
4    A         43        0         0         
7    A         47        0         0         
10   A         53        0         0         
5    A         59        0         0         
3    A         60        0         0         
9    B         80        0.193519  0.0354896 
2    b         80        0.27254   0.0942278 
8    b         80        0.27254   0.12523   
1    C         80        0.27254   0.30803   
6    C         80        0.27254   0.30803   
---------------------------------
---------------------------------

3--1最大流值为：80
最可靠最大流分布概率为 ： 0.27254
状态划分算法消耗的内存为：6.44531
状态划分算法运行时间(ms) ： 55.5353
---------------------------------
流分布如下: 
---------------------------------
0   0   0   0   0   0   
0   0   0   0   0   0   
20  0   0   0   37  23  
0   0   0   0   0   0   
33  0   0   0   0   4   
27  0   0   0   0   0   
---------------------------------
关键边输出如下：
---------------------------------
4    A         43        0         0         
7    A         47        0         0         
10   A         53        0         0         
5    A         59        0         0         
3    A         60        0         0         
9    B         80        0.193519  0.0354896 
2    b         80        0.27254   0.0942278 
8    b         80        0.27254   0.12523   
1    C         80        0.27254   0.30803   
6    C         80        0.27254   0.30803   
---------------------------------
---------------------------------

3--1最大流值为：80
最可靠最大流分布概率为 ： 0.27254
状态划分算法消耗的内存为：6.44531
状态划分算法运行时间(ms) ： 55.5021
---------------------------------
流分布如下: 
---------------------------------
0   0   0   0   0   0   
0   0   0   0   0   0   
20  0   0   0   37  23  
0   0   0   0   0   0   
33  0   0   0   0   4   
27  0   0   0   0   0   
---------------------------------
关键边输出如下：
---------------------------------
4    A         43        0         0         
7    A         47        0         0         
10   A         53        0         0         
5    A         59        0         0         
3    A         60        0         0         
9    B         80        0.193519  0.0354896 
2    b         80        0.27254   0.0942278 
8    b         80        0.27254   0.12523   
1    C         80        0.27254   0.30803   
6    C         80        0.27254   0.30803   
---------------------------------
---------------------------------

3--1最大流值为：80
最可靠最大流分布概率为 ： 0.27254
状态划分算法消耗的内存为：6.44531
状态划分算法运行时间(ms) ： 54.3228
---------------------------------
流分布如下: 
---------------------------------
0   0   0   0   0   0   
0   0   0   0   0   0   
20  0   0   0   37  23  
0   0   0   0   0   0   
33  0   0   0   0   4   
27  0   0   0   0   0   
---------------------------------
关键边输出如下：
---------------------------------
4    A         43        0         0         
7    A         47        0         0         
10   A         53        0         0         
5    A         59        0         0         
3    A         60        0         0         
9    B         80        0.193519  0.0354896 
2    b         80        0.27254   0.0942278 
8    b         80        0.27254   0.12523   
1    C         80        0.27254   0.30803   
6    C         80        0.27254   0.30803   
---------------------------------
---------------------------------

3--1最大流值为：80
最可靠最大流分布概率为 ： 0.27254
状态划分算法消耗的内存为：6.45703
状态划分算法运行时间(ms) ： 52.809
---------------------------------
流分布如下: 
---------------------------------
0   0   0   0   0   0   
0   0   0   0   0   0   
20  0   0   0   37  23  
0   0   0   0   0   0   
33  0   0   0   0   4   
27  0   0   0   0   0   
---------------------------------
关键边输出如下：
---------------------------------
4    A         43        0         0         
7    A         47        0         0         
10   A         53        0         0         
5    A         59        0         0         
3    A         60        0         0         
9    B         80        0.193519  0.0354896 
2    b         80        0.27254   0.0942278 
8    b         80        0.27254   0.12523   
1    C         80        0.27254   0.30803   
6    C         80        0.27254   0.30803   
---------------------------------
---------------------------------

3--1最大流值为：80
最可靠最大流分布概率为 ： 0.27254
状态划分算法消耗的内存为：6.46484
状态划分算法运行时间(ms) ： 59.5101
---------------------------------
流分布如下: 
---------------------------------
0   0   0   0   0   0   
0   0   0   0   0   0   
20  0   0   0   37  23  
0   0   0   0   0   0   
33  0   0   0   0   4   
27  0   0   0   0   0   
---------------------------------
关键边输出如下：
---------------------------------
4    A         43        0         0         
7    A         47        0         0         
10   A         53        0         0         
5    A         59        0         0         
3    A         60        0         0         
9    B         80        0.193519  0.0354896 
2    b         80        0.27254   0.0942278 
8    b         80        0.27254   0.031002  
1    C         80        0.27254   0.30803   
6    C         80        0.27254   0.30803   
---------------------------------
---------------------------------

3--1最大流值为：80
最可靠最大流分布概率为 ： 0.27254
状态划分算法消耗的内存为：5.40234
状态划分算法运行时间(ms) ： 60.1627
---------------------------------
流分布如下: 
---------------------------------
0   0   0   0   0   0   
0   0   0   0   0   0   
20  0   0   0   37  23  
0   0   0   0   0   0   
33  0   0   0   0   4   
27  0   0   0   0   0   
---------------------------------
关键边输出如下：
---------------------------------
4    A         43        0         0         
7    A         47        0         0         
10   A         53        0         0         
5    A         59        0         0         
3    A         60        0         0         
9    B         80        0.193519  0.0354896 
2    b         80        0.27254   0.0942278 
8    b         80        0.27254   0.031002  
1    C         80        0.27254   0.30803   
6    C         80        0.27254   0.30803   
---------------------------------
---------------------------------

3--1最大流值为：80
最可靠最大流分布概率为 ： 0.27254
状态划分算法消耗的内存为：6.47266
状态划分算法运行时间(ms) ： 45.6576
---------------------------------
流分布如下: 
---------------------------------
0   0   0   0   0   0   
0   0   0   0   0   0   
20  0   0   0   37  23  
0   0   0   0   0   0   
33  0   0   0   0   4   
27  0   0   0   0   0   
---------------------------------
关键边输出如下：
---------------------------------
4    A         43        0         0         
7    A         47        0         0         
10   A         53        0         0         
5    A         59        0         0         
3    A         60        0         0         
9    B         80        0.193519  0.0354896 
2    b         80        0.27254   0.0942278 
8    b         80        0.27254   0.031002  
1    C         80        0.27254   0.30803   
6    C         80        0.27254   0.30803   
---------------------------------
---------------------------------

3--1最大流值为：80
最可靠最大流分布概率为 ： 0.27254
状态划分算法消耗的内存为：6.46094
状态划分算法运行时间(ms) ： 47.6076
---------------------------------
流分布如下: 
---------------------------------
0   0   0   0   0   0   
0   0   0   0   0   0   
20  0   0   0   37  23  
0   0   0   0   0   0   
33  0   0   0   0   4   
27  0   0   0   0   0   
---------------------------------
关键边输出如下：
---------------------------------
4    A         43        0         0         
7    A         47        0         0         
10   A         53        0         0         
5    A         59        0         0         
3    A         60        0         0         
9    B         80        0.193519  0.0354896 
2    b         80        0.27254   0.0942278 
8    b         80        0.27254   0.031002  
1    C         80        0.27254   0.30803   
6    C         80        0.27254   0.30803   
---------------------------------
---------------------------------

