5--1最大流值为：76
最可靠最大流分布概率为 ： 0.115151
状态划分算法消耗的内存为：20.8711
状态划分算法运行时间(ms) ： 10.9942
---------------------------------
流分布如下: 
---------------------------------
0   0   0   0   0   0   
22  0   0   0   0   0   
0   0   0   0   0   0   
32  0   0   0   0   0   
22  22  0   32  0   0   
0   0   0   0   0   0   
---------------------------------
关键边输出如下：
---------------------------------
7    A         44        0.359729  0.359729  
10   A         44        0.359729  0.359729  
9    A         54        0.164846  0.164846  
1    A         54        0.164846  0.164846  
8    A         54        0.223604  0.223604  
2    C         76        0.115151  0.115151  
3    C         76        0.115151  0.115151  
4    C         76        0.115151  0.115151  
5    C         76        0.115151  0.115151  
6    C         76        0.115151  0.115151  
---------------------------------
---------------------------------

5--1最大流值为：76
最可靠最大流分布概率为 ： 0.115151
状态划分算法消耗的内存为：21.5703
状态划分算法运行时间(ms) ： 11.4636
---------------------------------
流分布如下: 
---------------------------------
0   0   0   0   0   0   
22  0   0   0   0   0   
0   0   0   0   0   0   
32  0   0   0   0   0   
22  22  0   32  0   0   
0   0   0   0   0   0   
---------------------------------
关键边输出如下：
---------------------------------
7    A         44        0.359729  0.359729  
10   A         44        0.359729  0.359729  
9    A         54        0.164846  0.164846  
1    A         54        0.164846  0.164846  
8    A         54        0.223604  0.223604  
2    C         76        0.115151  0.115151  
3    C         76        0.115151  0.115151  
4    C         76        0.115151  0.115151  
5    C         76        0.115151  0.115151  
6    C         76        0.115151  0.115151  
---------------------------------
---------------------------------

5--1最大流值为：76
最可靠最大流分布概率为 ： 0.115151
状态划分算法消耗的内存为：6.40625
状态划分算法运行时间(ms) ： 30.401
---------------------------------
流分布如下: 
---------------------------------
0   0   0   0   0   0   
22  0   0   0   0   0   
0   0   0   0   0   0   
32  0   0   0   0   0   
22  22  0   32  0   0   
0   0   0   0   0   0   
---------------------------------
关键边输出如下：
---------------------------------
7    A         44        0.359729  0.359729  
10   A         44        0.359729  0.359729  
9    A         54        0.164846  0.164846  
1    A         54        0.164846  0.164846  
8    A         54        0.223604  0.223604  
2    C         76        0.115151  0.115151  
3    C         76        0.115151  0.115151  
4    C         76        0.115151  0.115151  
5    C         76        0.115151  0.115151  
6    C         76        0.115151  0.115151  
---------------------------------
---------------------------------

5--1最大流值为：76
最可靠最大流分布概率为 ： 0.115151
状态划分算法消耗的内存为：5.30469
状态划分算法运行时间(ms) ： 30.9763
---------------------------------
流分布如下: 
---------------------------------
0   0   0   0   0   0   
22  0   0   0   0   0   
0   0   0   0   0   0   
32  0   0   0   0   0   
22  22  0   32  0   0   
0   0   0   0   0   0   
---------------------------------
关键边输出如下：
---------------------------------
7    A         44        0.359729  0.359729  
10   A         44        0.359729  0.359729  
9    A         54        0.164846  0.164846  
1    A         54        0.164846  0.164846  
8    A         54        0.223604  0.223604  
2    C         76        0.115151  0.115151  
3    C         76        0.115151  0.115151  
4    C         76        0.115151  0.115151  
5    C         76        0.115151  0.115151  
6    C         76        0.115151  0.115151  
---------------------------------
---------------------------------

5--1最大流值为：76
最可靠最大流分布概率为 ： 0.115151
状态划分算法消耗的内存为：6.39844
状态划分算法运行时间(ms) ： 39.8132
---------------------------------
流分布如下: 
---------------------------------
0   0   0   0   0   0   
22  0   0   0   0   0   
0   0   0   0   0   0   
32  0   0   0   0   0   
22  22  0   32  0   0   
0   0   0   0   0   0   
---------------------------------
关键边输出如下：
---------------------------------
7    A         44        0.359729  0.359729  
10   A         44        0.359729  0.359729  
9    A         54        0.164846  0.164846  
1    A         54        0.164846  0.164846  
8    A         54        0.223604  0.223604  
2    C         76        0.115151  0.115151  
3    C         76        0.115151  0.115151  
4    C         76        0.115151  0.115151  
5    C         76        0.115151  0.115151  
6    C         76        0.115151  0.115151  
---------------------------------
---------------------------------

5--1最大流值为：76
最可靠最大流分布概率为 ： 0.115151
状态划分算法消耗的内存为：6.39844
状态划分算法运行时间(ms) ： 40.2331
---------------------------------
流分布如下: 
---------------------------------
0   0   0   0   0   0   
22  0   0   0   0   0   
0   0   0   0   0   0   
32  0   0   0   0   0   
22  22  0   32  0   0   
0   0   0   0   0   0   
---------------------------------
关键边输出如下：
---------------------------------
7    A         44        0.359729  0.359729  
10   A         44        0.359729  0.359729  
9    A         54        0.164846  0.164846  
1    A         54        0.164846  0.164846  
8    A         54        0.223604  0.223604  
2    C         76        0.115151  0.115151  
3    C         76        0.115151  0.115151  
4    C         76        0.115151  0.115151  
5    C         76        0.115151  0.115151  
6    C         76        0.115151  0.115151  
---------------------------------
---------------------------------

5--1最大流值为：76
最可靠最大流分布概率为 ： 0.115151
状态划分算法消耗的内存为：6.375
状态划分算法运行时间(ms) ： 38.8386
---------------------------------
流分布如下: 
---------------------------------
0   0   0   0   0   0   
22  0   0   0   0   0   
0   0   0   0   0   0   
32  0   0   0   0   0   
22  22  0   32  0   0   
0   0   0   0   0   0   
---------------------------------
关键边输出如下：
---------------------------------
7    A         44        0.359729  0.359729  
10   A         44        0.359729  0.359729  
9    A         54        0.164846  0.164846  
1    A         54        0.164846  0.164846  
8    A         54        0.223604  0.223604  
2    C         76        0.115151  0.115151  
3    C         76        0.115151  0.115151  
4    C         76        0.115151  0.115151  
5    C         76        0.115151  0.115151  
6    C         76        0.115151  0.115151  
---------------------------------
---------------------------------

5--1最大流值为：76
最可靠最大流分布概率为 ： 0.115151
状态划分算法消耗的内存为：6.42578
状态划分算法运行时间(ms) ： 39.4456
---------------------------------
流分布如下: 
---------------------------------
0   0   0   0   0   0   
22  0   0   0   0   0   
0   0   0   0   0   0   
32  0   0   0   0   0   
22  22  0   32  0   0   
0   0   0   0   0   0   
---------------------------------
关键边输出如下：
---------------------------------
7    A         44        0.359729  0.359729  
10   A         44        0.359729  0.359729  
9    A         54        0.164846  0.164846  
1    A         54        0.164846  0.164846  
8    A         54        0.223604  0.223604  
2    C         76        0.115151  0.115151  
3    C         76        0.115151  0.115151  
4    C         76        0.115151  0.115151  
5    C         76        0.115151  0.115151  
6    C         76        0.115151  0.115151  
---------------------------------
---------------------------------

5--1最大流值为：76
最可靠最大流分布概率为 ： 0.115151
状态划分算法消耗的内存为：5.375
状态划分算法运行时间(ms) ： 34.9
---------------------------------
流分布如下: 
---------------------------------
0   0   0   0   0   0   
22  0   0   0   0   0   
0   0   0   0   0   0   
32  0   0   0   0   0   
22  22  0   32  0   0   
0   0   0   0   0   0   
---------------------------------
关键边输出如下：
---------------------------------
7    A         44        0.359729  0.359729  
10   A         44        0.359729  0.359729  
9    A         54        0.164846  0.164846  
1    A         54        0.164846  0.164846  
8    A         54        0.223604  0.223604  
2    C         76        0.115151  0.115151  
3    C         76        0.115151  0.115151  
4    C         76        0.115151  0.115151  
5    C         76        0.115151  0.115151  
6    C         76        0.115151  0.115151  
---------------------------------
---------------------------------

5--1最大流值为：76
最可靠最大流分布概率为 ： 0.115151
状态划分算法消耗的内存为：6.4375
状态划分算法运行时间(ms) ： 37.5198
---------------------------------
流分布如下: 
---------------------------------
0   0   0   0   0   0   
22  0   0   0   0   0   
0   0   0   0   0   0   
32  0   0   0   0   0   
22  22  0   32  0   0   
0   0   0   0   0   0   
---------------------------------
关键边输出如下：
---------------------------------
7    A         44        0.359729  0.359729  
10   A         44        0.359729  0.359729  
9    A         54        0.164846  0.164846  
1    A         54        0.164846  0.164846  
8    A         54        0.223604  0.223604  
2    C         76        0.115151  0.115151  
3    C         76        0.115151  0.115151  
4    C         76        0.115151  0.115151  
5    C         76        0.115151  0.115151  
6    C         76        0.115151  0.115151  
---------------------------------
---------------------------------

5--1最大流值为：76
最可靠最大流分布概率为 ： 0.115151
状态划分算法消耗的内存为：6.46484
状态划分算法运行时间(ms) ： 40.081
---------------------------------
流分布如下: 
---------------------------------
0   0   0   0   0   0   
22  0   0   0   0   0   
0   0   0   0   0   0   
32  0   0   0   0   0   
22  22  0   32  0   0   
0   0   0   0   0   0   
---------------------------------
关键边输出如下：
---------------------------------
7    A         44        0.359729  0.359729  
10   A         44        0.359729  0.359729  
9    A         54        0.164846  0.164846  
1    A         54        0.164846  0.164846  
8    A         54        0.223604  0.223604  
2    C         76        0.115151  0.115151  
3    C         76        0.115151  0.115151  
4    C         76        0.115151  0.115151  
5    C         76        0.115151  0.115151  
6    C         76        0.115151  0.115151  
---------------------------------
---------------------------------

5--1最大流值为：76
最可靠最大流分布概率为 ： 0.115151
状态划分算法消耗的内存为：6.46484
状态划分算法运行时间(ms) ： 41.1242
---------------------------------
流分布如下: 
---------------------------------
0   0   0   0   0   0   
22  0   0   0   0   0   
0   0   0   0   0   0   
32  0   0   0   0   0   
22  22  0   32  0   0   
0   0   0   0   0   0   
---------------------------------
关键边输出如下：
---------------------------------
7    A         44        0.359729  0.359729  
10   A         44        0.359729  0.359729  
9    A         54        0.164846  0.164846  
1    A         54        0.164846  0.164846  
8    A         54        0.223604  0.223604  
2    C         76        0.115151  0.115151  
3    C         76        0.115151  0.115151  
4    C         76        0.115151  0.115151  
5    C         76        0.115151  0.115151  
6    C         76        0.115151  0.115151  
---------------------------------
---------------------------------

5--1最大流值为：76
最可靠最大流分布概率为 ： 0.115151
状态划分算法消耗的内存为：5.36328
状态划分算法运行时间(ms) ： 40.5256
---------------------------------
流分布如下: 
---------------------------------
0   0   0   0   0   0   
22  0   0   0   0   0   
0   0   0   0   0   0   
32  0   0   0   0   0   
22  22  0   32  0   0   
0   0   0   0   0   0   
---------------------------------
关键边输出如下：
---------------------------------
7    A         44        0.359729  0.359729  
10   A         44        0.359729  0.359729  
9    A         54        0.164846  0.164846  
1    A         54        0.164846  0.164846  
8    A         54        0.223604  0.223604  
2    C         76        0.115151  0.115151  
3    C         76        0.115151  0.115151  
4    C         76        0.115151  0.115151  
5    C         76        0.115151  0.115151  
6    C         76        0.115151  0.115151  
---------------------------------
---------------------------------

5--1最大流值为：76
最可靠最大流分布概率为 ： 0.115151
状态划分算法消耗的内存为：6.46484
状态划分算法运行时间(ms) ： 37.3
---------------------------------
流分布如下: 
---------------------------------
0   0   0   0   0   0   
22  0   0   0   0   0   
0   0   0   0   0   0   
32  0   0   0   0   0   
22  22  0   32  0   0   
0   0   0   0   0   0   
---------------------------------
关键边输出如下：
---------------------------------
7    A         44        0.359729  0.359729  
10   A         44        0.359729  0.359729  
9    A         54        0.164846  0.164846  
1    A         54        0.164846  0.164846  
8    A         54        0.223604  0.223604  
2    C         76        0.115151  0.115151  
3    C         76        0.115151  0.115151  
4    C         76        0.115151  0.115151  
5    C         76        0.115151  0.115151  
6    C         76        0.115151  0.115151  
---------------------------------
---------------------------------

5--1最大流值为：76
最可靠最大流分布概率为 ： 0.115151
状态划分算法消耗的内存为：6.42969
状态划分算法运行时间(ms) ： 39.9216
---------------------------------
流分布如下: 
---------------------------------
0   0   0   0   0   0   
22  0   0   0   0   0   
0   0   0   0   0   0   
32  0   0   0   0   0   
22  22  0   32  0   0   
0   0   0   0   0   0   
---------------------------------
关键边输出如下：
---------------------------------
7    A         44        0.359729  0.359729  
10   A         44        0.359729  0.359729  
9    A         54        0.164846  0.164846  
1    A         54        0.164846  0.164846  
8    A         54        0.223604  0.223604  
2    C         76        0.115151  0.115151  
3    C         76        0.115151  0.115151  
4    C         76        0.115151  0.115151  
5    C         76        0.115151  0.115151  
6    C         76        0.115151  0.115151  
---------------------------------
---------------------------------

5--1最大流值为：76
最可靠最大流分布概率为 ： 0.115151
状态划分算法消耗的内存为：6.45313
状态划分算法运行时间(ms) ： 38.5198
---------------------------------
流分布如下: 
---------------------------------
0   0   0   0   0   0   
22  0   0   0   0   0   
0   0   0   0   0   0   
32  0   0   0   0   0   
22  22  0   32  0   0   
0   0   0   0   0   0   
---------------------------------
关键边输出如下：
---------------------------------
7    A         44        0.359729  0.359729  
10   A         44        0.359729  0.359729  
9    A         54        0.164846  0.164846  
1    A         54        0.164846  0.164846  
8    A         54        0.223604  0.223604  
2    C         76        0.115151  0.115151  
3    C         76        0.115151  0.115151  
4    C         76        0.115151  0.115151  
5    C         76        0.115151  0.115151  
6    C         76        0.115151  0.115151  
---------------------------------
---------------------------------

5--1最大流值为：76
最可靠最大流分布概率为 ： 0.115151
状态划分算法消耗的内存为：6.4375
状态划分算法运行时间(ms) ： 36.386
---------------------------------
流分布如下: 
---------------------------------
0   0   0   0   0   0   
22  0   0   0   0   0   
0   0   0   0   0   0   
32  0   0   0   0   0   
22  22  0   32  0   0   
0   0   0   0   0   0   
---------------------------------
关键边输出如下：
---------------------------------
7    A         44        0.359729  0.359729  
10   A         44        0.359729  0.359729  
9    A         54        0.164846  0.164846  
1    A         54        0.164846  0.164846  
8    A         54        0.223604  0.223604  
2    C         76        0.115151  0.115151  
3    C         76        0.115151  0.115151  
4    C         76        0.115151  0.115151  
5    C         76        0.115151  0.115151  
6    C         76        0.115151  0.115151  
---------------------------------
---------------------------------

5--1最大流值为：76
最可靠最大流分布概率为 ： 0.115151
状态划分算法消耗的内存为：6.42578
状态划分算法运行时间(ms) ： 40.6672
---------------------------------
流分布如下: 
---------------------------------
0   0   0   0   0   0   
22  0   0   0   0   0   
0   0   0   0   0   0   
32  0   0   0   0   0   
22  22  0   32  0   0   
0   0   0   0   0   0   
---------------------------------
关键边输出如下：
---------------------------------
7    A         44        0.359729  0.359729  
10   A         44        0.359729  0.359729  
9    A         54        0.164846  0.164846  
1    A         54        0.164846  0.164846  
8    A         54        0.223604  0.223604  
2    C         76        0.115151  0.115151  
3    C         76        0.115151  0.115151  
4    C         76        0.115151  0.115151  
5    C         76        0.115151  0.115151  
6    C         76        0.115151  0.115151  
---------------------------------
---------------------------------

5--1最大流值为：76
最可靠最大流分布概率为 ： 0.115151
状态划分算法消耗的内存为：6.49609
状态划分算法运行时间(ms) ： 40.5365
---------------------------------
流分布如下: 
---------------------------------
0   0   0   0   0   0   
22  0   0   0   0   0   
0   0   0   0   0   0   
32  0   0   0   0   0   
22  22  0   32  0   0   
0   0   0   0   0   0   
---------------------------------
关键边输出如下：
---------------------------------
7    A         44        0.359729  0.359729  
10   A         44        0.359729  0.359729  
9    A         54        0.164846  0.164846  
1    A         54        0.164846  0.164846  
8    A         54        0.223604  0.223604  
2    C         76        0.115151  0.115151  
3    C         76        0.115151  0.115151  
4    C         76        0.115151  0.115151  
5    C         76        0.115151  0.115151  
6    C         76        0.115151  0.115151  
---------------------------------
---------------------------------

5--1最大流值为：76
最可靠最大流分布概率为 ： 0.115151
状态划分算法消耗的内存为：6.46484
状态划分算法运行时间(ms) ： 34.3917
---------------------------------
流分布如下: 
---------------------------------
0   0   0   0   0   0   
22  0   0   0   0   0   
0   0   0   0   0   0   
32  0   0   0   0   0   
22  22  0   32  0   0   
0   0   0   0   0   0   
---------------------------------
关键边输出如下：
---------------------------------
7    A         44        0.359729  0.359729  
10   A         44        0.359729  0.359729  
9    A         54        0.164846  0.164846  
1    A         54        0.164846  0.164846  
8    A         54        0.223604  0.223604  
2    C         76        0.115151  0.115151  
3    C         76        0.115151  0.115151  
4    C         76        0.115151  0.115151  
5    C         76        0.115151  0.115151  
6    C         76        0.115151  0.115151  
---------------------------------
---------------------------------

5--1最大流值为：76
最可靠最大流分布概率为 ： 0.115151
状态划分算法消耗的内存为：5.38281
状态划分算法运行时间(ms) ： 13.8838
---------------------------------
流分布如下: 
---------------------------------
0   0   0   0   0   0   
22  0   0   0   0   0   
0   0   0   0   0   0   
32  0   0   0   0   0   
22  22  0   32  0   0   
0   0   0   0   0   0   
---------------------------------
关键边输出如下：
---------------------------------
7    A         44        0.359729  0.359729  
10   A         44        0.359729  0.359729  
9    A         54        0.164846  0.164846  
1    A         54        0.164846  0.164846  
8    A         54        0.223604  0.223604  
2    C         76        0.115151  0.115151  
3    C         76        0.115151  0.115151  
4    C         76        0.115151  0.115151  
5    C         76        0.115151  0.115151  
6    C         76        0.115151  0.115151  
---------------------------------
---------------------------------

5--1最大流值为：76
最可靠最大流分布概率为 ： 0.115151
状态划分算法消耗的内存为：6.47656
状态划分算法运行时间(ms) ： 15.0938
---------------------------------
流分布如下: 
---------------------------------
0   0   0   0   0   0   
22  0   0   0   0   0   
0   0   0   0   0   0   
32  0   0   0   0   0   
22  22  0   32  0   0   
0   0   0   0   0   0   
---------------------------------
关键边输出如下：
---------------------------------
7    A         44        0.359729  0.359729  
10   A         44        0.359729  0.359729  
9    A         54        0.164846  0.164846  
1    A         54        0.164846  0.164846  
8    A         54        0.223604  0.223604  
2    C         76        0.115151  0.115151  
3    C         76        0.115151  0.115151  
4    C         76        0.115151  0.115151  
5    C         76        0.115151  0.115151  
6    C         76        0.115151  0.115151  
---------------------------------
---------------------------------

