1--5最大流值为：45
最可靠最大流分布概率为 ： 0.127364
状态划分算法消耗的内存为：20.875
状态划分算法运行时间(ms) ： 16.1371
---------------------------------
流分布如下: 
---------------------------------
0   7   18  0   20  0   
0   0   7   0   0   0   
0   0   0   23  0   2   
0   0   0   0   23  0   
0   0   0   0   0   0   
0   0   0   0   2   0   
---------------------------------
关键边输出如下：
---------------------------------
5    A         22        0.368712  0.455991  
7    A         22        0.368712  0.455991  
3    A         25        0         0         
2    A         28        0         0         
1    A         38        0.478132  0.478132  
4    A         38        0.478132  0.478132  
6    A         43        0.214177  0.214177  
10   A         43        0.214177  0.214177  
8    C         45        0.127364  0.127364  
9    C         45        0.127364  0.127364  
---------------------------------
---------------------------------

1--5最大流值为：45
最可靠最大流分布概率为 ： 0.127364
状态划分算法消耗的内存为：5.71094
状态划分算法运行时间(ms) ： 16.3795
---------------------------------
流分布如下: 
---------------------------------
0   7   18  0   20  0   
0   0   7   0   0   0   
0   0   0   23  0   2   
0   0   0   0   23  0   
0   0   0   0   0   0   
0   0   0   0   2   0   
---------------------------------
关键边输出如下：
---------------------------------
5    A         22        0.368712  0.455991  
7    A         22        0.368712  0.455991  
3    A         25        0         0         
2    A         28        0         0         
1    A         38        0.478132  0.478132  
4    A         38        0.478132  0.478132  
6    A         43        0.214177  0.214177  
10   A         43        0.214177  0.214177  
8    C         45        0.127364  0.127364  
9    C         45        0.127364  0.127364  
---------------------------------
---------------------------------

1--5最大流值为：45
最可靠最大流分布概率为 ： 0.127364
状态划分算法消耗的内存为：6.41406
状态划分算法运行时间(ms) ： 30.8664
---------------------------------
流分布如下: 
---------------------------------
0   7   18  0   20  0   
0   0   7   0   0   0   
0   0   0   23  0   2   
0   0   0   0   23  0   
0   0   0   0   0   0   
0   0   0   0   2   0   
---------------------------------
关键边输出如下：
---------------------------------
5    A         22        0.368712  0.455991  
7    A         22        0.368712  0.455991  
3    A         25        0         0         
2    A         28        0         0         
1    A         38        0.478132  0.478132  
4    A         38        0.478132  0.478132  
6    A         43        0.214177  0.214177  
10   A         43        0.214177  0.214177  
8    C         45        0.127364  0.127364  
9    C         45        0.127364  0.127364  
---------------------------------
---------------------------------

1--5最大流值为：45
最可靠最大流分布概率为 ： 0.127364
状态划分算法消耗的内存为：6.41797
状态划分算法运行时间(ms) ： 37.479
---------------------------------
流分布如下: 
---------------------------------
0   7   18  0   20  0   
0   0   7   0   0   0   
0   0   0   23  0   2   
0   0   0   0   23  0   
0   0   0   0   0   0   
0   0   0   0   2   0   
---------------------------------
关键边输出如下：
---------------------------------
5    A         22        0.368712  0.455991  
7    A         22        0.368712  0.455991  
3    A         25        0         0         
2    A         28        0         0         
1    A         38        0.478132  0.478132  
4    A         38        0.478132  0.478132  
6    A         43        0.214177  0.214177  
10   A         43        0.214177  0.214177  
8    C         45        0.127364  0.127364  
9    C         45        0.127364  0.127364  
---------------------------------
---------------------------------

1--5最大流值为：45
最可靠最大流分布概率为 ： 0.127364
状态划分算法消耗的内存为：6.42969
状态划分算法运行时间(ms) ： 41.5144
---------------------------------
流分布如下: 
---------------------------------
0   7   18  0   20  0   
0   0   7   0   0   0   
0   0   0   23  0   2   
0   0   0   0   23  0   
0   0   0   0   0   0   
0   0   0   0   2   0   
---------------------------------
关键边输出如下：
---------------------------------
5    A         22        0.368712  0.455991  
7    A         22        0.368712  0.455991  
3    A         25        0         0         
2    A         28        0         0         
1    A         38        0.478132  0.478132  
4    A         38        0.478132  0.478132  
6    A         43        0.214177  0.214177  
10   A         43        0.214177  0.214177  
8    C         45        0.127364  0.127364  
9    C         45        0.127364  0.127364  
---------------------------------
---------------------------------

1--5最大流值为：45
最可靠最大流分布概率为 ： 0.127364
状态划分算法消耗的内存为：6.39844
状态划分算法运行时间(ms) ： 43.2449
---------------------------------
流分布如下: 
---------------------------------
0   7   18  0   20  0   
0   0   7   0   0   0   
0   0   0   23  0   2   
0   0   0   0   23  0   
0   0   0   0   0   0   
0   0   0   0   2   0   
---------------------------------
关键边输出如下：
---------------------------------
5    A         22        0.368712  0.455991  
7    A         22        0.368712  0.455991  
3    A         25        0         0         
2    A         28        0         0         
1    A         38        0.478132  0.478132  
4    A         38        0.478132  0.478132  
6    A         43        0.214177  0.214177  
10   A         43        0.214177  0.214177  
8    C         45        0.127364  0.127364  
9    C         45        0.127364  0.127364  
---------------------------------
---------------------------------

1--5最大流值为：45
最可靠最大流分布概率为 ： 0.127364
状态划分算法消耗的内存为：6.40234
状态划分算法运行时间(ms) ： 45.2661
---------------------------------
流分布如下: 
---------------------------------
0   7   18  0   20  0   
0   0   7   0   0   0   
0   0   0   23  0   2   
0   0   0   0   23  0   
0   0   0   0   0   0   
0   0   0   0   2   0   
---------------------------------
关键边输出如下：
---------------------------------
5    A         22        0.368712  0.455991  
7    A         22        0.368712  0.455991  
3    A         25        0         0         
2    A         28        0         0         
1    A         38        0.478132  0.478132  
4    A         38        0.478132  0.478132  
6    A         43        0.214177  0.214177  
10   A         43        0.214177  0.214177  
8    C         45        0.127364  0.127364  
9    C         45        0.127364  0.127364  
---------------------------------
---------------------------------

1--5最大流值为：45
最可靠最大流分布概率为 ： 0.127364
状态划分算法消耗的内存为：6.39844
状态划分算法运行时间(ms) ： 44.564
---------------------------------
流分布如下: 
---------------------------------
0   7   18  0   20  0   
0   0   7   0   0   0   
0   0   0   23  0   2   
0   0   0   0   23  0   
0   0   0   0   0   0   
0   0   0   0   2   0   
---------------------------------
关键边输出如下：
---------------------------------
5    A         22        0.368712  0.455991  
7    A         22        0.368712  0.455991  
3    A         25        0         0         
2    A         28        0         0         
1    A         38        0.478132  0.478132  
4    A         38        0.478132  0.478132  
6    A         43        0.214177  0.214177  
10   A         43        0.214177  0.214177  
8    C         45        0.127364  0.127364  
9    C         45        0.127364  0.127364  
---------------------------------
---------------------------------

1--5最大流值为：45
最可靠最大流分布概率为 ： 0.127364
状态划分算法消耗的内存为：6.43359
状态划分算法运行时间(ms) ： 42.2778
---------------------------------
流分布如下: 
---------------------------------
0   7   18  0   20  0   
0   0   7   0   0   0   
0   0   0   23  0   2   
0   0   0   0   23  0   
0   0   0   0   0   0   
0   0   0   0   2   0   
---------------------------------
关键边输出如下：
---------------------------------
5    A         22        0.368712  0.455991  
7    A         22        0.368712  0.455991  
3    A         25        0         0         
2    A         28        0         0         
1    A         38        0.478132  0.478132  
4    A         38        0.478132  0.478132  
6    A         43        0.214177  0.214177  
10   A         43        0.214177  0.214177  
8    C         45        0.127364  0.127364  
9    C         45        0.127364  0.127364  
---------------------------------
---------------------------------

1--5最大流值为：45
最可靠最大流分布概率为 ： 0.127364
状态划分算法消耗的内存为：6.44531
状态划分算法运行时间(ms) ： 42.807
---------------------------------
流分布如下: 
---------------------------------
0   7   18  0   20  0   
0   0   7   0   0   0   
0   0   0   23  0   2   
0   0   0   0   23  0   
0   0   0   0   0   0   
0   0   0   0   2   0   
---------------------------------
关键边输出如下：
---------------------------------
5    A         22        0.368712  0.455991  
7    A         22        0.368712  0.455991  
3    A         25        0         0         
2    A         28        0         0         
1    A         38        0.478132  0.478132  
4    A         38        0.478132  0.478132  
6    A         43        0.214177  0.214177  
10   A         43        0.214177  0.214177  
8    C         45        0.127364  0.127364  
9    C         45        0.127364  0.127364  
---------------------------------
---------------------------------

1--5最大流值为：45
最可靠最大流分布概率为 ： 0.127364
状态划分算法消耗的内存为：6.46094
状态划分算法运行时间(ms) ： 49.3749
---------------------------------
流分布如下: 
---------------------------------
0   7   18  0   20  0   
0   0   7   0   0   0   
0   0   0   23  0   2   
0   0   0   0   23  0   
0   0   0   0   0   0   
0   0   0   0   2   0   
---------------------------------
关键边输出如下：
---------------------------------
5    A         22        0.368712  0.455991  
7    A         22        0.368712  0.455991  
3    A         25        0         0         
2    A         28        0         0         
1    A         38        0.478132  0.478132  
4    A         38        0.478132  0.478132  
6    A         43        0.214177  0.214177  
10   A         43        0.214177  0.214177  
8    C         45        0.127364  0.127364  
9    C         45        0.127364  0.127364  
---------------------------------
---------------------------------

1--5最大流值为：45
最可靠最大流分布概率为 ： 0.127364
状态划分算法消耗的内存为：6.46484
状态划分算法运行时间(ms) ： 46.4352
---------------------------------
流分布如下: 
---------------------------------
0   7   18  0   20  0   
0   0   7   0   0   0   
0   0   0   23  0   2   
0   0   0   0   23  0   
0   0   0   0   0   0   
0   0   0   0   2   0   
---------------------------------
关键边输出如下：
---------------------------------
5    A         22        0.368712  0.455991  
7    A         22        0.368712  0.455991  
3    A         25        0         0         
2    A         28        0         0         
1    A         38        0.478132  0.478132  
4    A         38        0.478132  0.478132  
6    A         43        0.214177  0.214177  
10   A         43        0.214177  0.214177  
8    C         45        0.127364  0.127364  
9    C         45        0.127364  0.127364  
---------------------------------
---------------------------------

1--5最大流值为：45
最可靠最大流分布概率为 ： 0.127364
状态划分算法消耗的内存为：6.47656
状态划分算法运行时间(ms) ： 41.4972
---------------------------------
流分布如下: 
---------------------------------
0   7   18  0   20  0   
0   0   7   0   0   0   
0   0   0   23  0   2   
0   0   0   0   23  0   
0   0   0   0   0   0   
0   0   0   0   2   0   
---------------------------------
关键边输出如下：
---------------------------------
5    A         22        0.368712  0.455991  
7    A         22        0.368712  0.455991  
3    A         25        0         0         
2    A         28        0         0         
1    A         38        0.478132  0.478132  
4    A         38        0.478132  0.478132  
6    A         43        0.214177  0.214177  
10   A         43        0.214177  0.214177  
8    C         45        0.127364  0.127364  
9    C         45        0.127364  0.127364  
---------------------------------
---------------------------------

1--5最大流值为：45
最可靠最大流分布概率为 ： 0.127364
状态划分算法消耗的内存为：6.46875
状态划分算法运行时间(ms) ： 49.4999
---------------------------------
流分布如下: 
---------------------------------
0   7   18  0   20  0   
0   0   7   0   0   0   
0   0   0   23  0   2   
0   0   0   0   23  0   
0   0   0   0   0   0   
0   0   0   0   2   0   
---------------------------------
关键边输出如下：
---------------------------------
5    A         22        0.368712  0.455991  
7    A         22        0.368712  0.455991  
3    A         25        0         0         
2    A         28        0         0         
1    A         38        0.478132  0.478132  
4    A         38        0.478132  0.478132  
6    A         43        0.214177  0.214177  
10   A         43        0.214177  0.214177  
8    C         45        0.127364  0.127364  
9    C         45        0.127364  0.127364  
---------------------------------
---------------------------------

1--5最大流值为：45
最可靠最大流分布概率为 ： 0.127364
状态划分算法消耗的内存为：6.44141
状态划分算法运行时间(ms) ： 39.0157
---------------------------------
流分布如下: 
---------------------------------
0   7   18  0   20  0   
0   0   7   0   0   0   
0   0   0   23  0   2   
0   0   0   0   23  0   
0   0   0   0   0   0   
0   0   0   0   2   0   
---------------------------------
关键边输出如下：
---------------------------------
5    A         22        0.368712  0.455991  
7    A         22        0.368712  0.455991  
3    A         25        0         0         
2    A         28        0         0         
1    A         38        0.478132  0.478132  
4    A         38        0.478132  0.478132  
6    A         43        0.214177  0.214177  
10   A         43        0.214177  0.214177  
8    C         45        0.127364  0.127364  
9    C         45        0.127364  0.127364  
---------------------------------
---------------------------------

1--5最大流值为：45
最可靠最大流分布概率为 ： 0.127364
状态划分算法消耗的内存为：6.46094
状态划分算法运行时间(ms) ： 44.6211
---------------------------------
流分布如下: 
---------------------------------
0   7   18  0   20  0   
0   0   7   0   0   0   
0   0   0   23  0   2   
0   0   0   0   23  0   
0   0   0   0   0   0   
0   0   0   0   2   0   
---------------------------------
关键边输出如下：
---------------------------------
5    A         22        0.368712  0.455991  
7    A         22        0.368712  0.455991  
3    A         25        0         0         
2    A         28        0         0         
1    A         38        0.478132  0.478132  
4    A         38        0.478132  0.478132  
6    A         43        0.214177  0.214177  
10   A         43        0.214177  0.214177  
8    C         45        0.127364  0.127364  
9    C         45        0.127364  0.127364  
---------------------------------
---------------------------------

1--5最大流值为：45
最可靠最大流分布概率为 ： 0.127364
状态划分算法消耗的内存为：6.46094
状态划分算法运行时间(ms) ： 40.1579
---------------------------------
流分布如下: 
---------------------------------
0   7   18  0   20  0   
0   0   7   0   0   0   
0   0   0   23  0   2   
0   0   0   0   23  0   
0   0   0   0   0   0   
0   0   0   0   2   0   
---------------------------------
关键边输出如下：
---------------------------------
5    A         22        0.368712  0.455991  
7    A         22        0.368712  0.455991  
3    A         25        0         0         
2    A         28        0         0         
1    A         38        0.478132  0.478132  
4    A         38        0.478132  0.478132  
6    A         43        0.214177  0.214177  
10   A         43        0.214177  0.214177  
8    C         45        0.127364  0.127364  
9    C         45        0.127364  0.127364  
---------------------------------
---------------------------------

1--5最大流值为：45
最可靠最大流分布概率为 ： 0.127364
状态划分算法消耗的内存为：6.43359
状态划分算法运行时间(ms) ： 42.0016
---------------------------------
流分布如下: 
---------------------------------
0   7   18  0   20  0   
0   0   7   0   0   0   
0   0   0   23  0   2   
0   0   0   0   23  0   
0   0   0   0   0   0   
0   0   0   0   2   0   
---------------------------------
关键边输出如下：
---------------------------------
5    A         22        0.368712  0.455991  
7    A         22        0.368712  0.455991  
3    A         25        0         0         
2    A         28        0         0         
1    A         38        0.478132  0.478132  
4    A         38        0.478132  0.478132  
6    A         43        0.214177  0.214177  
10   A         43        0.214177  0.214177  
8    C         45        0.127364  0.127364  
9    C         45        0.127364  0.127364  
---------------------------------
---------------------------------

1--5最大流值为：45
最可靠最大流分布概率为 ： 0.127364
状态划分算法消耗的内存为：6.46875
状态划分算法运行时间(ms) ： 42.6729
---------------------------------
流分布如下: 
---------------------------------
0   7   18  0   20  0   
0   0   7   0   0   0   
0   0   0   23  0   2   
0   0   0   0   23  0   
0   0   0   0   0   0   
0   0   0   0   2   0   
---------------------------------
关键边输出如下：
---------------------------------
5    A         22        0.368712  0.455991  
7    A         22        0.368712  0.455991  
3    A         25        0         0         
2    A         28        0         0         
1    A         38        0.478132  0.478132  
4    A         38        0.478132  0.478132  
6    A         43        0.214177  0.214177  
10   A         43        0.214177  0.214177  
8    C         45        0.127364  0.127364  
9    C         45        0.127364  0.127364  
---------------------------------
---------------------------------

1--5最大流值为：45
最可靠最大流分布概率为 ： 0.127364
状态划分算法消耗的内存为：6.45703
状态划分算法运行时间(ms) ： 37.1742
---------------------------------
流分布如下: 
---------------------------------
0   7   18  0   20  0   
0   0   7   0   0   0   
0   0   0   23  0   2   
0   0   0   0   23  0   
0   0   0   0   0   0   
0   0   0   0   2   0   
---------------------------------
关键边输出如下：
---------------------------------
5    A         22        0.368712  0.455991  
7    A         22        0.368712  0.455991  
3    A         25        0         0         
2    A         28        0         0         
1    A         38        0.478132  0.478132  
4    A         38        0.478132  0.478132  
6    A         43        0.214177  0.214177  
10   A         43        0.214177  0.214177  
8    C         45        0.127364  0.127364  
9    C         45        0.127364  0.127364  
---------------------------------
---------------------------------

1--5最大流值为：45
最可靠最大流分布概率为 ： 0.127364
状态划分算法消耗的内存为：5.39844
状态划分算法运行时间(ms) ： 19.4068
---------------------------------
流分布如下: 
---------------------------------
0   7   18  0   20  0   
0   0   7   0   0   0   
0   0   0   23  0   2   
0   0   0   0   23  0   
0   0   0   0   0   0   
0   0   0   0   2   0   
---------------------------------
关键边输出如下：
---------------------------------
5    A         22        0.368712  0.455991  
7    A         22        0.368712  0.455991  
3    A         25        0         0         
2    A         28        0         0         
1    A         38        0.478132  0.478132  
4    A         38        0.478132  0.478132  
6    A         43        0.214177  0.214177  
10   A         43        0.214177  0.214177  
8    C         45        0.127364  0.127364  
9    C         45        0.127364  0.127364  
---------------------------------
---------------------------------

1--5最大流值为：45
最可靠最大流分布概率为 ： 0.127364
状态划分算法消耗的内存为：6.47656
状态划分算法运行时间(ms) ： 19.6025
---------------------------------
流分布如下: 
---------------------------------
0   7   18  0   20  0   
0   0   7   0   0   0   
0   0   0   23  0   2   
0   0   0   0   23  0   
0   0   0   0   0   0   
0   0   0   0   2   0   
---------------------------------
关键边输出如下：
---------------------------------
5    A         22        0.368712  0.455991  
7    A         22        0.368712  0.455991  
3    A         25        0         0         
2    A         28        0         0         
1    A         38        0.478132  0.478132  
4    A         38        0.478132  0.478132  
6    A         43        0.214177  0.214177  
10   A         43        0.214177  0.214177  
8    C         45        0.127364  0.127364  
9    C         45        0.127364  0.127364  
---------------------------------
---------------------------------

