5--2最大流值为：35
最可靠最大流分布概率为 ： 0.252686
状态划分算法消耗的内存为：20.875
状态划分算法运行时间(ms) ： 8.68328
---------------------------------
流分布如下: 
---------------------------------
0   8   0   0   0   0   
0   0   0   0   0   0   
0   0   0   0   0   8   
0   0   0   0   0   0   
0   0   8   0   0   27  
8   27  0   0   0   0   
---------------------------------
关键边输出如下：
---------------------------------
10   A         8         0         0         
8    A         23        0         0         
7    A         27        0.60213   0.60213   
1    A         27        0.60213   0.60213   
9    A         27        0.60213   0.60213   
5    A         27        0.60213   0.60213   
2    C         35        0.252686  0.252686  
3    C         35        0.252686  0.252686  
4    C         35        0.252686  0.252686  
6    C         35        0.252686  0.252686  
---------------------------------
---------------------------------

5--2最大流值为：35
最可靠最大流分布概率为 ： 0.252686
状态划分算法消耗的内存为：21.5898
状态划分算法运行时间(ms) ： 9.86653
---------------------------------
流分布如下: 
---------------------------------
0   8   0   0   0   0   
0   0   0   0   0   0   
0   0   0   0   0   8   
0   0   0   0   0   0   
0   0   8   0   0   27  
8   27  0   0   0   0   
---------------------------------
关键边输出如下：
---------------------------------
10   A         8         0         0         
8    A         23        0         0         
7    A         27        0.60213   0.60213   
1    A         27        0.60213   0.60213   
9    A         27        0.60213   0.60213   
5    A         27        0.60213   0.60213   
2    C         35        0.252686  0.252686  
3    C         35        0.252686  0.252686  
4    C         35        0.252686  0.252686  
6    C         35        0.252686  0.252686  
---------------------------------
---------------------------------

5--2最大流值为：35
最可靠最大流分布概率为 ： 0.252686
状态划分算法消耗的内存为：6.40234
状态划分算法运行时间(ms) ： 28.7212
---------------------------------
流分布如下: 
---------------------------------
0   8   0   0   0   0   
0   0   0   0   0   0   
0   0   0   0   0   8   
0   0   0   0   0   0   
0   0   8   0   0   27  
8   27  0   0   0   0   
---------------------------------
关键边输出如下：
---------------------------------
10   A         8         0         0         
8    A         23        0         0         
7    A         27        0.60213   0.60213   
1    A         27        0.60213   0.60213   
9    A         27        0.60213   0.60213   
5    A         27        0.60213   0.60213   
2    C         35        0.252686  0.252686  
3    C         35        0.252686  0.252686  
4    C         35        0.252686  0.252686  
6    C         35        0.252686  0.252686  
---------------------------------
---------------------------------

5--2最大流值为：35
最可靠最大流分布概率为 ： 0.252686
状态划分算法消耗的内存为：6.375
状态划分算法运行时间(ms) ： 31.5447
---------------------------------
流分布如下: 
---------------------------------
0   8   0   0   0   0   
0   0   0   0   0   0   
0   0   0   0   0   8   
0   0   0   0   0   0   
0   0   8   0   0   27  
8   27  0   0   0   0   
---------------------------------
关键边输出如下：
---------------------------------
10   A         8         0         0         
8    A         23        0         0         
7    A         27        0.60213   0.60213   
1    A         27        0.60213   0.60213   
9    A         27        0.60213   0.60213   
5    A         27        0.60213   0.60213   
2    C         35        0.252686  0.252686  
3    C         35        0.252686  0.252686  
4    C         35        0.252686  0.252686  
6    C         35        0.252686  0.252686  
---------------------------------
---------------------------------

5--2最大流值为：35
最可靠最大流分布概率为 ： 0.252686
状态划分算法消耗的内存为：6.42578
状态划分算法运行时间(ms) ： 36.8506
---------------------------------
流分布如下: 
---------------------------------
0   8   0   0   0   0   
0   0   0   0   0   0   
0   0   0   0   0   8   
0   0   0   0   0   0   
0   0   8   0   0   27  
8   27  0   0   0   0   
---------------------------------
关键边输出如下：
---------------------------------
10   A         8         0         0         
8    A         23        0         0         
7    A         27        0.60213   0.60213   
1    A         27        0.60213   0.60213   
9    A         27        0.60213   0.60213   
5    A         27        0.60213   0.60213   
2    C         35        0.252686  0.252686  
3    C         35        0.252686  0.252686  
4    C         35        0.252686  0.252686  
6    C         35        0.252686  0.252686  
---------------------------------
---------------------------------

5--2最大流值为：35
最可靠最大流分布概率为 ： 0.252686
状态划分算法消耗的内存为：6.41797
状态划分算法运行时间(ms) ： 37.9608
---------------------------------
流分布如下: 
---------------------------------
0   8   0   0   0   0   
0   0   0   0   0   0   
0   0   0   0   0   8   
0   0   0   0   0   0   
0   0   8   0   0   27  
8   27  0   0   0   0   
---------------------------------
关键边输出如下：
---------------------------------
10   A         8         0         0         
8    A         23        0         0         
7    A         27        0.60213   0.60213   
1    A         27        0.60213   0.60213   
9    A         27        0.60213   0.60213   
5    A         27        0.60213   0.60213   
2    C         35        0.252686  0.252686  
3    C         35        0.252686  0.252686  
4    C         35        0.252686  0.252686  
6    C         35        0.252686  0.252686  
---------------------------------
---------------------------------

5--2最大流值为：35
最可靠最大流分布概率为 ： 0.252686
状态划分算法消耗的内存为：6.38672
状态划分算法运行时间(ms) ： 42.9636
---------------------------------
流分布如下: 
---------------------------------
0   8   0   0   0   0   
0   0   0   0   0   0   
0   0   0   0   0   8   
0   0   0   0   0   0   
0   0   8   0   0   27  
8   27  0   0   0   0   
---------------------------------
关键边输出如下：
---------------------------------
10   A         8         0         0         
8    A         23        0         0         
7    A         27        0.60213   0.60213   
1    A         27        0.60213   0.60213   
9    A         27        0.60213   0.60213   
5    A         27        0.60213   0.60213   
2    C         35        0.252686  0.252686  
3    C         35        0.252686  0.252686  
4    C         35        0.252686  0.252686  
6    C         35        0.252686  0.252686  
---------------------------------
---------------------------------

5--2最大流值为：35
最可靠最大流分布概率为 ： 0.252686
状态划分算法消耗的内存为：6.38281
状态划分算法运行时间(ms) ： 38.0604
---------------------------------
流分布如下: 
---------------------------------
0   8   0   0   0   0   
0   0   0   0   0   0   
0   0   0   0   0   8   
0   0   0   0   0   0   
0   0   8   0   0   27  
8   27  0   0   0   0   
---------------------------------
关键边输出如下：
---------------------------------
10   A         8         0         0         
8    A         23        0         0         
7    A         27        0.60213   0.60213   
1    A         27        0.60213   0.60213   
9    A         27        0.60213   0.60213   
5    A         27        0.60213   0.60213   
2    C         35        0.252686  0.252686  
3    C         35        0.252686  0.252686  
4    C         35        0.252686  0.252686  
6    C         35        0.252686  0.252686  
---------------------------------
---------------------------------

5--2最大流值为：35
最可靠最大流分布概率为 ： 0.252686
状态划分算法消耗的内存为：6.41016
状态划分算法运行时间(ms) ： 38.2059
---------------------------------
流分布如下: 
---------------------------------
0   8   0   0   0   0   
0   0   0   0   0   0   
0   0   0   0   0   8   
0   0   0   0   0   0   
0   0   8   0   0   27  
8   27  0   0   0   0   
---------------------------------
关键边输出如下：
---------------------------------
10   A         8         0         0         
8    A         23        0         0         
7    A         27        0.60213   0.60213   
1    A         27        0.60213   0.60213   
9    A         27        0.60213   0.60213   
5    A         27        0.60213   0.60213   
2    C         35        0.252686  0.252686  
3    C         35        0.252686  0.252686  
4    C         35        0.252686  0.252686  
6    C         35        0.252686  0.252686  
---------------------------------
---------------------------------

5--2最大流值为：35
最可靠最大流分布概率为 ： 0.252686
状态划分算法消耗的内存为：5.36328
状态划分算法运行时间(ms) ： 37.9707
---------------------------------
流分布如下: 
---------------------------------
0   8   0   0   0   0   
0   0   0   0   0   0   
0   0   0   0   0   8   
0   0   0   0   0   0   
0   0   8   0   0   27  
8   27  0   0   0   0   
---------------------------------
关键边输出如下：
---------------------------------
10   A         8         0         0         
8    A         23        0         0         
7    A         27        0.60213   0.60213   
1    A         27        0.60213   0.60213   
9    A         27        0.60213   0.60213   
5    A         27        0.60213   0.60213   
2    C         35        0.252686  0.252686  
3    C         35        0.252686  0.252686  
4    C         35        0.252686  0.252686  
6    C         35        0.252686  0.252686  
---------------------------------
---------------------------------

5--2最大流值为：35
最可靠最大流分布概率为 ： 0.252686
状态划分算法消耗的内存为：5.35938
状态划分算法运行时间(ms) ： 38.1265
---------------------------------
流分布如下: 
---------------------------------
0   8   0   0   0   0   
0   0   0   0   0   0   
0   0   0   0   0   8   
0   0   0   0   0   0   
0   0   8   0   0   27  
8   27  0   0   0   0   
---------------------------------
关键边输出如下：
---------------------------------
10   A         8         0         0         
8    A         23        0         0         
7    A         27        0.60213   0.60213   
1    A         27        0.60213   0.60213   
9    A         27        0.60213   0.60213   
5    A         27        0.60213   0.60213   
2    C         35        0.252686  0.252686  
3    C         35        0.252686  0.252686  
4    C         35        0.252686  0.252686  
6    C         35        0.252686  0.252686  
---------------------------------
---------------------------------

5--2最大流值为：35
最可靠最大流分布概率为 ： 0.252686
状态划分算法消耗的内存为：5.36328
状态划分算法运行时间(ms) ： 42.5096
---------------------------------
流分布如下: 
---------------------------------
0   8   0   0   0   0   
0   0   0   0   0   0   
0   0   0   0   0   8   
0   0   0   0   0   0   
0   0   8   0   0   27  
8   27  0   0   0   0   
---------------------------------
关键边输出如下：
---------------------------------
10   A         8         0         0         
8    A         23        0         0         
7    A         27        0.60213   0.60213   
1    A         27        0.60213   0.60213   
9    A         27        0.60213   0.60213   
5    A         27        0.60213   0.60213   
2    C         35        0.252686  0.252686  
3    C         35        0.252686  0.252686  
4    C         35        0.252686  0.252686  
6    C         35        0.252686  0.252686  
---------------------------------
---------------------------------

5--2最大流值为：35
最可靠最大流分布概率为 ： 0.252686
状态划分算法消耗的内存为：6.43359
状态划分算法运行时间(ms) ： 39.3556
---------------------------------
流分布如下: 
---------------------------------
0   8   0   0   0   0   
0   0   0   0   0   0   
0   0   0   0   0   8   
0   0   0   0   0   0   
0   0   8   0   0   27  
8   27  0   0   0   0   
---------------------------------
关键边输出如下：
---------------------------------
10   A         8         0         0         
8    A         23        0         0         
7    A         27        0.60213   0.60213   
1    A         27        0.60213   0.60213   
9    A         27        0.60213   0.60213   
5    A         27        0.60213   0.60213   
2    C         35        0.252686  0.252686  
3    C         35        0.252686  0.252686  
4    C         35        0.252686  0.252686  
6    C         35        0.252686  0.252686  
---------------------------------
---------------------------------

5--2最大流值为：35
最可靠最大流分布概率为 ： 0.252686
状态划分算法消耗的内存为：6.43359
状态划分算法运行时间(ms) ： 39.9219
---------------------------------
流分布如下: 
---------------------------------
0   8   0   0   0   0   
0   0   0   0   0   0   
0   0   0   0   0   8   
0   0   0   0   0   0   
0   0   8   0   0   27  
8   27  0   0   0   0   
---------------------------------
关键边输出如下：
---------------------------------
10   A         8         0         0         
8    A         23        0         0         
7    A         27        0.60213   0.60213   
1    A         27        0.60213   0.60213   
9    A         27        0.60213   0.60213   
5    A         27        0.60213   0.60213   
2    C         35        0.252686  0.252686  
3    C         35        0.252686  0.252686  
4    C         35        0.252686  0.252686  
6    C         35        0.252686  0.252686  
---------------------------------
---------------------------------

5--2最大流值为：35
最可靠最大流分布概率为 ： 0.252686
状态划分算法消耗的内存为：6.46094
状态划分算法运行时间(ms) ： 37.0694
---------------------------------
流分布如下: 
---------------------------------
0   8   0   0   0   0   
0   0   0   0   0   0   
0   0   0   0   0   8   
0   0   0   0   0   0   
0   0   8   0   0   27  
8   27  0   0   0   0   
---------------------------------
关键边输出如下：
---------------------------------
10   A         8         0         0         
8    A         23        0         0         
7    A         27        0.60213   0.60213   
1    A         27        0.60213   0.60213   
9    A         27        0.60213   0.60213   
5    A         27        0.60213   0.60213   
2    C         35        0.252686  0.252686  
3    C         35        0.252686  0.252686  
4    C         35        0.252686  0.252686  
6    C         35        0.252686  0.252686  
---------------------------------
---------------------------------

5--2最大流值为：35
最可靠最大流分布概率为 ： 0.252686
状态划分算法消耗的内存为：6.42969
状态划分算法运行时间(ms) ： 38.2382
---------------------------------
流分布如下: 
---------------------------------
0   8   0   0   0   0   
0   0   0   0   0   0   
0   0   0   0   0   8   
0   0   0   0   0   0   
0   0   8   0   0   27  
8   27  0   0   0   0   
---------------------------------
关键边输出如下：
---------------------------------
10   A         8         0         0         
8    A         23        0         0         
7    A         27        0.60213   0.60213   
1    A         27        0.60213   0.60213   
9    A         27        0.60213   0.60213   
5    A         27        0.60213   0.60213   
2    C         35        0.252686  0.252686  
3    C         35        0.252686  0.252686  
4    C         35        0.252686  0.252686  
6    C         35        0.252686  0.252686  
---------------------------------
---------------------------------

5--2最大流值为：35
最可靠最大流分布概率为 ： 0.252686
状态划分算法消耗的内存为：6.46484
状态划分算法运行时间(ms) ： 39.8543
---------------------------------
流分布如下: 
---------------------------------
0   8   0   0   0   0   
0   0   0   0   0   0   
0   0   0   0   0   8   
0   0   0   0   0   0   
0   0   8   0   0   27  
8   27  0   0   0   0   
---------------------------------
关键边输出如下：
---------------------------------
10   A         8         0         0         
8    A         23        0         0         
7    A         27        0.60213   0.60213   
1    A         27        0.60213   0.60213   
9    A         27        0.60213   0.60213   
5    A         27        0.60213   0.60213   
2    C         35        0.252686  0.252686  
3    C         35        0.252686  0.252686  
4    C         35        0.252686  0.252686  
6    C         35        0.252686  0.252686  
---------------------------------
---------------------------------

5--2最大流值为：35
最可靠最大流分布概率为 ： 0.252686
状态划分算法消耗的内存为：5.39844
状态划分算法运行时间(ms) ： 36.6758
---------------------------------
流分布如下: 
---------------------------------
0   8   0   0   0   0   
0   0   0   0   0   0   
0   0   0   0   0   8   
0   0   0   0   0   0   
0   0   8   0   0   27  
8   27  0   0   0   0   
---------------------------------
关键边输出如下：
---------------------------------
10   A         8         0         0         
8    A         23        0         0         
7    A         27        0.60213   0.60213   
1    A         27        0.60213   0.60213   
9    A         27        0.60213   0.60213   
5    A         27        0.60213   0.60213   
2    C         35        0.252686  0.252686  
3    C         35        0.252686  0.252686  
4    C         35        0.252686  0.252686  
6    C         35        0.252686  0.252686  
---------------------------------
---------------------------------

5--2最大流值为：35
最可靠最大流分布概率为 ： 0.252686
状态划分算法消耗的内存为：6.46875
状态划分算法运行时间(ms) ： 37.0208
---------------------------------
流分布如下: 
---------------------------------
0   8   0   0   0   0   
0   0   0   0   0   0   
0   0   0   0   0   8   
0   0   0   0   0   0   
0   0   8   0   0   27  
8   27  0   0   0   0   
---------------------------------
关键边输出如下：
---------------------------------
10   A         8         0         0         
8    A         23        0         0         
7    A         27        0.60213   0.60213   
1    A         27        0.60213   0.60213   
9    A         27        0.60213   0.60213   
5    A         27        0.60213   0.60213   
2    C         35        0.252686  0.252686  
3    C         35        0.252686  0.252686  
4    C         35        0.252686  0.252686  
6    C         35        0.252686  0.252686  
---------------------------------
---------------------------------

5--2最大流值为：35
最可靠最大流分布概率为 ： 0.252686
状态划分算法消耗的内存为：6.44922
状态划分算法运行时间(ms) ： 37.7229
---------------------------------
流分布如下: 
---------------------------------
0   8   0   0   0   0   
0   0   0   0   0   0   
0   0   0   0   0   8   
0   0   0   0   0   0   
0   0   8   0   0   27  
8   27  0   0   0   0   
---------------------------------
关键边输出如下：
---------------------------------
10   A         8         0         0         
8    A         23        0         0         
7    A         27        0.60213   0.60213   
1    A         27        0.60213   0.60213   
9    A         27        0.60213   0.60213   
5    A         27        0.60213   0.60213   
2    C         35        0.252686  0.252686  
3    C         35        0.252686  0.252686  
4    C         35        0.252686  0.252686  
6    C         35        0.252686  0.252686  
---------------------------------
---------------------------------

5--2最大流值为：35
最可靠最大流分布概率为 ： 0.252686
状态划分算法消耗的内存为：6.46484
状态划分算法运行时间(ms) ： 33.5058
---------------------------------
流分布如下: 
---------------------------------
0   8   0   0   0   0   
0   0   0   0   0   0   
0   0   0   0   0   8   
0   0   0   0   0   0   
0   0   8   0   0   27  
8   27  0   0   0   0   
---------------------------------
关键边输出如下：
---------------------------------
10   A         8         0         0         
8    A         23        0         0         
7    A         27        0.60213   0.60213   
1    A         27        0.60213   0.60213   
9    A         27        0.60213   0.60213   
5    A         27        0.60213   0.60213   
2    C         35        0.252686  0.252686  
3    C         35        0.252686  0.252686  
4    C         35        0.252686  0.252686  
6    C         35        0.252686  0.252686  
---------------------------------
---------------------------------

5--2最大流值为：35
最可靠最大流分布概率为 ： 0.252686
状态划分算法消耗的内存为：5.35156
状态划分算法运行时间(ms) ： 12.7576
---------------------------------
流分布如下: 
---------------------------------
0   8   0   0   0   0   
0   0   0   0   0   0   
0   0   0   0   0   8   
0   0   0   0   0   0   
0   0   8   0   0   27  
8   27  0   0   0   0   
---------------------------------
关键边输出如下：
---------------------------------
10   A         8         0         0         
8    A         23        0         0         
7    A         27        0.60213   0.60213   
1    A         27        0.60213   0.60213   
9    A         27        0.60213   0.60213   
5    A         27        0.60213   0.60213   
2    C         35        0.252686  0.252686  
3    C         35        0.252686  0.252686  
4    C         35        0.252686  0.252686  
6    C         35        0.252686  0.252686  
---------------------------------
---------------------------------

5--2最大流值为：35
最可靠最大流分布概率为 ： 0.252686
状态划分算法消耗的内存为：6.47266
状态划分算法运行时间(ms) ： 12.5152
---------------------------------
流分布如下: 
---------------------------------
0   8   0   0   0   0   
0   0   0   0   0   0   
0   0   0   0   0   8   
0   0   0   0   0   0   
0   0   8   0   0   27  
8   27  0   0   0   0   
---------------------------------
关键边输出如下：
---------------------------------
10   A         8         0         0         
8    A         23        0         0         
7    A         27        0.60213   0.60213   
1    A         27        0.60213   0.60213   
9    A         27        0.60213   0.60213   
5    A         27        0.60213   0.60213   
2    C         35        0.252686  0.252686  
3    C         35        0.252686  0.252686  
4    C         35        0.252686  0.252686  
6    C         35        0.252686  0.252686  
---------------------------------
---------------------------------

