6--1最大流值为：72
最可靠最大流分布概率为 ： 0.354885
状态划分算法消耗的内存为：20.8555
状态划分算法运行时间(ms) ： 8.45055
---------------------------------
流分布如下: 
---------------------------------
0   0   0   0   0   0   
0   0   0   0   0   0   
0   0   0   0   0   0   
16  0   0   0   0   0   
23  0   0   2   0   0   
33  0   0   14  25  0   
---------------------------------
关键边输出如下：
---------------------------------
7    A         39        0         0         
10   A         47        0         0         
5    A         49        0         0         
3    A         56        0         0         
9    A         58        0         0         
6    A         70        0         0         
1    C         72        0.354885  0.354885  
2    C         72        0.354885  0.354885  
4    C         72        0.354885  0.354885  
8    C         72        0.354885  0.354885  
---------------------------------
---------------------------------

6--1最大流值为：72
最可靠最大流分布概率为 ： 0.354885
状态划分算法消耗的内存为：20.8633
状态划分算法运行时间(ms) ： 9.39745
---------------------------------
流分布如下: 
---------------------------------
0   0   0   0   0   0   
0   0   0   0   0   0   
0   0   0   0   0   0   
16  0   0   0   0   0   
23  0   0   2   0   0   
33  0   0   14  25  0   
---------------------------------
关键边输出如下：
---------------------------------
7    A         39        0         0         
10   A         47        0         0         
5    A         49        0         0         
3    A         56        0         0         
9    A         58        0         0         
6    A         70        0         0         
1    C         72        0.354885  0.354885  
2    C         72        0.354885  0.354885  
4    C         72        0.354885  0.354885  
8    C         72        0.354885  0.354885  
---------------------------------
---------------------------------

6--1最大流值为：72
最可靠最大流分布概率为 ： 0.354885
状态划分算法消耗的内存为：21.6055
状态划分算法运行时间(ms) ： 9.06421
---------------------------------
流分布如下: 
---------------------------------
0   0   0   0   0   0   
0   0   0   0   0   0   
0   0   0   0   0   0   
16  0   0   0   0   0   
23  0   0   2   0   0   
33  0   0   14  25  0   
---------------------------------
关键边输出如下：
---------------------------------
7    A         39        0         0         
10   A         47        0         0         
5    A         49        0         0         
3    A         56        0         0         
9    A         58        0         0         
6    A         70        0         0         
1    C         72        0.354885  0.354885  
2    C         72        0.354885  0.354885  
4    C         72        0.354885  0.354885  
8    C         72        0.354885  0.354885  
---------------------------------
---------------------------------

6--1最大流值为：72
最可靠最大流分布概率为 ： 0.354885
状态划分算法消耗的内存为：6.41797
状态划分算法运行时间(ms) ： 30.8142
---------------------------------
流分布如下: 
---------------------------------
0   0   0   0   0   0   
0   0   0   0   0   0   
0   0   0   0   0   0   
16  0   0   0   0   0   
23  0   0   2   0   0   
33  0   0   14  25  0   
---------------------------------
关键边输出如下：
---------------------------------
7    A         39        0         0         
10   A         47        0         0         
5    A         49        0         0         
3    A         56        0         0         
9    A         58        0         0         
6    A         70        0         0         
1    C         72        0.354885  0.354885  
2    C         72        0.354885  0.354885  
4    C         72        0.354885  0.354885  
8    C         72        0.354885  0.354885  
---------------------------------
---------------------------------

6--1最大流值为：72
最可靠最大流分布概率为 ： 0.354885
状态划分算法消耗的内存为：6.37891
状态划分算法运行时间(ms) ： 29.845
---------------------------------
流分布如下: 
---------------------------------
0   0   0   0   0   0   
0   0   0   0   0   0   
0   0   0   0   0   0   
16  0   0   0   0   0   
23  0   0   2   0   0   
33  0   0   14  25  0   
---------------------------------
关键边输出如下：
---------------------------------
7    A         39        0         0         
10   A         47        0         0         
5    A         49        0         0         
3    A         56        0         0         
9    A         58        0         0         
6    A         70        0         0         
1    C         72        0.354885  0.354885  
2    C         72        0.354885  0.354885  
4    C         72        0.354885  0.354885  
8    C         72        0.354885  0.354885  
---------------------------------
---------------------------------

6--1最大流值为：72
最可靠最大流分布概率为 ： 0.354885
状态划分算法消耗的内存为：6.39453
状态划分算法运行时间(ms) ： 39.1141
---------------------------------
流分布如下: 
---------------------------------
0   0   0   0   0   0   
0   0   0   0   0   0   
0   0   0   0   0   0   
16  0   0   0   0   0   
23  0   0   2   0   0   
33  0   0   14  25  0   
---------------------------------
关键边输出如下：
---------------------------------
7    A         39        0         0         
10   A         47        0         0         
5    A         49        0         0         
3    A         56        0         0         
9    A         58        0         0         
6    A         70        0         0         
1    C         72        0.354885  0.354885  
2    C         72        0.354885  0.354885  
4    C         72        0.354885  0.354885  
8    C         72        0.354885  0.354885  
---------------------------------
---------------------------------

6--1最大流值为：72
最可靠最大流分布概率为 ： 0.354885
状态划分算法消耗的内存为：6.41016
状态划分算法运行时间(ms) ： 49.6843
---------------------------------
流分布如下: 
---------------------------------
0   0   0   0   0   0   
0   0   0   0   0   0   
0   0   0   0   0   0   
16  0   0   0   0   0   
23  0   0   2   0   0   
33  0   0   14  25  0   
---------------------------------
关键边输出如下：
---------------------------------
7    A         39        0         0         
10   A         47        0         0         
5    A         49        0         0         
3    A         56        0         0         
9    A         58        0         0         
6    A         70        0         0         
1    C         72        0.354885  0.354885  
2    C         72        0.354885  0.354885  
4    C         72        0.354885  0.354885  
8    C         72        0.354885  0.354885  
---------------------------------
---------------------------------

6--1最大流值为：72
最可靠最大流分布概率为 ： 0.354885
状态划分算法消耗的内存为：6.39844
状态划分算法运行时间(ms) ： 35.9577
---------------------------------
流分布如下: 
---------------------------------
0   0   0   0   0   0   
0   0   0   0   0   0   
0   0   0   0   0   0   
16  0   0   0   0   0   
23  0   0   2   0   0   
33  0   0   14  25  0   
---------------------------------
关键边输出如下：
---------------------------------
7    A         39        0         0         
10   A         47        0         0         
5    A         49        0         0         
3    A         56        0         0         
9    A         58        0         0         
6    A         70        0         0         
1    C         72        0.354885  0.354885  
2    C         72        0.354885  0.354885  
4    C         72        0.354885  0.354885  
8    C         72        0.354885  0.354885  
---------------------------------
---------------------------------

6--1最大流值为：72
最可靠最大流分布概率为 ： 0.354885
状态划分算法消耗的内存为：6.39453
状态划分算法运行时间(ms) ： 36.1485
---------------------------------
流分布如下: 
---------------------------------
0   0   0   0   0   0   
0   0   0   0   0   0   
0   0   0   0   0   0   
16  0   0   0   0   0   
23  0   0   2   0   0   
33  0   0   14  25  0   
---------------------------------
关键边输出如下：
---------------------------------
7    A         39        0         0         
10   A         47        0         0         
5    A         49        0         0         
3    A         56        0         0         
9    A         58        0         0         
6    A         70        0         0         
1    C         72        0.354885  0.354885  
2    C         72        0.354885  0.354885  
4    C         72        0.354885  0.354885  
8    C         72        0.354885  0.354885  
---------------------------------
---------------------------------

6--1最大流值为：72
最可靠最大流分布概率为 ： 0.354885
状态划分算法消耗的内存为：6.39844
状态划分算法运行时间(ms) ： 36.265
---------------------------------
流分布如下: 
---------------------------------
0   0   0   0   0   0   
0   0   0   0   0   0   
0   0   0   0   0   0   
16  0   0   0   0   0   
23  0   0   2   0   0   
33  0   0   14  25  0   
---------------------------------
关键边输出如下：
---------------------------------
7    A         39        0         0         
10   A         47        0         0         
5    A         49        0         0         
3    A         56        0         0         
9    A         58        0         0         
6    A         70        0         0         
1    C         72        0.354885  0.354885  
2    C         72        0.354885  0.354885  
4    C         72        0.354885  0.354885  
8    C         72        0.354885  0.354885  
---------------------------------
---------------------------------

6--1最大流值为：72
最可靠最大流分布概率为 ： 0.354885
状态划分算法消耗的内存为：6.40625
状态划分算法运行时间(ms) ： 38.3921
---------------------------------
流分布如下: 
---------------------------------
0   0   0   0   0   0   
0   0   0   0   0   0   
0   0   0   0   0   0   
16  0   0   0   0   0   
23  0   0   2   0   0   
33  0   0   14  25  0   
---------------------------------
关键边输出如下：
---------------------------------
7    A         39        0         0         
10   A         47        0         0         
5    A         49        0         0         
3    A         56        0         0         
9    A         58        0         0         
6    A         70        0         0         
1    C         72        0.354885  0.354885  
2    C         72        0.354885  0.354885  
4    C         72        0.354885  0.354885  
8    C         72        0.354885  0.354885  
---------------------------------
---------------------------------

6--1最大流值为：72
最可靠最大流分布概率为 ： 0.354885
状态划分算法消耗的内存为：6.42969
状态划分算法运行时间(ms) ： 36.8645
---------------------------------
流分布如下: 
---------------------------------
0   0   0   0   0   0   
0   0   0   0   0   0   
0   0   0   0   0   0   
16  0   0   0   0   0   
23  0   0   2   0   0   
33  0   0   14  25  0   
---------------------------------
关键边输出如下：
---------------------------------
7    A         39        0         0         
10   A         47        0         0         
5    A         49        0         0         
3    A         56        0         0         
9    A         58        0         0         
6    A         70        0         0         
1    C         72        0.354885  0.354885  
2    C         72        0.354885  0.354885  
4    C         72        0.354885  0.354885  
8    C         72        0.354885  0.354885  
---------------------------------
---------------------------------

6--1最大流值为：72
最可靠最大流分布概率为 ： 0.354885
状态划分算法消耗的内存为：6.42578
状态划分算法运行时间(ms) ： 37.6592
---------------------------------
流分布如下: 
---------------------------------
0   0   0   0   0   0   
0   0   0   0   0   0   
0   0   0   0   0   0   
16  0   0   0   0   0   
23  0   0   2   0   0   
33  0   0   14  25  0   
---------------------------------
关键边输出如下：
---------------------------------
7    A         39        0         0         
10   A         47        0         0         
5    A         49        0         0         
3    A         56        0         0         
9    A         58        0         0         
6    A         70        0         0         
1    C         72        0.354885  0.354885  
2    C         72        0.354885  0.354885  
4    C         72        0.354885  0.354885  
8    C         72        0.354885  0.354885  
---------------------------------
---------------------------------

6--1最大流值为：72
最可靠最大流分布概率为 ： 0.354885
状态划分算法消耗的内存为：5.32813
状态划分算法运行时间(ms) ： 43.8215
---------------------------------
流分布如下: 
---------------------------------
0   0   0   0   0   0   
0   0   0   0   0   0   
0   0   0   0   0   0   
16  0   0   0   0   0   
23  0   0   2   0   0   
33  0   0   14  25  0   
---------------------------------
关键边输出如下：
---------------------------------
7    A         39        0         0         
10   A         47        0         0         
5    A         49        0         0         
3    A         56        0         0         
9    A         58        0         0         
6    A         70        0         0         
1    C         72        0.354885  0.354885  
2    C         72        0.354885  0.354885  
4    C         72        0.354885  0.354885  
8    C         72        0.354885  0.354885  
---------------------------------
---------------------------------

6--1最大流值为：72
最可靠最大流分布概率为 ： 0.354885
状态划分算法消耗的内存为：6.42578
状态划分算法运行时间(ms) ： 39.6439
---------------------------------
流分布如下: 
---------------------------------
0   0   0   0   0   0   
0   0   0   0   0   0   
0   0   0   0   0   0   
16  0   0   0   0   0   
23  0   0   2   0   0   
33  0   0   14  25  0   
---------------------------------
关键边输出如下：
---------------------------------
7    A         39        0         0         
10   A         47        0         0         
5    A         49        0         0         
3    A         56        0         0         
9    A         58        0         0         
6    A         70        0         0         
1    C         72        0.354885  0.354885  
2    C         72        0.354885  0.354885  
4    C         72        0.354885  0.354885  
8    C         72        0.354885  0.354885  
---------------------------------
---------------------------------

6--1最大流值为：72
最可靠最大流分布概率为 ： 0.354885
状态划分算法消耗的内存为：6.42969
状态划分算法运行时间(ms) ： 36.3009
---------------------------------
流分布如下: 
---------------------------------
0   0   0   0   0   0   
0   0   0   0   0   0   
0   0   0   0   0   0   
16  0   0   0   0   0   
23  0   0   2   0   0   
33  0   0   14  25  0   
---------------------------------
关键边输出如下：
---------------------------------
7    A         39        0         0         
10   A         47        0         0         
5    A         49        0         0         
3    A         56        0         0         
9    A         58        0         0         
6    A         70        0         0         
1    C         72        0.354885  0.354885  
2    C         72        0.354885  0.354885  
4    C         72        0.354885  0.354885  
8    C         72        0.354885  0.354885  
---------------------------------
---------------------------------

6--1最大流值为：72
最可靠最大流分布概率为 ： 0.354885
状态划分算法消耗的内存为：7.29688
状态划分算法运行时间(ms) ： 48.4195
---------------------------------
流分布如下: 
---------------------------------
0   0   0   0   0   0   
0   0   0   0   0   0   
0   0   0   0   0   0   
16  0   0   0   0   0   
23  0   0   2   0   0   
33  0   0   14  25  0   
---------------------------------
关键边输出如下：
---------------------------------
7    A         39        0         0         
10   A         47        0         0         
5    A         49        0         0         
3    A         56        0         0         
9    A         58        0         0         
6    A         70        0         0         
1    C         72        0.354885  0.354885  
2    C         72        0.354885  0.354885  
4    C         72        0.354885  0.354885  
8    C         72        0.354885  0.354885  
---------------------------------
---------------------------------

6--1最大流值为：72
最可靠最大流分布概率为 ： 0.354885
状态划分算法消耗的内存为：6.42578
状态划分算法运行时间(ms) ： 35.7386
---------------------------------
流分布如下: 
---------------------------------
0   0   0   0   0   0   
0   0   0   0   0   0   
0   0   0   0   0   0   
16  0   0   0   0   0   
23  0   0   2   0   0   
33  0   0   14  25  0   
---------------------------------
关键边输出如下：
---------------------------------
7    A         39        0         0         
10   A         47        0         0         
5    A         49        0         0         
3    A         56        0         0         
9    A         58        0         0         
6    A         70        0         0         
1    C         72        0.354885  0.354885  
2    C         72        0.354885  0.354885  
4    C         72        0.354885  0.354885  
8    C         72        0.354885  0.354885  
---------------------------------
---------------------------------

6--1最大流值为：72
最可靠最大流分布概率为 ： 0.354885
状态划分算法消耗的内存为：6.42969
状态划分算法运行时间(ms) ： 37.4175
---------------------------------
流分布如下: 
---------------------------------
0   0   0   0   0   0   
0   0   0   0   0   0   
0   0   0   0   0   0   
16  0   0   0   0   0   
23  0   0   2   0   0   
33  0   0   14  25  0   
---------------------------------
关键边输出如下：
---------------------------------
7    A         39        0         0         
10   A         47        0         0         
5    A         49        0         0         
3    A         56        0         0         
9    A         58        0         0         
6    A         70        0         0         
1    C         72        0.354885  0.354885  
2    C         72        0.354885  0.354885  
4    C         72        0.354885  0.354885  
8    C         72        0.354885  0.354885  
---------------------------------
---------------------------------

6--1最大流值为：72
最可靠最大流分布概率为 ： 0.354885
状态划分算法消耗的内存为：6.42578
状态划分算法运行时间(ms) ： 45.4795
---------------------------------
流分布如下: 
---------------------------------
0   0   0   0   0   0   
0   0   0   0   0   0   
0   0   0   0   0   0   
16  0   0   0   0   0   
23  0   0   2   0   0   
33  0   0   14  25  0   
---------------------------------
关键边输出如下：
---------------------------------
7    A         39        0         0         
10   A         47        0         0         
5    A         49        0         0         
3    A         56        0         0         
9    A         58        0         0         
6    A         70        0         0         
1    C         72        0.354885  0.354885  
2    C         72        0.354885  0.354885  
4    C         72        0.354885  0.354885  
8    C         72        0.354885  0.354885  
---------------------------------
---------------------------------

6--1最大流值为：72
最可靠最大流分布概率为 ： 0.354885
状态划分算法消耗的内存为：6.41797
状态划分算法运行时间(ms) ： 38.4178
---------------------------------
流分布如下: 
---------------------------------
0   0   0   0   0   0   
0   0   0   0   0   0   
0   0   0   0   0   0   
16  0   0   0   0   0   
23  0   0   2   0   0   
33  0   0   14  25  0   
---------------------------------
关键边输出如下：
---------------------------------
7    A         39        0         0         
10   A         47        0         0         
5    A         49        0         0         
3    A         56        0         0         
9    A         58        0         0         
6    A         70        0         0         
1    C         72        0.354885  0.354885  
2    C         72        0.354885  0.354885  
4    C         72        0.354885  0.354885  
8    C         72        0.354885  0.354885  
---------------------------------
---------------------------------

6--1最大流值为：72
最可靠最大流分布概率为 ： 0.354885
状态划分算法消耗的内存为：6.39453
状态划分算法运行时间(ms) ： 31.5492
---------------------------------
流分布如下: 
---------------------------------
0   0   0   0   0   0   
0   0   0   0   0   0   
0   0   0   0   0   0   
16  0   0   0   0   0   
23  0   0   2   0   0   
33  0   0   14  25  0   
---------------------------------
关键边输出如下：
---------------------------------
7    A         39        0         0         
10   A         47        0         0         
5    A         49        0         0         
3    A         56        0         0         
9    A         58        0         0         
6    A         70        0         0         
1    C         72        0.354885  0.354885  
2    C         72        0.354885  0.354885  
4    C         72        0.354885  0.354885  
8    C         72        0.354885  0.354885  
---------------------------------
---------------------------------

6--1最大流值为：72
最可靠最大流分布概率为 ： 0.354885
状态划分算法消耗的内存为：6.41797
状态划分算法运行时间(ms) ： 28.697
---------------------------------
流分布如下: 
---------------------------------
0   0   0   0   0   0   
0   0   0   0   0   0   
0   0   0   0   0   0   
16  0   0   0   0   0   
23  0   0   2   0   0   
33  0   0   14  25  0   
---------------------------------
关键边输出如下：
---------------------------------
7    A         39        0         0         
10   A         47        0         0         
5    A         49        0         0         
3    A         56        0         0         
9    A         58        0         0         
6    A         70        0         0         
1    C         72        0.354885  0.354885  
2    C         72        0.354885  0.354885  
4    C         72        0.354885  0.354885  
8    C         72        0.354885  0.354885  
---------------------------------
---------------------------------

6--1最大流值为：72
最可靠最大流分布概率为 ： 0.354885
状态划分算法消耗的内存为：6.42969
状态划分算法运行时间(ms) ： 12.5264
---------------------------------
流分布如下: 
---------------------------------
0   0   0   0   0   0   
0   0   0   0   0   0   
0   0   0   0   0   0   
16  0   0   0   0   0   
23  0   0   2   0   0   
33  0   0   14  25  0   
---------------------------------
关键边输出如下：
---------------------------------
7    A         39        0         0         
10   A         47        0         0         
5    A         49        0         0         
3    A         56        0         0         
9    A         58        0         0         
6    A         70        0         0         
1    C         72        0.354885  0.354885  
2    C         72        0.354885  0.354885  
4    C         72        0.354885  0.354885  
8    C         72        0.354885  0.354885  
---------------------------------
---------------------------------

6--1最大流值为：72
最可靠最大流分布概率为 ： 0.354885
状态划分算法消耗的内存为：6.42969
状态划分算法运行时间(ms) ： 13.6577
---------------------------------
流分布如下: 
---------------------------------
0   0   0   0   0   0   
0   0   0   0   0   0   
0   0   0   0   0   0   
16  0   0   0   0   0   
23  0   0   2   0   0   
33  0   0   14  25  0   
---------------------------------
关键边输出如下：
---------------------------------
7    A         39        0         0         
10   A         47        0         0         
5    A         49        0         0         
3    A         56        0         0         
9    A         58        0         0         
6    A         70        0         0         
1    C         72        0.354885  0.354885  
2    C         72        0.354885  0.354885  
4    C         72        0.354885  0.354885  
8    C         72        0.354885  0.354885  
---------------------------------
---------------------------------

6--1最大流值为：72
最可靠最大流分布概率为 ： 0.354885
状态划分算法消耗的内存为：6.41406
状态划分算法运行时间(ms) ： 13.5855
---------------------------------
流分布如下: 
---------------------------------
0   0   0   0   0   0   
0   0   0   0   0   0   
0   0   0   0   0   0   
16  0   0   0   0   0   
23  0   0   2   0   0   
33  0   0   14  25  0   
---------------------------------
关键边输出如下：
---------------------------------
7    A         39        0         0         
10   A         47        0         0         
5    A         49        0         0         
3    A         56        0         0         
9    A         58        0         0         
6    A         70        0         0         
1    C         72        0.354885  0.354885  
2    C         72        0.354885  0.354885  
4    C         72        0.354885  0.354885  
8    C         72        0.354885  0.354885  
---------------------------------
---------------------------------

6--1最大流值为：72
最可靠最大流分布概率为 ： 0.354885
状态划分算法消耗的内存为：6.40234
状态划分算法运行时间(ms) ： 12.571
---------------------------------
流分布如下: 
---------------------------------
0   0   0   0   0   0   
0   0   0   0   0   0   
0   0   0   0   0   0   
16  0   0   0   0   0   
23  0   0   2   0   0   
33  0   0   14  25  0   
---------------------------------
关键边输出如下：
---------------------------------
7    A         39        0         0         
10   A         47        0         0         
5    A         49        0         0         
3    A         56        0         0         
9    A         58        0         0         
6    A         70        0         0         
1    C         72        0.354885  0.354885  
2    C         72        0.354885  0.354885  
4    C         72        0.354885  0.354885  
8    C         72        0.354885  0.354885  
---------------------------------
---------------------------------

