8--3最大流值为：57
最可靠最大流分布概率为 ： 0.0748666
状态划分算法消耗的内存为：20.9063
状态划分算法运行时间(ms) ： 20.2338
---------------------------------
流分布如下: 
---------------------------------
0   20  0   0   0   12  0   0   
0   0   20  0   0   0   0   0   
0   0   0   0   0   0   0   0   
0   0   21  0   0   0   0   0   
0   0   0   0   0   0   0   0   
0   0   12  0   0   0   0   0   
0   0   0   0   0   0   0   0   
32  0   4   21  0   0   0   0   
---------------------------------
关键边输出如下：
---------------------------------
12   A         25        0         0         
6    A         36        0.161919  0.161919  
14   A         36        0.161919  0.161919  
4    A         37        0.137641  0.137641  
1    A         37        0.137641  0.152026  
2    A         45        0.127068  0.127068  
10   A         45        0.127068  0.127068  
13   A         53        0         0         
3    C         57        0.0748666 0.0748666 
5    C         57        0.0748666 0.0748666 
7    C         57        0.0748666 0.0748666 
8    C         57        0.0748666 0.0748666 
9    C         57        0.0748666 0.0748666 
11   C         57        0.0748666 0.0748666 
---------------------------------
---------------------------------

8--3最大流值为：57
最可靠最大流分布概率为 ： 0.0748666
状态划分算法消耗的内存为：21.6094
状态划分算法运行时间(ms) ： 20.0159
---------------------------------
流分布如下: 
---------------------------------
0   20  0   0   0   12  0   0   
0   0   20  0   0   0   0   0   
0   0   0   0   0   0   0   0   
0   0   21  0   0   0   0   0   
0   0   0   0   0   0   0   0   
0   0   12  0   0   0   0   0   
0   0   0   0   0   0   0   0   
32  0   4   21  0   0   0   0   
---------------------------------
关键边输出如下：
---------------------------------
12   A         25        0         0         
6    A         36        0.161919  0.161919  
14   A         36        0.161919  0.161919  
4    A         37        0.137641  0.137641  
1    A         37        0.137641  0.152026  
2    A         45        0.127068  0.127068  
10   A         45        0.127068  0.127068  
13   A         53        0         0         
3    C         57        0.0748666 0.0748666 
5    C         57        0.0748666 0.0748666 
7    C         57        0.0748666 0.0748666 
8    C         57        0.0748666 0.0748666 
9    C         57        0.0748666 0.0748666 
11   C         57        0.0748666 0.0748666 
---------------------------------
---------------------------------

8--3最大流值为：57
最可靠最大流分布概率为 ： 0.0748666
状态划分算法消耗的内存为：5.32813
状态划分算法运行时间(ms) ： 47.5852
---------------------------------
流分布如下: 
---------------------------------
0   20  0   0   0   12  0   0   
0   0   20  0   0   0   0   0   
0   0   0   0   0   0   0   0   
0   0   21  0   0   0   0   0   
0   0   0   0   0   0   0   0   
0   0   12  0   0   0   0   0   
0   0   0   0   0   0   0   0   
32  0   4   21  0   0   0   0   
---------------------------------
关键边输出如下：
---------------------------------
12   A         25        0         0         
6    A         36        0.161919  0.161919  
14   A         36        0.161919  0.161919  
4    A         37        0.137641  0.137641  
1    A         37        0.137641  0.152026  
2    A         45        0.127068  0.127068  
10   A         45        0.127068  0.127068  
13   A         53        0         0         
3    C         57        0.0748666 0.0748666 
5    C         57        0.0748666 0.0748666 
7    C         57        0.0748666 0.0748666 
8    C         57        0.0748666 0.0748666 
9    C         57        0.0748666 0.0748666 
11   C         57        0.0748666 0.0748666 
---------------------------------
---------------------------------

8--3最大流值为：57
最可靠最大流分布概率为 ： 0.0748666
状态划分算法消耗的内存为：6.43359
状态划分算法运行时间(ms) ： 57.8499
---------------------------------
流分布如下: 
---------------------------------
0   20  0   0   0   12  0   0   
0   0   20  0   0   0   0   0   
0   0   0   0   0   0   0   0   
0   0   21  0   0   0   0   0   
0   0   0   0   0   0   0   0   
0   0   12  0   0   0   0   0   
0   0   0   0   0   0   0   0   
32  0   4   21  0   0   0   0   
---------------------------------
关键边输出如下：
---------------------------------
12   A         25        0         0         
6    A         36        0.161919  0.161919  
14   A         36        0.161919  0.161919  
4    A         37        0.137641  0.137641  
1    A         37        0.137641  0.152026  
2    A         45        0.127068  0.127068  
10   A         45        0.127068  0.127068  
13   A         53        0         0         
3    C         57        0.0748666 0.0748666 
5    C         57        0.0748666 0.0748666 
7    C         57        0.0748666 0.0748666 
8    C         57        0.0748666 0.0748666 
9    C         57        0.0748666 0.0748666 
11   C         57        0.0748666 0.0748666 
---------------------------------
---------------------------------

8--3最大流值为：57
最可靠最大流分布概率为 ： 0.0748666
状态划分算法消耗的内存为：6.42188
状态划分算法运行时间(ms) ： 57.6763
---------------------------------
流分布如下: 
---------------------------------
0   20  0   0   0   12  0   0   
0   0   20  0   0   0   0   0   
0   0   0   0   0   0   0   0   
0   0   21  0   0   0   0   0   
0   0   0   0   0   0   0   0   
0   0   12  0   0   0   0   0   
0   0   0   0   0   0   0   0   
32  0   4   21  0   0   0   0   
---------------------------------
关键边输出如下：
---------------------------------
12   A         25        0         0         
6    A         36        0.161919  0.161919  
14   A         36        0.161919  0.161919  
4    A         37        0.137641  0.137641  
1    A         37        0.137641  0.152026  
2    A         45        0.127068  0.127068  
10   A         45        0.127068  0.127068  
13   A         53        0         0         
3    C         57        0.0748666 0.0748666 
5    C         57        0.0748666 0.0748666 
7    C         57        0.0748666 0.0748666 
8    C         57        0.0748666 0.0748666 
9    C         57        0.0748666 0.0748666 
11   C         57        0.0748666 0.0748666 
---------------------------------
---------------------------------

8--3最大流值为：57
最可靠最大流分布概率为 ： 0.0748666
状态划分算法消耗的内存为：6.42188
状态划分算法运行时间(ms) ： 57.8508
---------------------------------
流分布如下: 
---------------------------------
0   20  0   0   0   12  0   0   
0   0   20  0   0   0   0   0   
0   0   0   0   0   0   0   0   
0   0   21  0   0   0   0   0   
0   0   0   0   0   0   0   0   
0   0   12  0   0   0   0   0   
0   0   0   0   0   0   0   0   
32  0   4   21  0   0   0   0   
---------------------------------
关键边输出如下：
---------------------------------
12   A         25        0         0         
6    A         36        0.161919  0.161919  
14   A         36        0.161919  0.161919  
4    A         37        0.137641  0.137641  
1    A         37        0.137641  0.152026  
2    A         45        0.127068  0.127068  
10   A         45        0.127068  0.127068  
13   A         53        0         0         
3    C         57        0.0748666 0.0748666 
5    C         57        0.0748666 0.0748666 
7    C         57        0.0748666 0.0748666 
8    C         57        0.0748666 0.0748666 
9    C         57        0.0748666 0.0748666 
11   C         57        0.0748666 0.0748666 
---------------------------------
---------------------------------

8--3最大流值为：57
最可靠最大流分布概率为 ： 0.0748666
状态划分算法消耗的内存为：6.47266
状态划分算法运行时间(ms) ： 58.482
---------------------------------
流分布如下: 
---------------------------------
0   20  0   0   0   12  0   0   
0   0   20  0   0   0   0   0   
0   0   0   0   0   0   0   0   
0   0   21  0   0   0   0   0   
0   0   0   0   0   0   0   0   
0   0   12  0   0   0   0   0   
0   0   0   0   0   0   0   0   
32  0   4   21  0   0   0   0   
---------------------------------
关键边输出如下：
---------------------------------
12   A         25        0         0         
6    A         36        0.161919  0.161919  
14   A         36        0.161919  0.161919  
4    A         37        0.137641  0.137641  
1    A         37        0.137641  0.152026  
2    A         45        0.127068  0.127068  
10   A         45        0.127068  0.127068  
13   A         53        0         0         
3    C         57        0.0748666 0.0748666 
5    C         57        0.0748666 0.0748666 
7    C         57        0.0748666 0.0748666 
8    C         57        0.0748666 0.0748666 
9    C         57        0.0748666 0.0748666 
11   C         57        0.0748666 0.0748666 
---------------------------------
---------------------------------

8--3最大流值为：57
最可靠最大流分布概率为 ： 0.0748666
状态划分算法消耗的内存为：6.44141
状态划分算法运行时间(ms) ： 59.5967
---------------------------------
流分布如下: 
---------------------------------
0   20  0   0   0   12  0   0   
0   0   20  0   0   0   0   0   
0   0   0   0   0   0   0   0   
0   0   21  0   0   0   0   0   
0   0   0   0   0   0   0   0   
0   0   12  0   0   0   0   0   
0   0   0   0   0   0   0   0   
32  0   4   21  0   0   0   0   
---------------------------------
关键边输出如下：
---------------------------------
12   A         25        0         0         
6    A         36        0.161919  0.161919  
14   A         36        0.161919  0.161919  
4    A         37        0.137641  0.137641  
1    A         37        0.137641  0.152026  
2    A         45        0.127068  0.127068  
10   A         45        0.127068  0.127068  
13   A         53        0         0         
3    C         57        0.0748666 0.0748666 
5    C         57        0.0748666 0.0748666 
7    C         57        0.0748666 0.0748666 
8    C         57        0.0748666 0.0748666 
9    C         57        0.0748666 0.0748666 
11   C         57        0.0748666 0.0748666 
---------------------------------
---------------------------------

8--3最大流值为：57
最可靠最大流分布概率为 ： 0.0748666
状态划分算法消耗的内存为：6.42969
状态划分算法运行时间(ms) ： 58.5641
---------------------------------
流分布如下: 
---------------------------------
0   20  0   0   0   12  0   0   
0   0   20  0   0   0   0   0   
0   0   0   0   0   0   0   0   
0   0   21  0   0   0   0   0   
0   0   0   0   0   0   0   0   
0   0   12  0   0   0   0   0   
0   0   0   0   0   0   0   0   
32  0   4   21  0   0   0   0   
---------------------------------
关键边输出如下：
---------------------------------
12   A         25        0         0         
6    A         36        0.161919  0.161919  
14   A         36        0.161919  0.161919  
4    A         37        0.137641  0.137641  
1    A         37        0.137641  0.152026  
2    A         45        0.127068  0.127068  
10   A         45        0.127068  0.127068  
13   A         53        0         0         
3    C         57        0.0748666 0.0748666 
5    C         57        0.0748666 0.0748666 
7    C         57        0.0748666 0.0748666 
8    C         57        0.0748666 0.0748666 
9    C         57        0.0748666 0.0748666 
11   C         57        0.0748666 0.0748666 
---------------------------------
---------------------------------

8--3最大流值为：57
最可靠最大流分布概率为 ： 0.0748666
状态划分算法消耗的内存为：6.46094
状态划分算法运行时间(ms) ： 54.9878
---------------------------------
流分布如下: 
---------------------------------
0   20  0   0   0   12  0   0   
0   0   20  0   0   0   0   0   
0   0   0   0   0   0   0   0   
0   0   21  0   0   0   0   0   
0   0   0   0   0   0   0   0   
0   0   12  0   0   0   0   0   
0   0   0   0   0   0   0   0   
32  0   4   21  0   0   0   0   
---------------------------------
关键边输出如下：
---------------------------------
12   A         25        0         0         
6    A         36        0.161919  0.161919  
14   A         36        0.161919  0.161919  
4    A         37        0.137641  0.137641  
1    A         37        0.137641  0.152026  
2    A         45        0.127068  0.127068  
10   A         45        0.127068  0.127068  
13   A         53        0         0         
3    C         57        0.0748666 0.0748666 
5    C         57        0.0748666 0.0748666 
7    C         57        0.0748666 0.0748666 
8    C         57        0.0748666 0.0748666 
9    C         57        0.0748666 0.0748666 
11   C         57        0.0748666 0.0748666 
---------------------------------
---------------------------------

8--3最大流值为：57
最可靠最大流分布概率为 ： 0.0748666
状态划分算法消耗的内存为：6.45313
状态划分算法运行时间(ms) ： 58.2363
---------------------------------
流分布如下: 
---------------------------------
0   20  0   0   0   12  0   0   
0   0   20  0   0   0   0   0   
0   0   0   0   0   0   0   0   
0   0   21  0   0   0   0   0   
0   0   0   0   0   0   0   0   
0   0   12  0   0   0   0   0   
0   0   0   0   0   0   0   0   
32  0   4   21  0   0   0   0   
---------------------------------
关键边输出如下：
---------------------------------
12   A         25        0         0         
6    A         36        0.161919  0.161919  
14   A         36        0.161919  0.161919  
4    A         37        0.137641  0.137641  
1    A         37        0.137641  0.152026  
2    A         45        0.127068  0.127068  
10   A         45        0.127068  0.127068  
13   A         53        0         0         
3    C         57        0.0748666 0.0748666 
5    C         57        0.0748666 0.0748666 
7    C         57        0.0748666 0.0748666 
8    C         57        0.0748666 0.0748666 
9    C         57        0.0748666 0.0748666 
11   C         57        0.0748666 0.0748666 
---------------------------------
---------------------------------

8--3最大流值为：57
最可靠最大流分布概率为 ： 0.0748666
状态划分算法消耗的内存为：6.46094
状态划分算法运行时间(ms) ： 60.5092
---------------------------------
流分布如下: 
---------------------------------
0   20  0   0   0   12  0   0   
0   0   20  0   0   0   0   0   
0   0   0   0   0   0   0   0   
0   0   21  0   0   0   0   0   
0   0   0   0   0   0   0   0   
0   0   12  0   0   0   0   0   
0   0   0   0   0   0   0   0   
32  0   4   21  0   0   0   0   
---------------------------------
关键边输出如下：
---------------------------------
12   A         25        0         0         
6    A         36        0.161919  0.161919  
14   A         36        0.161919  0.161919  
4    A         37        0.137641  0.137641  
1    A         37        0.137641  0.152026  
2    A         45        0.127068  0.127068  
10   A         45        0.127068  0.127068  
13   A         53        0         0         
3    C         57        0.0748666 0.0748666 
5    C         57        0.0748666 0.0748666 
7    C         57        0.0748666 0.0748666 
8    C         57        0.0748666 0.0748666 
9    C         57        0.0748666 0.0748666 
11   C         57        0.0748666 0.0748666 
---------------------------------
---------------------------------

8--3最大流值为：57
最可靠最大流分布概率为 ： 0.0748666
状态划分算法消耗的内存为：6.46875
状态划分算法运行时间(ms) ： 59.0467
---------------------------------
流分布如下: 
---------------------------------
0   20  0   0   0   12  0   0   
0   0   20  0   0   0   0   0   
0   0   0   0   0   0   0   0   
0   0   21  0   0   0   0   0   
0   0   0   0   0   0   0   0   
0   0   12  0   0   0   0   0   
0   0   0   0   0   0   0   0   
32  0   4   21  0   0   0   0   
---------------------------------
关键边输出如下：
---------------------------------
12   A         25        0         0         
6    A         36        0.161919  0.161919  
14   A         36        0.161919  0.161919  
4    A         37        0.137641  0.137641  
1    A         37        0.137641  0.152026  
2    A         45        0.127068  0.127068  
10   A         45        0.127068  0.127068  
13   A         53        0         0         
3    C         57        0.0748666 0.0748666 
5    C         57        0.0748666 0.0748666 
7    C         57        0.0748666 0.0748666 
8    C         57        0.0748666 0.0748666 
9    C         57        0.0748666 0.0748666 
11   C         57        0.0748666 0.0748666 
---------------------------------
---------------------------------

8--3最大流值为：57
最可靠最大流分布概率为 ： 0.0748666
状态划分算法消耗的内存为：6.46484
状态划分算法运行时间(ms) ： 58.4249
---------------------------------
流分布如下: 
---------------------------------
0   20  0   0   0   12  0   0   
0   0   20  0   0   0   0   0   
0   0   0   0   0   0   0   0   
0   0   21  0   0   0   0   0   
0   0   0   0   0   0   0   0   
0   0   12  0   0   0   0   0   
0   0   0   0   0   0   0   0   
32  0   4   21  0   0   0   0   
---------------------------------
关键边输出如下：
---------------------------------
12   A         25        0         0         
6    A         36        0.161919  0.161919  
14   A         36        0.161919  0.161919  
4    A         37        0.137641  0.137641  
1    A         37        0.137641  0.152026  
2    A         45        0.127068  0.127068  
10   A         45        0.127068  0.127068  
13   A         53        0         0         
3    C         57        0.0748666 0.0748666 
5    C         57        0.0748666 0.0748666 
7    C         57        0.0748666 0.0748666 
8    C         57        0.0748666 0.0748666 
9    C         57        0.0748666 0.0748666 
11   C         57        0.0748666 0.0748666 
---------------------------------
---------------------------------

8--3最大流值为：57
最可靠最大流分布概率为 ： 0.0748666
状态划分算法消耗的内存为：6.44531
状态划分算法运行时间(ms) ： 54.6778
---------------------------------
流分布如下: 
---------------------------------
0   20  0   0   0   12  0   0   
0   0   20  0   0   0   0   0   
0   0   0   0   0   0   0   0   
0   0   21  0   0   0   0   0   
0   0   0   0   0   0   0   0   
0   0   12  0   0   0   0   0   
0   0   0   0   0   0   0   0   
32  0   4   21  0   0   0   0   
---------------------------------
关键边输出如下：
---------------------------------
12   A         25        0         0         
6    A         36        0.161919  0.161919  
14   A         36        0.161919  0.161919  
4    A         37        0.137641  0.137641  
1    A         37        0.137641  0.152026  
2    A         45        0.127068  0.127068  
10   A         45        0.127068  0.127068  
13   A         53        0         0         
3    C         57        0.0748666 0.0748666 
5    C         57        0.0748666 0.0748666 
7    C         57        0.0748666 0.0748666 
8    C         57        0.0748666 0.0748666 
9    C         57        0.0748666 0.0748666 
11   C         57        0.0748666 0.0748666 
---------------------------------
---------------------------------

