6--2最大流值为：56
最可靠最大流分布概率为 ： 0.0792283
状态划分算法消耗的内存为：20.875
状态划分算法运行时间(ms) ： 16.3056
---------------------------------
流分布如下: 
---------------------------------
0   0   0   0   0   0   0   0   
0   0   0   0   0   0   0   0   
0   34  0   0   0   0   0   0   
0   0   34  0   0   0   0   0   
0   22  0   0   0   0   0   0   
0   0   0   0   0   0   33  23  
0   0   0   30  22  0   0   0   
0   0   0   4   0   0   19  0   
---------------------------------
关键边输出如下：
---------------------------------
5    A         22        0.318273  0.318273  
6    A         22        0.318273  0.318273  
9    A         25        0         0         
11   A         26        0         0         
10   A         33        0         0         
8    A         34        0.199309  0.199309  
12   A         34        0.199309  0.199309  
14   A         37        0         0         
13   A         52        0         0         
1    C         56        0.0792283 0.0792283 
2    C         56        0.0792283 0.0792283 
3    C         56        0.0792283 0.0792283 
4    C         56        0.0792283 0.0792283 
7    C         56        0.0792283 0.0792283 
---------------------------------
---------------------------------

6--2最大流值为：56
最可靠最大流分布概率为 ： 0.0792283
状态划分算法消耗的内存为：21.6211
状态划分算法运行时间(ms) ： 15.9216
---------------------------------
流分布如下: 
---------------------------------
0   0   0   0   0   0   0   0   
0   0   0   0   0   0   0   0   
0   34  0   0   0   0   0   0   
0   0   34  0   0   0   0   0   
0   22  0   0   0   0   0   0   
0   0   0   0   0   0   33  23  
0   0   0   30  22  0   0   0   
0   0   0   4   0   0   19  0   
---------------------------------
关键边输出如下：
---------------------------------
5    A         22        0.318273  0.318273  
6    A         22        0.318273  0.318273  
9    A         25        0         0         
11   A         26        0         0         
10   A         33        0         0         
8    A         34        0.199309  0.199309  
12   A         34        0.199309  0.199309  
14   A         37        0         0         
13   A         52        0         0         
1    C         56        0.0792283 0.0792283 
2    C         56        0.0792283 0.0792283 
3    C         56        0.0792283 0.0792283 
4    C         56        0.0792283 0.0792283 
7    C         56        0.0792283 0.0792283 
---------------------------------
---------------------------------

6--2最大流值为：56
最可靠最大流分布概率为 ： 0.0792283
状态划分算法消耗的内存为：6.38672
状态划分算法运行时间(ms) ： 47.7313
---------------------------------
流分布如下: 
---------------------------------
0   0   0   0   0   0   0   0   
0   0   0   0   0   0   0   0   
0   34  0   0   0   0   0   0   
0   0   34  0   0   0   0   0   
0   22  0   0   0   0   0   0   
0   0   0   0   0   0   33  23  
0   0   0   30  22  0   0   0   
0   0   0   4   0   0   19  0   
---------------------------------
关键边输出如下：
---------------------------------
5    A         22        0.318273  0.318273  
6    A         22        0.318273  0.318273  
9    A         25        0         0         
11   A         26        0         0         
10   A         33        0         0         
8    A         34        0.199309  0.199309  
12   A         34        0.199309  0.199309  
14   A         37        0         0         
13   A         52        0         0         
1    C         56        0.0792283 0.0792283 
2    C         56        0.0792283 0.0792283 
3    C         56        0.0792283 0.0792283 
4    C         56        0.0792283 0.0792283 
7    C         56        0.0792283 0.0792283 
---------------------------------
---------------------------------

6--2最大流值为：56
最可靠最大流分布概率为 ： 0.0792283
状态划分算法消耗的内存为：5.35156
状态划分算法运行时间(ms) ： 54.1308
---------------------------------
流分布如下: 
---------------------------------
0   0   0   0   0   0   0   0   
0   0   0   0   0   0   0   0   
0   34  0   0   0   0   0   0   
0   0   34  0   0   0   0   0   
0   22  0   0   0   0   0   0   
0   0   0   0   0   0   33  23  
0   0   0   30  22  0   0   0   
0   0   0   4   0   0   19  0   
---------------------------------
关键边输出如下：
---------------------------------
5    A         22        0.318273  0.318273  
6    A         22        0.318273  0.318273  
9    A         25        0         0         
11   A         26        0         0         
10   A         33        0         0         
8    A         34        0.199309  0.199309  
12   A         34        0.199309  0.199309  
14   A         37        0         0         
13   A         52        0         0         
1    C         56        0.0792283 0.0792283 
2    C         56        0.0792283 0.0792283 
3    C         56        0.0792283 0.0792283 
4    C         56        0.0792283 0.0792283 
7    C         56        0.0792283 0.0792283 
---------------------------------
---------------------------------

6--2最大流值为：56
最可靠最大流分布概率为 ： 0.0792283
状态划分算法消耗的内存为：6.36328
状态划分算法运行时间(ms) ： 56.1544
---------------------------------
流分布如下: 
---------------------------------
0   0   0   0   0   0   0   0   
0   0   0   0   0   0   0   0   
0   34  0   0   0   0   0   0   
0   0   34  0   0   0   0   0   
0   22  0   0   0   0   0   0   
0   0   0   0   0   0   33  23  
0   0   0   30  22  0   0   0   
0   0   0   4   0   0   19  0   
---------------------------------
关键边输出如下：
---------------------------------
5    A         22        0.318273  0.318273  
6    A         22        0.318273  0.318273  
9    A         25        0         0         
11   A         26        0         0         
10   A         33        0         0         
8    A         34        0.199309  0.199309  
12   A         34        0.199309  0.199309  
14   A         37        0         0         
13   A         52        0         0         
1    C         56        0.0792283 0.0792283 
2    C         56        0.0792283 0.0792283 
3    C         56        0.0792283 0.0792283 
4    C         56        0.0792283 0.0792283 
7    C         56        0.0792283 0.0792283 
---------------------------------
---------------------------------

6--2最大流值为：56
最可靠最大流分布概率为 ： 0.0792283
状态划分算法消耗的内存为：6.39844
状态划分算法运行时间(ms) ： 56.6503
---------------------------------
流分布如下: 
---------------------------------
0   0   0   0   0   0   0   0   
0   0   0   0   0   0   0   0   
0   34  0   0   0   0   0   0   
0   0   34  0   0   0   0   0   
0   22  0   0   0   0   0   0   
0   0   0   0   0   0   33  23  
0   0   0   30  22  0   0   0   
0   0   0   4   0   0   19  0   
---------------------------------
关键边输出如下：
---------------------------------
5    A         22        0.318273  0.318273  
6    A         22        0.318273  0.318273  
9    A         25        0         0         
11   A         26        0         0         
10   A         33        0         0         
8    A         34        0.199309  0.199309  
12   A         34        0.199309  0.199309  
14   A         37        0         0         
13   A         52        0         0         
1    C         56        0.0792283 0.0792283 
2    C         56        0.0792283 0.0792283 
3    C         56        0.0792283 0.0792283 
4    C         56        0.0792283 0.0792283 
7    C         56        0.0792283 0.0792283 
---------------------------------
---------------------------------

6--2最大流值为：56
最可靠最大流分布概率为 ： 0.0792283
状态划分算法消耗的内存为：6.41797
状态划分算法运行时间(ms) ： 51.8633
---------------------------------
流分布如下: 
---------------------------------
0   0   0   0   0   0   0   0   
0   0   0   0   0   0   0   0   
0   34  0   0   0   0   0   0   
0   0   34  0   0   0   0   0   
0   22  0   0   0   0   0   0   
0   0   0   0   0   0   33  23  
0   0   0   30  22  0   0   0   
0   0   0   4   0   0   19  0   
---------------------------------
关键边输出如下：
---------------------------------
5    A         22        0.318273  0.318273  
6    A         22        0.318273  0.318273  
9    A         25        0         0         
11   A         26        0         0         
10   A         33        0         0         
8    A         34        0.199309  0.199309  
12   A         34        0.199309  0.199309  
14   A         37        0         0         
13   A         52        0         0         
1    C         56        0.0792283 0.0792283 
2    C         56        0.0792283 0.0792283 
3    C         56        0.0792283 0.0792283 
4    C         56        0.0792283 0.0792283 
7    C         56        0.0792283 0.0792283 
---------------------------------
---------------------------------

6--2最大流值为：56
最可靠最大流分布概率为 ： 0.0792283
状态划分算法消耗的内存为：6.42188
状态划分算法运行时间(ms) ： 51.0809
---------------------------------
流分布如下: 
---------------------------------
0   0   0   0   0   0   0   0   
0   0   0   0   0   0   0   0   
0   34  0   0   0   0   0   0   
0   0   34  0   0   0   0   0   
0   22  0   0   0   0   0   0   
0   0   0   0   0   0   33  23  
0   0   0   30  22  0   0   0   
0   0   0   4   0   0   19  0   
---------------------------------
关键边输出如下：
---------------------------------
5    A         22        0.318273  0.318273  
6    A         22        0.318273  0.318273  
9    A         25        0         0         
11   A         26        0         0         
10   A         33        0         0         
8    A         34        0.199309  0.199309  
12   A         34        0.199309  0.199309  
14   A         37        0         0         
13   A         52        0         0         
1    C         56        0.0792283 0.0792283 
2    C         56        0.0792283 0.0792283 
3    C         56        0.0792283 0.0792283 
4    C         56        0.0792283 0.0792283 
7    C         56        0.0792283 0.0792283 
---------------------------------
---------------------------------

6--2最大流值为：56
最可靠最大流分布概率为 ： 0.0792283
状态划分算法消耗的内存为：6.46484
状态划分算法运行时间(ms) ： 53.8751
---------------------------------
流分布如下: 
---------------------------------
0   0   0   0   0   0   0   0   
0   0   0   0   0   0   0   0   
0   34  0   0   0   0   0   0   
0   0   34  0   0   0   0   0   
0   22  0   0   0   0   0   0   
0   0   0   0   0   0   33  23  
0   0   0   30  22  0   0   0   
0   0   0   4   0   0   19  0   
---------------------------------
关键边输出如下：
---------------------------------
5    A         22        0.318273  0.318273  
6    A         22        0.318273  0.318273  
9    A         25        0         0         
11   A         26        0         0         
10   A         33        0         0         
8    A         34        0.199309  0.199309  
12   A         34        0.199309  0.199309  
14   A         37        0         0         
13   A         52        0         0         
1    C         56        0.0792283 0.0792283 
2    C         56        0.0792283 0.0792283 
3    C         56        0.0792283 0.0792283 
4    C         56        0.0792283 0.0792283 
7    C         56        0.0792283 0.0792283 
---------------------------------
---------------------------------

6--2最大流值为：56
最可靠最大流分布概率为 ： 0.0792283
状态划分算法消耗的内存为：6.44141
状态划分算法运行时间(ms) ： 51.0692
---------------------------------
流分布如下: 
---------------------------------
0   0   0   0   0   0   0   0   
0   0   0   0   0   0   0   0   
0   34  0   0   0   0   0   0   
0   0   34  0   0   0   0   0   
0   22  0   0   0   0   0   0   
0   0   0   0   0   0   33  23  
0   0   0   30  22  0   0   0   
0   0   0   4   0   0   19  0   
---------------------------------
关键边输出如下：
---------------------------------
5    A         22        0.318273  0.318273  
6    A         22        0.318273  0.318273  
9    A         25        0         0         
11   A         26        0         0         
10   A         33        0         0         
8    A         34        0.199309  0.199309  
12   A         34        0.199309  0.199309  
14   A         37        0         0         
13   A         52        0         0         
1    C         56        0.0792283 0.0792283 
2    C         56        0.0792283 0.0792283 
3    C         56        0.0792283 0.0792283 
4    C         56        0.0792283 0.0792283 
7    C         56        0.0792283 0.0792283 
---------------------------------
---------------------------------

6--2最大流值为：56
最可靠最大流分布概率为 ： 0.0792283
状态划分算法消耗的内存为：6.46875
状态划分算法运行时间(ms) ： 53.3539
---------------------------------
流分布如下: 
---------------------------------
0   0   0   0   0   0   0   0   
0   0   0   0   0   0   0   0   
0   34  0   0   0   0   0   0   
0   0   34  0   0   0   0   0   
0   22  0   0   0   0   0   0   
0   0   0   0   0   0   33  23  
0   0   0   30  22  0   0   0   
0   0   0   4   0   0   19  0   
---------------------------------
关键边输出如下：
---------------------------------
5    A         22        0.318273  0.318273  
6    A         22        0.318273  0.318273  
9    A         25        0         0         
11   A         26        0         0         
10   A         33        0         0         
8    A         34        0.199309  0.199309  
12   A         34        0.199309  0.199309  
14   A         37        0         0         
13   A         52        0         0         
1    C         56        0.0792283 0.0792283 
2    C         56        0.0792283 0.0792283 
3    C         56        0.0792283 0.0792283 
4    C         56        0.0792283 0.0792283 
7    C         56        0.0792283 0.0792283 
---------------------------------
---------------------------------

6--2最大流值为：56
最可靠最大流分布概率为 ： 0.0792283
状态划分算法消耗的内存为：6.46094
状态划分算法运行时间(ms) ： 52.2415
---------------------------------
流分布如下: 
---------------------------------
0   0   0   0   0   0   0   0   
0   0   0   0   0   0   0   0   
0   34  0   0   0   0   0   0   
0   0   34  0   0   0   0   0   
0   22  0   0   0   0   0   0   
0   0   0   0   0   0   33  23  
0   0   0   30  22  0   0   0   
0   0   0   4   0   0   19  0   
---------------------------------
关键边输出如下：
---------------------------------
5    A         22        0.318273  0.318273  
6    A         22        0.318273  0.318273  
9    A         25        0         0         
11   A         26        0         0         
10   A         33        0         0         
8    A         34        0.199309  0.199309  
12   A         34        0.199309  0.199309  
14   A         37        0         0         
13   A         52        0         0         
1    C         56        0.0792283 0.0792283 
2    C         56        0.0792283 0.0792283 
3    C         56        0.0792283 0.0792283 
4    C         56        0.0792283 0.0792283 
7    C         56        0.0792283 0.0792283 
---------------------------------
---------------------------------

6--2最大流值为：56
最可靠最大流分布概率为 ： 0.0792283
状态划分算法消耗的内存为：6.42969
状态划分算法运行时间(ms) ： 60.683
---------------------------------
流分布如下: 
---------------------------------
0   0   0   0   0   0   0   0   
0   0   0   0   0   0   0   0   
0   34  0   0   0   0   0   0   
0   0   34  0   0   0   0   0   
0   22  0   0   0   0   0   0   
0   0   0   0   0   0   33  23  
0   0   0   30  22  0   0   0   
0   0   0   4   0   0   19  0   
---------------------------------
关键边输出如下：
---------------------------------
5    A         22        0.318273  0.318273  
6    A         22        0.318273  0.318273  
9    A         25        0         0         
11   A         26        0         0         
10   A         33        0         0         
8    A         34        0.199309  0.199309  
12   A         34        0.199309  0.199309  
14   A         37        0         0         
13   A         52        0         0         
1    C         56        0.0792283 0.0792283 
2    C         56        0.0792283 0.0792283 
3    C         56        0.0792283 0.0792283 
4    C         56        0.0792283 0.0792283 
7    C         56        0.0792283 0.0792283 
---------------------------------
---------------------------------

6--2最大流值为：56
最可靠最大流分布概率为 ： 0.0792283
状态划分算法消耗的内存为：6.46094
状态划分算法运行时间(ms) ： 51.5766
---------------------------------
流分布如下: 
---------------------------------
0   0   0   0   0   0   0   0   
0   0   0   0   0   0   0   0   
0   34  0   0   0   0   0   0   
0   0   34  0   0   0   0   0   
0   22  0   0   0   0   0   0   
0   0   0   0   0   0   33  23  
0   0   0   30  22  0   0   0   
0   0   0   4   0   0   19  0   
---------------------------------
关键边输出如下：
---------------------------------
5    A         22        0.318273  0.318273  
6    A         22        0.318273  0.318273  
9    A         25        0         0         
11   A         26        0         0         
10   A         33        0         0         
8    A         34        0.199309  0.199309  
12   A         34        0.199309  0.199309  
14   A         37        0         0         
13   A         52        0         0         
1    C         56        0.0792283 0.0792283 
2    C         56        0.0792283 0.0792283 
3    C         56        0.0792283 0.0792283 
4    C         56        0.0792283 0.0792283 
7    C         56        0.0792283 0.0792283 
---------------------------------
---------------------------------

6--2最大流值为：56
最可靠最大流分布概率为 ： 0.0792283
状态划分算法消耗的内存为：6.45703
状态划分算法运行时间(ms) ： 44.785
---------------------------------
流分布如下: 
---------------------------------
0   0   0   0   0   0   0   0   
0   0   0   0   0   0   0   0   
0   34  0   0   0   0   0   0   
0   0   34  0   0   0   0   0   
0   22  0   0   0   0   0   0   
0   0   0   0   0   0   33  23  
0   0   0   30  22  0   0   0   
0   0   0   4   0   0   19  0   
---------------------------------
关键边输出如下：
---------------------------------
5    A         22        0.318273  0.318273  
6    A         22        0.318273  0.318273  
9    A         25        0         0         
11   A         26        0         0         
10   A         33        0         0         
8    A         34        0.199309  0.199309  
12   A         34        0.199309  0.199309  
14   A         37        0         0         
13   A         52        0         0         
1    C         56        0.0792283 0.0792283 
2    C         56        0.0792283 0.0792283 
3    C         56        0.0792283 0.0792283 
4    C         56        0.0792283 0.0792283 
7    C         56        0.0792283 0.0792283 
---------------------------------
---------------------------------

