5--6最大流值为：28
最可靠最大流分布概率为 ： 0.130293
状态划分算法消耗的内存为：20.875
状态划分算法运行时间(ms) ： 15.3236
---------------------------------
流分布如下: 
---------------------------------
0   0   0   0   0   3   0   0   
0   0   0   0   0   0   0   0   
0   0   0   0   0   0   0   0   
3   0   0   0   0   25  0   0   
0   0   0   0   0   0   8   20  
0   0   0   0   0   0   0   0   
0   0   0   8   0   0   0   0   
0   0   0   20  0   0   0   0   
---------------------------------
关键边输出如下：
---------------------------------
14   A         8         0.57003   0.582076  
9    A         8         0.57003   0.737607  
6    A         10        0         0         
12   A         20        0.743809  0.743809  
8    A         20        0.743809  0.743809  
3    A         25        0.455302  0.455302  
1    A         25        0.455302  0.455302  
2    C         28        0.130293  0.130293  
4    C         28        0.130293  0.130293  
5    C         28        0.130293  0.130293  
7    C         28        0.130293  0.130293  
10   C         28        0.130293  0.130293  
11   C         28        0.130293  0.130293  
13   C         28        0.130293  0.130293  
---------------------------------
---------------------------------

5--6最大流值为：28
最可靠最大流分布概率为 ： 0.130293
状态划分算法消耗的内存为：21.582
状态划分算法运行时间(ms) ： 16.9524
---------------------------------
流分布如下: 
---------------------------------
0   0   0   0   0   3   0   0   
0   0   0   0   0   0   0   0   
0   0   0   0   0   0   0   0   
3   0   0   0   0   25  0   0   
0   0   0   0   0   0   8   20  
0   0   0   0   0   0   0   0   
0   0   0   8   0   0   0   0   
0   0   0   20  0   0   0   0   
---------------------------------
关键边输出如下：
---------------------------------
14   A         8         0.57003   0.582076  
9    A         8         0.57003   0.737607  
6    A         10        0         0         
12   A         20        0.743809  0.743809  
8    A         20        0.743809  0.743809  
3    A         25        0.455302  0.455302  
1    A         25        0.455302  0.455302  
2    C         28        0.130293  0.130293  
4    C         28        0.130293  0.130293  
5    C         28        0.130293  0.130293  
7    C         28        0.130293  0.130293  
10   C         28        0.130293  0.130293  
11   C         28        0.130293  0.130293  
13   C         28        0.130293  0.130293  
---------------------------------
---------------------------------

5--6最大流值为：28
最可靠最大流分布概率为 ： 0.130293
状态划分算法消耗的内存为：6.38672
状态划分算法运行时间(ms) ： 45.6057
---------------------------------
流分布如下: 
---------------------------------
0   0   0   0   0   3   0   0   
0   0   0   0   0   0   0   0   
0   0   0   0   0   0   0   0   
3   0   0   0   0   25  0   0   
0   0   0   0   0   0   8   20  
0   0   0   0   0   0   0   0   
0   0   0   8   0   0   0   0   
0   0   0   20  0   0   0   0   
---------------------------------
关键边输出如下：
---------------------------------
14   A         8         0.57003   0.582076  
9    A         8         0.57003   0.737607  
6    A         10        0         0         
12   A         20        0.743809  0.743809  
8    A         20        0.743809  0.743809  
3    A         25        0.455302  0.455302  
1    A         25        0.455302  0.455302  
2    C         28        0.130293  0.130293  
4    C         28        0.130293  0.130293  
5    C         28        0.130293  0.130293  
7    C         28        0.130293  0.130293  
10   C         28        0.130293  0.130293  
11   C         28        0.130293  0.130293  
13   C         28        0.130293  0.130293  
---------------------------------
---------------------------------

5--6最大流值为：28
最可靠最大流分布概率为 ： 0.130293
状态划分算法消耗的内存为：6.42188
状态划分算法运行时间(ms) ： 48.8602
---------------------------------
流分布如下: 
---------------------------------
0   0   0   0   0   3   0   0   
0   0   0   0   0   0   0   0   
0   0   0   0   0   0   0   0   
3   0   0   0   0   25  0   0   
0   0   0   0   0   0   8   20  
0   0   0   0   0   0   0   0   
0   0   0   8   0   0   0   0   
0   0   0   20  0   0   0   0   
---------------------------------
关键边输出如下：
---------------------------------
14   A         8         0.57003   0.582076  
9    A         8         0.57003   0.737607  
6    A         10        0         0         
12   A         20        0.743809  0.743809  
8    A         20        0.743809  0.743809  
3    A         25        0.455302  0.455302  
1    A         25        0.455302  0.455302  
2    C         28        0.130293  0.130293  
4    C         28        0.130293  0.130293  
5    C         28        0.130293  0.130293  
7    C         28        0.130293  0.130293  
10   C         28        0.130293  0.130293  
11   C         28        0.130293  0.130293  
13   C         28        0.130293  0.130293  
---------------------------------
---------------------------------

5--6最大流值为：28
最可靠最大流分布概率为 ： 0.130293
状态划分算法消耗的内存为：6.42969
状态划分算法运行时间(ms) ： 54.1021
---------------------------------
流分布如下: 
---------------------------------
0   0   0   0   0   3   0   0   
0   0   0   0   0   0   0   0   
0   0   0   0   0   0   0   0   
3   0   0   0   0   25  0   0   
0   0   0   0   0   0   8   20  
0   0   0   0   0   0   0   0   
0   0   0   8   0   0   0   0   
0   0   0   20  0   0   0   0   
---------------------------------
关键边输出如下：
---------------------------------
14   A         8         0.57003   0.582076  
9    A         8         0.57003   0.737607  
6    A         10        0         0         
12   A         20        0.743809  0.743809  
8    A         20        0.743809  0.743809  
3    A         25        0.455302  0.455302  
1    A         25        0.455302  0.455302  
2    C         28        0.130293  0.130293  
4    C         28        0.130293  0.130293  
5    C         28        0.130293  0.130293  
7    C         28        0.130293  0.130293  
10   C         28        0.130293  0.130293  
11   C         28        0.130293  0.130293  
13   C         28        0.130293  0.130293  
---------------------------------
---------------------------------

5--6最大流值为：28
最可靠最大流分布概率为 ： 0.130293
状态划分算法消耗的内存为：6.41016
状态划分算法运行时间(ms) ： 52.1908
---------------------------------
流分布如下: 
---------------------------------
0   0   0   0   0   3   0   0   
0   0   0   0   0   0   0   0   
0   0   0   0   0   0   0   0   
3   0   0   0   0   25  0   0   
0   0   0   0   0   0   8   20  
0   0   0   0   0   0   0   0   
0   0   0   8   0   0   0   0   
0   0   0   20  0   0   0   0   
---------------------------------
关键边输出如下：
---------------------------------
14   A         8         0.57003   0.582076  
9    A         8         0.57003   0.737607  
6    A         10        0         0         
12   A         20        0.743809  0.743809  
8    A         20        0.743809  0.743809  
3    A         25        0.455302  0.455302  
1    A         25        0.455302  0.455302  
2    C         28        0.130293  0.130293  
4    C         28        0.130293  0.130293  
5    C         28        0.130293  0.130293  
7    C         28        0.130293  0.130293  
10   C         28        0.130293  0.130293  
11   C         28        0.130293  0.130293  
13   C         28        0.130293  0.130293  
---------------------------------
---------------------------------

5--6最大流值为：28
最可靠最大流分布概率为 ： 0.130293
状态划分算法消耗的内存为：6.40234
状态划分算法运行时间(ms) ： 53.2844
---------------------------------
流分布如下: 
---------------------------------
0   0   0   0   0   3   0   0   
0   0   0   0   0   0   0   0   
0   0   0   0   0   0   0   0   
3   0   0   0   0   25  0   0   
0   0   0   0   0   0   8   20  
0   0   0   0   0   0   0   0   
0   0   0   8   0   0   0   0   
0   0   0   20  0   0   0   0   
---------------------------------
关键边输出如下：
---------------------------------
14   A         8         0.57003   0.582076  
9    A         8         0.57003   0.737607  
6    A         10        0         0         
12   A         20        0.743809  0.743809  
8    A         20        0.743809  0.743809  
3    A         25        0.455302  0.455302  
1    A         25        0.455302  0.455302  
2    C         28        0.130293  0.130293  
4    C         28        0.130293  0.130293  
5    C         28        0.130293  0.130293  
7    C         28        0.130293  0.130293  
10   C         28        0.130293  0.130293  
11   C         28        0.130293  0.130293  
13   C         28        0.130293  0.130293  
---------------------------------
---------------------------------

5--6最大流值为：28
最可靠最大流分布概率为 ： 0.130293
状态划分算法消耗的内存为：6.41797
状态划分算法运行时间(ms) ： 52.6122
---------------------------------
流分布如下: 
---------------------------------
0   0   0   0   0   3   0   0   
0   0   0   0   0   0   0   0   
0   0   0   0   0   0   0   0   
3   0   0   0   0   25  0   0   
0   0   0   0   0   0   8   20  
0   0   0   0   0   0   0   0   
0   0   0   8   0   0   0   0   
0   0   0   20  0   0   0   0   
---------------------------------
关键边输出如下：
---------------------------------
14   A         8         0.57003   0.582076  
9    A         8         0.57003   0.737607  
6    A         10        0         0         
12   A         20        0.743809  0.743809  
8    A         20        0.743809  0.743809  
3    A         25        0.455302  0.455302  
1    A         25        0.455302  0.455302  
2    C         28        0.130293  0.130293  
4    C         28        0.130293  0.130293  
5    C         28        0.130293  0.130293  
7    C         28        0.130293  0.130293  
10   C         28        0.130293  0.130293  
11   C         28        0.130293  0.130293  
13   C         28        0.130293  0.130293  
---------------------------------
---------------------------------

5--6最大流值为：28
最可靠最大流分布概率为 ： 0.130293
状态划分算法消耗的内存为：6.4375
状态划分算法运行时间(ms) ： 51.8618
---------------------------------
流分布如下: 
---------------------------------
0   0   0   0   0   3   0   0   
0   0   0   0   0   0   0   0   
0   0   0   0   0   0   0   0   
3   0   0   0   0   25  0   0   
0   0   0   0   0   0   8   20  
0   0   0   0   0   0   0   0   
0   0   0   8   0   0   0   0   
0   0   0   20  0   0   0   0   
---------------------------------
关键边输出如下：
---------------------------------
14   A         8         0.57003   0.582076  
9    A         8         0.57003   0.737607  
6    A         10        0         0         
12   A         20        0.743809  0.743809  
8    A         20        0.743809  0.743809  
3    A         25        0.455302  0.455302  
1    A         25        0.455302  0.455302  
2    C         28        0.130293  0.130293  
4    C         28        0.130293  0.130293  
5    C         28        0.130293  0.130293  
7    C         28        0.130293  0.130293  
10   C         28        0.130293  0.130293  
11   C         28        0.130293  0.130293  
13   C         28        0.130293  0.130293  
---------------------------------
---------------------------------

5--6最大流值为：28
最可靠最大流分布概率为 ： 0.130293
状态划分算法消耗的内存为：5.36719
状态划分算法运行时间(ms) ： 52.6237
---------------------------------
流分布如下: 
---------------------------------
0   0   0   0   0   3   0   0   
0   0   0   0   0   0   0   0   
0   0   0   0   0   0   0   0   
3   0   0   0   0   25  0   0   
0   0   0   0   0   0   8   20  
0   0   0   0   0   0   0   0   
0   0   0   8   0   0   0   0   
0   0   0   20  0   0   0   0   
---------------------------------
关键边输出如下：
---------------------------------
14   A         8         0.57003   0.582076  
9    A         8         0.57003   0.737607  
6    A         10        0         0         
12   A         20        0.743809  0.743809  
8    A         20        0.743809  0.743809  
3    A         25        0.455302  0.455302  
1    A         25        0.455302  0.455302  
2    C         28        0.130293  0.130293  
4    C         28        0.130293  0.130293  
5    C         28        0.130293  0.130293  
7    C         28        0.130293  0.130293  
10   C         28        0.130293  0.130293  
11   C         28        0.130293  0.130293  
13   C         28        0.130293  0.130293  
---------------------------------
---------------------------------

5--6最大流值为：28
最可靠最大流分布概率为 ： 0.130293
状态划分算法消耗的内存为：6.46094
状态划分算法运行时间(ms) ： 52.9445
---------------------------------
流分布如下: 
---------------------------------
0   0   0   0   0   3   0   0   
0   0   0   0   0   0   0   0   
0   0   0   0   0   0   0   0   
3   0   0   0   0   25  0   0   
0   0   0   0   0   0   8   20  
0   0   0   0   0   0   0   0   
0   0   0   8   0   0   0   0   
0   0   0   20  0   0   0   0   
---------------------------------
关键边输出如下：
---------------------------------
14   A         8         0.57003   0.582076  
9    A         8         0.57003   0.737607  
6    A         10        0         0         
12   A         20        0.743809  0.743809  
8    A         20        0.743809  0.743809  
3    A         25        0.455302  0.455302  
1    A         25        0.455302  0.455302  
2    C         28        0.130293  0.130293  
4    C         28        0.130293  0.130293  
5    C         28        0.130293  0.130293  
7    C         28        0.130293  0.130293  
10   C         28        0.130293  0.130293  
11   C         28        0.130293  0.130293  
13   C         28        0.130293  0.130293  
---------------------------------
---------------------------------

5--6最大流值为：28
最可靠最大流分布概率为 ： 0.130293
状态划分算法消耗的内存为：6.42188
状态划分算法运行时间(ms) ： 54.9458
---------------------------------
流分布如下: 
---------------------------------
0   0   0   0   0   3   0   0   
0   0   0   0   0   0   0   0   
0   0   0   0   0   0   0   0   
3   0   0   0   0   25  0   0   
0   0   0   0   0   0   8   20  
0   0   0   0   0   0   0   0   
0   0   0   8   0   0   0   0   
0   0   0   20  0   0   0   0   
---------------------------------
关键边输出如下：
---------------------------------
14   A         8         0.57003   0.582076  
9    A         8         0.57003   0.737607  
6    A         10        0         0         
12   A         20        0.743809  0.743809  
8    A         20        0.743809  0.743809  
3    A         25        0.455302  0.455302  
1    A         25        0.455302  0.455302  
2    C         28        0.130293  0.130293  
4    C         28        0.130293  0.130293  
5    C         28        0.130293  0.130293  
7    C         28        0.130293  0.130293  
10   C         28        0.130293  0.130293  
11   C         28        0.130293  0.130293  
13   C         28        0.130293  0.130293  
---------------------------------
---------------------------------

5--6最大流值为：28
最可靠最大流分布概率为 ： 0.130293
状态划分算法消耗的内存为：6.46484
状态划分算法运行时间(ms) ： 50.6439
---------------------------------
流分布如下: 
---------------------------------
0   0   0   0   0   3   0   0   
0   0   0   0   0   0   0   0   
0   0   0   0   0   0   0   0   
3   0   0   0   0   25  0   0   
0   0   0   0   0   0   8   20  
0   0   0   0   0   0   0   0   
0   0   0   8   0   0   0   0   
0   0   0   20  0   0   0   0   
---------------------------------
关键边输出如下：
---------------------------------
14   A         8         0.57003   0.582076  
9    A         8         0.57003   0.737607  
6    A         10        0         0         
12   A         20        0.743809  0.743809  
8    A         20        0.743809  0.743809  
3    A         25        0.455302  0.455302  
1    A         25        0.455302  0.455302  
2    C         28        0.130293  0.130293  
4    C         28        0.130293  0.130293  
5    C         28        0.130293  0.130293  
7    C         28        0.130293  0.130293  
10   C         28        0.130293  0.130293  
11   C         28        0.130293  0.130293  
13   C         28        0.130293  0.130293  
---------------------------------
---------------------------------

5--6最大流值为：28
最可靠最大流分布概率为 ： 0.130293
状态划分算法消耗的内存为：5.38281
状态划分算法运行时间(ms) ： 56.1339
---------------------------------
流分布如下: 
---------------------------------
0   0   0   0   0   3   0   0   
0   0   0   0   0   0   0   0   
0   0   0   0   0   0   0   0   
3   0   0   0   0   25  0   0   
0   0   0   0   0   0   8   20  
0   0   0   0   0   0   0   0   
0   0   0   8   0   0   0   0   
0   0   0   20  0   0   0   0   
---------------------------------
关键边输出如下：
---------------------------------
14   A         8         0.57003   0.582076  
9    A         8         0.57003   0.737607  
6    A         10        0         0         
12   A         20        0.743809  0.743809  
8    A         20        0.743809  0.743809  
3    A         25        0.455302  0.455302  
1    A         25        0.455302  0.455302  
2    C         28        0.130293  0.130293  
4    C         28        0.130293  0.130293  
5    C         28        0.130293  0.130293  
7    C         28        0.130293  0.130293  
10   C         28        0.130293  0.130293  
11   C         28        0.130293  0.130293  
13   C         28        0.130293  0.130293  
---------------------------------
---------------------------------

5--6最大流值为：28
最可靠最大流分布概率为 ： 0.130293
状态划分算法消耗的内存为：6.45313
状态划分算法运行时间(ms) ： 50.4655
---------------------------------
流分布如下: 
---------------------------------
0   0   0   0   0   3   0   0   
0   0   0   0   0   0   0   0   
0   0   0   0   0   0   0   0   
3   0   0   0   0   25  0   0   
0   0   0   0   0   0   8   20  
0   0   0   0   0   0   0   0   
0   0   0   8   0   0   0   0   
0   0   0   20  0   0   0   0   
---------------------------------
关键边输出如下：
---------------------------------
14   A         8         0.57003   0.582076  
9    A         8         0.57003   0.737607  
6    A         10        0         0         
12   A         20        0.743809  0.743809  
8    A         20        0.743809  0.743809  
3    A         25        0.455302  0.455302  
1    A         25        0.455302  0.455302  
2    C         28        0.130293  0.130293  
4    C         28        0.130293  0.130293  
5    C         28        0.130293  0.130293  
7    C         28        0.130293  0.130293  
10   C         28        0.130293  0.130293  
11   C         28        0.130293  0.130293  
13   C         28        0.130293  0.130293  
---------------------------------
---------------------------------

5--6最大流值为：28
最可靠最大流分布概率为 ： 0.130293
状态划分算法消耗的内存为：6.46875
状态划分算法运行时间(ms) ： 50.1274
---------------------------------
流分布如下: 
---------------------------------
0   0   0   0   0   3   0   0   
0   0   0   0   0   0   0   0   
0   0   0   0   0   0   0   0   
3   0   0   0   0   25  0   0   
0   0   0   0   0   0   8   20  
0   0   0   0   0   0   0   0   
0   0   0   8   0   0   0   0   
0   0   0   20  0   0   0   0   
---------------------------------
关键边输出如下：
---------------------------------
14   A         8         0.57003   0.582076  
9    A         8         0.57003   0.737607  
6    A         10        0         0         
12   A         20        0.743809  0.743809  
8    A         20        0.743809  0.743809  
3    A         25        0.455302  0.455302  
1    A         25        0.455302  0.455302  
2    C         28        0.130293  0.130293  
4    C         28        0.130293  0.130293  
5    C         28        0.130293  0.130293  
7    C         28        0.130293  0.130293  
10   C         28        0.130293  0.130293  
11   C         28        0.130293  0.130293  
13   C         28        0.130293  0.130293  
---------------------------------
---------------------------------

5--6最大流值为：28
最可靠最大流分布概率为 ： 0.130293
状态划分算法消耗的内存为：6.47656
状态划分算法运行时间(ms) ： 53.4987
---------------------------------
流分布如下: 
---------------------------------
0   0   0   0   0   3   0   0   
0   0   0   0   0   0   0   0   
0   0   0   0   0   0   0   0   
3   0   0   0   0   25  0   0   
0   0   0   0   0   0   8   20  
0   0   0   0   0   0   0   0   
0   0   0   8   0   0   0   0   
0   0   0   20  0   0   0   0   
---------------------------------
关键边输出如下：
---------------------------------
14   A         8         0.57003   0.582076  
9    A         8         0.57003   0.737607  
6    A         10        0         0         
12   A         20        0.743809  0.743809  
8    A         20        0.743809  0.743809  
3    A         25        0.455302  0.455302  
1    A         25        0.455302  0.455302  
2    C         28        0.130293  0.130293  
4    C         28        0.130293  0.130293  
5    C         28        0.130293  0.130293  
7    C         28        0.130293  0.130293  
10   C         28        0.130293  0.130293  
11   C         28        0.130293  0.130293  
13   C         28        0.130293  0.130293  
---------------------------------
---------------------------------

5--6最大流值为：28
最可靠最大流分布概率为 ： 0.130293
状态划分算法消耗的内存为：5.34766
状态划分算法运行时间(ms) ： 52.6074
---------------------------------
流分布如下: 
---------------------------------
0   0   0   0   0   3   0   0   
0   0   0   0   0   0   0   0   
0   0   0   0   0   0   0   0   
3   0   0   0   0   25  0   0   
0   0   0   0   0   0   8   20  
0   0   0   0   0   0   0   0   
0   0   0   8   0   0   0   0   
0   0   0   20  0   0   0   0   
---------------------------------
关键边输出如下：
---------------------------------
14   A         8         0.57003   0.582076  
9    A         8         0.57003   0.737607  
6    A         10        0         0         
12   A         20        0.743809  0.743809  
8    A         20        0.743809  0.743809  
3    A         25        0.455302  0.455302  
1    A         25        0.455302  0.455302  
2    C         28        0.130293  0.130293  
4    C         28        0.130293  0.130293  
5    C         28        0.130293  0.130293  
7    C         28        0.130293  0.130293  
10   C         28        0.130293  0.130293  
11   C         28        0.130293  0.130293  
13   C         28        0.130293  0.130293  
---------------------------------
---------------------------------

5--6最大流值为：28
最可靠最大流分布概率为 ： 0.130293
状态划分算法消耗的内存为：6.46875
状态划分算法运行时间(ms) ： 52.8154
---------------------------------
流分布如下: 
---------------------------------
0   0   0   0   0   3   0   0   
0   0   0   0   0   0   0   0   
0   0   0   0   0   0   0   0   
3   0   0   0   0   25  0   0   
0   0   0   0   0   0   8   20  
0   0   0   0   0   0   0   0   
0   0   0   8   0   0   0   0   
0   0   0   20  0   0   0   0   
---------------------------------
关键边输出如下：
---------------------------------
14   A         8         0.57003   0.582076  
9    A         8         0.57003   0.737607  
6    A         10        0         0         
12   A         20        0.743809  0.743809  
8    A         20        0.743809  0.743809  
3    A         25        0.455302  0.455302  
1    A         25        0.455302  0.455302  
2    C         28        0.130293  0.130293  
4    C         28        0.130293  0.130293  
5    C         28        0.130293  0.130293  
7    C         28        0.130293  0.130293  
10   C         28        0.130293  0.130293  
11   C         28        0.130293  0.130293  
13   C         28        0.130293  0.130293  
---------------------------------
---------------------------------

5--6最大流值为：28
最可靠最大流分布概率为 ： 0.130293
状态划分算法消耗的内存为：6.45703
状态划分算法运行时间(ms) ： 47.1931
---------------------------------
流分布如下: 
---------------------------------
0   0   0   0   0   3   0   0   
0   0   0   0   0   0   0   0   
0   0   0   0   0   0   0   0   
3   0   0   0   0   25  0   0   
0   0   0   0   0   0   8   20  
0   0   0   0   0   0   0   0   
0   0   0   8   0   0   0   0   
0   0   0   20  0   0   0   0   
---------------------------------
关键边输出如下：
---------------------------------
14   A         8         0.57003   0.582076  
9    A         8         0.57003   0.737607  
6    A         10        0         0         
12   A         20        0.743809  0.743809  
8    A         20        0.743809  0.743809  
3    A         25        0.455302  0.455302  
1    A         25        0.455302  0.455302  
2    C         28        0.130293  0.130293  
4    C         28        0.130293  0.130293  
5    C         28        0.130293  0.130293  
7    C         28        0.130293  0.130293  
10   C         28        0.130293  0.130293  
11   C         28        0.130293  0.130293  
13   C         28        0.130293  0.130293  
---------------------------------
---------------------------------

