4--8最大流值为：30
最可靠最大流分布概率为 ： 0.501316
状态划分算法消耗的内存为：20.9023
状态划分算法运行时间(ms) ： 71.2695
---------------------------------
流分布如下: 
---------------------------------
0   0   0   0   0   0   0   0   
0   0   0   0   30  0   0   0   
0   0   0   0   0   0   0   0   
0   30  0   0   0   0   0   0   
0   0   0   0   0   0   0   30  
0   0   0   0   0   0   0   0   
0   0   0   0   0   0   0   0   
0   0   0   0   0   0   0   0   
---------------------------------
关键边输出如下：
---------------------------------
11   A         0         0         0         
5    A         29        0         0         
9    B         30        0.122916  0.0382917 
1    b         30        0.501316  0.435398  
2    b         30        0.501316  0.616663  
6    b         30        0.501316  0.885318  
7    b         30        0.501316  0.970781  
8    b         30        0.501316  1.03717   
10   b         30        0.501316  1.1023    
12   b         30        0.501316  1.32175   
13   b         30        0.501316  1.37428   
3    C         30        0.501316  0.538107  
4    C         30        0.501316  0.538107  
14   C         30        0.501316  0.538107  
---------------------------------
---------------------------------

4--8最大流值为：30
最可靠最大流分布概率为 ： 0.501316
状态划分算法消耗的内存为：5.80469
状态划分算法运行时间(ms) ： 72.9716
---------------------------------
流分布如下: 
---------------------------------
0   0   0   0   0   0   0   0   
0   0   0   0   30  0   0   0   
0   0   0   0   0   0   0   0   
0   30  0   0   0   0   0   0   
0   0   0   0   0   0   0   30  
0   0   0   0   0   0   0   0   
0   0   0   0   0   0   0   0   
0   0   0   0   0   0   0   0   
---------------------------------
关键边输出如下：
---------------------------------
11   A         0         0         0         
5    A         29        0         0         
9    B         30        0.122916  0.0382917 
1    b         30        0.501316  0.435398  
2    b         30        0.501316  0.616663  
6    b         30        0.501316  0.885318  
7    b         30        0.501316  0.970781  
8    b         30        0.501316  1.03717   
10   b         30        0.501316  1.1023    
12   b         30        0.501316  1.32175   
13   b         30        0.501316  1.37428   
3    C         30        0.501316  0.538107  
4    C         30        0.501316  0.538107  
14   C         30        0.501316  0.538107  
---------------------------------
---------------------------------

4--8最大流值为：30
最可靠最大流分布概率为 ： 0.501316
状态划分算法消耗的内存为：6.38672
状态划分算法运行时间(ms) ： 97.6444
---------------------------------
流分布如下: 
---------------------------------
0   0   0   0   0   0   0   0   
0   0   0   0   30  0   0   0   
0   0   0   0   0   0   0   0   
0   30  0   0   0   0   0   0   
0   0   0   0   0   0   0   30  
0   0   0   0   0   0   0   0   
0   0   0   0   0   0   0   0   
0   0   0   0   0   0   0   0   
---------------------------------
关键边输出如下：
---------------------------------
11   A         0         0         0         
5    A         29        0         0         
9    B         30        0.122916  0.0382917 
1    b         30        0.501316  0.435398  
2    b         30        0.501316  0.616663  
6    b         30        0.501316  0.885318  
7    b         30        0.501316  0.970781  
8    b         30        0.501316  1.03717   
10   b         30        0.501316  1.1023    
12   b         30        0.501316  1.32175   
13   b         30        0.501316  1.37428   
3    C         30        0.501316  0.538107  
4    C         30        0.501316  0.538107  
14   C         30        0.501316  0.538107  
---------------------------------
---------------------------------

4--8最大流值为：30
最可靠最大流分布概率为 ： 0.501316
状态划分算法消耗的内存为：6.42969
状态划分算法运行时间(ms) ： 109.99
---------------------------------
流分布如下: 
---------------------------------
0   0   0   0   0   0   0   0   
0   0   0   0   30  0   0   0   
0   0   0   0   0   0   0   0   
0   30  0   0   0   0   0   0   
0   0   0   0   0   0   0   30  
0   0   0   0   0   0   0   0   
0   0   0   0   0   0   0   0   
0   0   0   0   0   0   0   0   
---------------------------------
关键边输出如下：
---------------------------------
11   A         0         0         0         
5    A         29        0         0         
9    B         30        0.122916  0.0382917 
1    b         30        0.501316  0.435398  
2    b         30        0.501316  0.616663  
6    b         30        0.501316  0.885318  
7    b         30        0.501316  0.970781  
8    b         30        0.501316  1.03717   
10   b         30        0.501316  1.1023    
12   b         30        0.501316  1.32175   
13   b         30        0.501316  1.37428   
3    C         30        0.501316  0.538107  
4    C         30        0.501316  0.538107  
14   C         30        0.501316  0.538107  
---------------------------------
---------------------------------

4--8最大流值为：30
最可靠最大流分布概率为 ： 0.501316
状态划分算法消耗的内存为：6.41016
状态划分算法运行时间(ms) ： 109.518
---------------------------------
流分布如下: 
---------------------------------
0   0   0   0   0   0   0   0   
0   0   0   0   30  0   0   0   
0   0   0   0   0   0   0   0   
0   30  0   0   0   0   0   0   
0   0   0   0   0   0   0   30  
0   0   0   0   0   0   0   0   
0   0   0   0   0   0   0   0   
0   0   0   0   0   0   0   0   
---------------------------------
关键边输出如下：
---------------------------------
11   A         0         0         0         
5    A         29        0         0         
9    B         30        0.122916  0.0382917 
1    b         30        0.501316  0.435398  
2    b         30        0.501316  0.616663  
6    b         30        0.501316  0.885318  
7    b         30        0.501316  0.970781  
8    b         30        0.501316  1.03717   
10   b         30        0.501316  1.1023    
12   b         30        0.501316  1.32175   
13   b         30        0.501316  1.37428   
3    C         30        0.501316  0.538107  
4    C         30        0.501316  0.538107  
14   C         30        0.501316  0.538107  
---------------------------------
---------------------------------

4--8最大流值为：30
最可靠最大流分布概率为 ： 0.501316
状态划分算法消耗的内存为：5.38281
状态划分算法运行时间(ms) ： 108.546
---------------------------------
流分布如下: 
---------------------------------
0   0   0   0   0   0   0   0   
0   0   0   0   30  0   0   0   
0   0   0   0   0   0   0   0   
0   30  0   0   0   0   0   0   
0   0   0   0   0   0   0   30  
0   0   0   0   0   0   0   0   
0   0   0   0   0   0   0   0   
0   0   0   0   0   0   0   0   
---------------------------------
关键边输出如下：
---------------------------------
11   A         0         0         0         
5    A         29        0         0         
9    B         30        0.122916  0.0382917 
1    b         30        0.501316  0.435398  
2    b         30        0.501316  0.616663  
6    b         30        0.501316  0.885318  
7    b         30        0.501316  0.970781  
8    b         30        0.501316  1.03717   
10   b         30        0.501316  1.1023    
12   b         30        0.501316  1.32175   
13   b         30        0.501316  1.37428   
3    C         30        0.501316  0.538107  
4    C         30        0.501316  0.538107  
14   C         30        0.501316  0.538107  
---------------------------------
---------------------------------

4--8最大流值为：30
最可靠最大流分布概率为 ： 0.501316
状态划分算法消耗的内存为：6.42969
状态划分算法运行时间(ms) ： 113.779
---------------------------------
流分布如下: 
---------------------------------
0   0   0   0   0   0   0   0   
0   0   0   0   30  0   0   0   
0   0   0   0   0   0   0   0   
0   30  0   0   0   0   0   0   
0   0   0   0   0   0   0   30  
0   0   0   0   0   0   0   0   
0   0   0   0   0   0   0   0   
0   0   0   0   0   0   0   0   
---------------------------------
关键边输出如下：
---------------------------------
11   A         0         0         0         
5    A         29        0         0         
9    B         30        0.122916  0.0382917 
1    b         30        0.501316  0.435398  
2    b         30        0.501316  0.616663  
6    b         30        0.501316  0.885318  
7    b         30        0.501316  0.970781  
8    b         30        0.501316  1.03717   
10   b         30        0.501316  1.1023    
12   b         30        0.501316  1.32175   
13   b         30        0.501316  1.37428   
3    C         30        0.501316  0.538107  
4    C         30        0.501316  0.538107  
14   C         30        0.501316  0.538107  
---------------------------------
---------------------------------

4--8最大流值为：30
最可靠最大流分布概率为 ： 0.501316
状态划分算法消耗的内存为：6.48047
状态划分算法运行时间(ms) ： 127.69
---------------------------------
流分布如下: 
---------------------------------
0   0   0   0   0   0   0   0   
0   0   0   0   30  0   0   0   
0   0   0   0   0   0   0   0   
0   30  0   0   0   0   0   0   
0   0   0   0   0   0   0   30  
0   0   0   0   0   0   0   0   
0   0   0   0   0   0   0   0   
0   0   0   0   0   0   0   0   
---------------------------------
关键边输出如下：
---------------------------------
11   A         0         0         0         
5    A         29        0         0         
9    B         30        0.122916  0.0382917 
1    b         30        0.501316  0.435398  
2    b         30        0.501316  0.616663  
6    b         30        0.501316  0.885318  
7    b         30        0.501316  0.970781  
8    b         30        0.501316  1.03717   
10   b         30        0.501316  1.1023    
12   b         30        0.501316  1.32175   
13   b         30        0.501316  1.37428   
3    C         30        0.501316  0.538107  
4    C         30        0.501316  0.538107  
14   C         30        0.501316  0.538107  
---------------------------------
---------------------------------

4--8最大流值为：30
最可靠最大流分布概率为 ： 0.501316
状态划分算法消耗的内存为：6.42969
状态划分算法运行时间(ms) ： 126.46
---------------------------------
流分布如下: 
---------------------------------
0   0   0   0   0   0   0   0   
0   0   0   0   30  0   0   0   
0   0   0   0   0   0   0   0   
0   30  0   0   0   0   0   0   
0   0   0   0   0   0   0   30  
0   0   0   0   0   0   0   0   
0   0   0   0   0   0   0   0   
0   0   0   0   0   0   0   0   
---------------------------------
关键边输出如下：
---------------------------------
11   A         0         0         0         
5    A         29        0         0         
9    B         30        0.122916  0.0382917 
1    b         30        0.501316  0.435398  
2    b         30        0.501316  0.616663  
6    b         30        0.501316  0.885318  
7    b         30        0.501316  0.970781  
8    b         30        0.501316  1.03717   
10   b         30        0.501316  1.1023    
12   b         30        0.501316  1.32175   
13   b         30        0.501316  1.37428   
3    C         30        0.501316  0.538107  
4    C         30        0.501316  0.538107  
14   C         30        0.501316  0.538107  
---------------------------------
---------------------------------

4--8最大流值为：30
最可靠最大流分布概率为 ： 0.501316
状态划分算法消耗的内存为：6.48438
状态划分算法运行时间(ms) ： 139.444
---------------------------------
流分布如下: 
---------------------------------
0   0   0   0   0   0   0   0   
0   0   0   0   30  0   0   0   
0   0   0   0   0   0   0   0   
0   30  0   0   0   0   0   0   
0   0   0   0   0   0   0   30  
0   0   0   0   0   0   0   0   
0   0   0   0   0   0   0   0   
0   0   0   0   0   0   0   0   
---------------------------------
关键边输出如下：
---------------------------------
11   A         0         0         0         
5    A         29        0         0         
9    B         30        0.122916  0.0382917 
1    b         30        0.501316  0.435398  
2    b         30        0.501316  0.616663  
6    b         30        0.501316  0.885318  
7    b         30        0.501316  0.970781  
8    b         30        0.501316  1.03717   
10   b         30        0.501316  1.1023    
12   b         30        0.501316  1.32175   
13   b         30        0.501316  1.37428   
3    C         30        0.501316  0.538107  
4    C         30        0.501316  0.538107  
14   C         30        0.501316  0.538107  
---------------------------------
---------------------------------

4--8最大流值为：30
最可靠最大流分布概率为 ： 0.501316
状态划分算法消耗的内存为：6.45703
状态划分算法运行时间(ms) ： 142.485
---------------------------------
流分布如下: 
---------------------------------
0   0   0   0   0   0   0   0   
0   0   0   0   30  0   0   0   
0   0   0   0   0   0   0   0   
0   30  0   0   0   0   0   0   
0   0   0   0   0   0   0   30  
0   0   0   0   0   0   0   0   
0   0   0   0   0   0   0   0   
0   0   0   0   0   0   0   0   
---------------------------------
关键边输出如下：
---------------------------------
11   A         0         0         0         
5    A         29        0         0         
9    B         30        0.122916  0.0382917 
1    b         30        0.501316  0.435398  
2    b         30        0.501316  0.616663  
6    b         30        0.501316  0.885318  
7    b         30        0.501316  0.970781  
8    b         30        0.501316  1.03717   
10   b         30        0.501316  1.1023    
12   b         30        0.501316  1.32175   
13   b         30        0.501316  1.37428   
3    C         30        0.501316  0.538107  
4    C         30        0.501316  0.538107  
14   C         30        0.501316  0.538107  
---------------------------------
---------------------------------

4--8最大流值为：30
最可靠最大流分布概率为 ： 0.501316
状态划分算法消耗的内存为：7.35547
状态划分算法运行时间(ms) ： 142.813
---------------------------------
流分布如下: 
---------------------------------
0   0   0   0   0   0   0   0   
0   0   0   0   30  0   0   0   
0   0   0   0   0   0   0   0   
0   30  0   0   0   0   0   0   
0   0   0   0   0   0   0   30  
0   0   0   0   0   0   0   0   
0   0   0   0   0   0   0   0   
0   0   0   0   0   0   0   0   
---------------------------------
关键边输出如下：
---------------------------------
11   A         0         0         0         
5    A         29        0         0         
9    B         30        0.122916  0.0382917 
1    b         30        0.501316  0.435398  
2    b         30        0.501316  0.616663  
6    b         30        0.501316  0.885318  
7    b         30        0.501316  0.970781  
8    b         30        0.501316  1.03717   
10   b         30        0.501316  1.1023    
12   b         30        0.501316  1.32175   
13   b         30        0.501316  1.37428   
3    C         30        0.501316  0.538107  
4    C         30        0.501316  0.538107  
14   C         30        0.501316  0.538107  
---------------------------------
---------------------------------

4--8最大流值为：30
最可靠最大流分布概率为 ： 0.501316
状态划分算法消耗的内存为：6.47266
状态划分算法运行时间(ms) ： 145.455
---------------------------------
流分布如下: 
---------------------------------
0   0   0   0   0   0   0   0   
0   0   0   0   30  0   0   0   
0   0   0   0   0   0   0   0   
0   30  0   0   0   0   0   0   
0   0   0   0   0   0   0   30  
0   0   0   0   0   0   0   0   
0   0   0   0   0   0   0   0   
0   0   0   0   0   0   0   0   
---------------------------------
关键边输出如下：
---------------------------------
11   A         0         0         0         
5    A         29        0         0         
9    B         30        0.122916  0.0382917 
1    b         30        0.501316  0.435398  
2    b         30        0.501316  0.616663  
6    b         30        0.501316  0.885318  
7    b         30        0.501316  0.970781  
8    b         30        0.501316  1.03717   
10   b         30        0.501316  1.1023    
12   b         30        0.501316  1.32175   
13   b         30        0.501316  1.37428   
3    C         30        0.501316  0.538107  
4    C         30        0.501316  0.538107  
14   C         30        0.501316  0.538107  
---------------------------------
---------------------------------

4--8最大流值为：30
最可靠最大流分布概率为 ： 0.501316
状态划分算法消耗的内存为：6.46094
状态划分算法运行时间(ms) ： 143.814
---------------------------------
流分布如下: 
---------------------------------
0   0   0   0   0   0   0   0   
0   0   0   0   30  0   0   0   
0   0   0   0   0   0   0   0   
0   30  0   0   0   0   0   0   
0   0   0   0   0   0   0   30  
0   0   0   0   0   0   0   0   
0   0   0   0   0   0   0   0   
0   0   0   0   0   0   0   0   
---------------------------------
关键边输出如下：
---------------------------------
11   A         0         0         0         
5    A         29        0         0         
9    B         30        0.122916  0.0382917 
1    b         30        0.501316  0.435398  
2    b         30        0.501316  0.616663  
6    b         30        0.501316  0.885318  
7    b         30        0.501316  0.970781  
8    b         30        0.501316  1.03717   
10   b         30        0.501316  1.1023    
12   b         30        0.501316  1.32175   
13   b         30        0.501316  1.37428   
3    C         30        0.501316  0.538107  
4    C         30        0.501316  0.538107  
14   C         30        0.501316  0.538107  
---------------------------------
---------------------------------

4--8最大流值为：30
最可靠最大流分布概率为 ： 0.501316
状态划分算法消耗的内存为：6.45703
状态划分算法运行时间(ms) ： 149.293
---------------------------------
流分布如下: 
---------------------------------
0   0   0   0   0   0   0   0   
0   0   0   0   30  0   0   0   
0   0   0   0   0   0   0   0   
0   30  0   0   0   0   0   0   
0   0   0   0   0   0   0   30  
0   0   0   0   0   0   0   0   
0   0   0   0   0   0   0   0   
0   0   0   0   0   0   0   0   
---------------------------------
关键边输出如下：
---------------------------------
11   A         0         0         0         
5    A         29        0         0         
9    B         30        0.122916  0.0382917 
1    b         30        0.501316  0.435398  
2    b         30        0.501316  0.616663  
6    b         30        0.501316  0.885318  
7    b         30        0.501316  0.970781  
8    b         30        0.501316  1.03717   
10   b         30        0.501316  1.1023    
12   b         30        0.501316  1.32175   
13   b         30        0.501316  1.37428   
3    C         30        0.501316  0.538107  
4    C         30        0.501316  0.538107  
14   C         30        0.501316  0.538107  
---------------------------------
---------------------------------

4--8最大流值为：30
最可靠最大流分布概率为 ： 0.501316
状态划分算法消耗的内存为：6.45703
状态划分算法运行时间(ms) ： 143.834
---------------------------------
流分布如下: 
---------------------------------
0   0   0   0   0   0   0   0   
0   0   0   0   30  0   0   0   
0   0   0   0   0   0   0   0   
0   30  0   0   0   0   0   0   
0   0   0   0   0   0   0   30  
0   0   0   0   0   0   0   0   
0   0   0   0   0   0   0   0   
0   0   0   0   0   0   0   0   
---------------------------------
关键边输出如下：
---------------------------------
11   A         0         0         0         
5    A         29        0         0         
9    B         30        0.122916  0.0382917 
1    b         30        0.501316  0.435398  
2    b         30        0.501316  0.181266  
6    b         30        0.501316  0.273959  
7    b         30        0.501316  0.0854628 
8    b         30        0.501316  0.116395  
10   b         30        0.501316  0.0651284 
12   b         30        0.501316  0.21945   
13   b         30        0.501316  0.0547081 
3    C         30        0.501316  0.538107  
4    C         30        0.501316  0.538107  
14   C         30        0.501316  0.538107  
---------------------------------
---------------------------------

