3--2最大流值为：8
最可靠最大流分布概率为 ： 0.530255
状态划分算法消耗的内存为：20.8789
状态划分算法运行时间(ms) ： 41.1323
---------------------------------
流分布如下: 
---------------------------------
0   0   0   0   0   0   0   0   
0   0   0   0   0   0   0   0   
0   0   0   0   0   0   8   0   
0   0   0   0   0   0   0   0   
0   0   0   0   0   0   0   0   
0   8   0   0   0   0   0   0   
0   0   0   0   0   0   0   8   
0   0   0   0   0   8   0   0   
---------------------------------
关键边输出如下：
---------------------------------
8    A         0         0         0         
14   A         7         0         0         
6    B         8         0.383286  0.0335835 
12   B         8         0.464306  0.178996  
2    b         8         0.530255  0.133273  
5    b         8         0.530255  0.260544  
7    b         8         0.530255  0.375848  
10   b         8         0.530255  0.422826  
11   b         8         0.530255  0.49874   
1    C         8         0.530255  0.709251  
3    C         8         0.530255  0.709251  
4    C         8         0.530255  0.709251  
9    C         8         0.530255  0.709251  
13   C         8         0.530255  0.709251  
---------------------------------
---------------------------------

3--2最大流值为：8
最可靠最大流分布概率为 ： 0.530255
状态划分算法消耗的内存为：21.5938
状态划分算法运行时间(ms) ： 44.1025
---------------------------------
流分布如下: 
---------------------------------
0   0   0   0   0   0   0   0   
0   0   0   0   0   0   0   0   
0   0   0   0   0   0   8   0   
0   0   0   0   0   0   0   0   
0   0   0   0   0   0   0   0   
0   8   0   0   0   0   0   0   
0   0   0   0   0   0   0   8   
0   0   0   0   0   8   0   0   
---------------------------------
关键边输出如下：
---------------------------------
8    A         0         0         0         
14   A         7         0         0         
6    B         8         0.383286  0.0335835 
12   B         8         0.464306  0.178996  
2    b         8         0.530255  0.133273  
5    b         8         0.530255  0.260544  
7    b         8         0.530255  0.375848  
10   b         8         0.530255  0.422826  
11   b         8         0.530255  0.49874   
1    C         8         0.530255  0.709251  
3    C         8         0.530255  0.709251  
4    C         8         0.530255  0.709251  
9    C         8         0.530255  0.709251  
13   C         8         0.530255  0.709251  
---------------------------------
---------------------------------

3--2最大流值为：8
最可靠最大流分布概率为 ： 0.530255
状态划分算法消耗的内存为：6.41406
状态划分算法运行时间(ms) ： 64.074
---------------------------------
流分布如下: 
---------------------------------
0   0   0   0   0   0   0   0   
0   0   0   0   0   0   0   0   
0   0   0   0   0   0   8   0   
0   0   0   0   0   0   0   0   
0   0   0   0   0   0   0   0   
0   8   0   0   0   0   0   0   
0   0   0   0   0   0   0   8   
0   0   0   0   0   8   0   0   
---------------------------------
关键边输出如下：
---------------------------------
8    A         0         0         0         
14   A         7         0         0         
6    B         8         0.383286  0.0335835 
12   B         8         0.464306  0.178996  
2    b         8         0.530255  0.133273  
5    b         8         0.530255  0.260544  
7    b         8         0.530255  0.375848  
10   b         8         0.530255  0.422826  
11   b         8         0.530255  0.49874   
1    C         8         0.530255  0.709251  
3    C         8         0.530255  0.709251  
4    C         8         0.530255  0.709251  
9    C         8         0.530255  0.709251  
13   C         8         0.530255  0.709251  
---------------------------------
---------------------------------

3--2最大流值为：8
最可靠最大流分布概率为 ： 0.530255
状态划分算法消耗的内存为：6.39844
状态划分算法运行时间(ms) ： 77.3255
---------------------------------
流分布如下: 
---------------------------------
0   0   0   0   0   0   0   0   
0   0   0   0   0   0   0   0   
0   0   0   0   0   0   8   0   
0   0   0   0   0   0   0   0   
0   0   0   0   0   0   0   0   
0   8   0   0   0   0   0   0   
0   0   0   0   0   0   0   8   
0   0   0   0   0   8   0   0   
---------------------------------
关键边输出如下：
---------------------------------
8    A         0         0         0         
14   A         7         0         0         
6    B         8         0.383286  0.0335835 
12   B         8         0.464306  0.178996  
2    b         8         0.530255  0.133273  
5    b         8         0.530255  0.260544  
7    b         8         0.530255  0.375848  
10   b         8         0.530255  0.422826  
11   b         8         0.530255  0.49874   
1    C         8         0.530255  0.709251  
3    C         8         0.530255  0.709251  
4    C         8         0.530255  0.709251  
9    C         8         0.530255  0.709251  
13   C         8         0.530255  0.709251  
---------------------------------
---------------------------------

3--2最大流值为：8
最可靠最大流分布概率为 ： 0.530255
状态划分算法消耗的内存为：6.43359
状态划分算法运行时间(ms) ： 76.2802
---------------------------------
流分布如下: 
---------------------------------
0   0   0   0   0   0   0   0   
0   0   0   0   0   0   0   0   
0   0   0   0   0   0   8   0   
0   0   0   0   0   0   0   0   
0   0   0   0   0   0   0   0   
0   8   0   0   0   0   0   0   
0   0   0   0   0   0   0   8   
0   0   0   0   0   8   0   0   
---------------------------------
关键边输出如下：
---------------------------------
8    A         0         0         0         
14   A         7         0         0         
6    B         8         0.383286  0.0335835 
12   B         8         0.464306  0.178996  
2    b         8         0.530255  0.133273  
5    b         8         0.530255  0.260544  
7    b         8         0.530255  0.375848  
10   b         8         0.530255  0.422826  
11   b         8         0.530255  0.49874   
1    C         8         0.530255  0.709251  
3    C         8         0.530255  0.709251  
4    C         8         0.530255  0.709251  
9    C         8         0.530255  0.709251  
13   C         8         0.530255  0.709251  
---------------------------------
---------------------------------

3--2最大流值为：8
最可靠最大流分布概率为 ： 0.530255
状态划分算法消耗的内存为：6.40625
状态划分算法运行时间(ms) ： 83.6685
---------------------------------
流分布如下: 
---------------------------------
0   0   0   0   0   0   0   0   
0   0   0   0   0   0   0   0   
0   0   0   0   0   0   8   0   
0   0   0   0   0   0   0   0   
0   0   0   0   0   0   0   0   
0   8   0   0   0   0   0   0   
0   0   0   0   0   0   0   8   
0   0   0   0   0   8   0   0   
---------------------------------
关键边输出如下：
---------------------------------
8    A         0         0         0         
14   A         7         0         0         
6    B         8         0.383286  0.0335835 
12   B         8         0.464306  0.178996  
2    b         8         0.530255  0.133273  
5    b         8         0.530255  0.260544  
7    b         8         0.530255  0.375848  
10   b         8         0.530255  0.422826  
11   b         8         0.530255  0.49874   
1    C         8         0.530255  0.709251  
3    C         8         0.530255  0.709251  
4    C         8         0.530255  0.709251  
9    C         8         0.530255  0.709251  
13   C         8         0.530255  0.709251  
---------------------------------
---------------------------------

3--2最大流值为：8
最可靠最大流分布概率为 ： 0.530255
状态划分算法消耗的内存为：6.39844
状态划分算法运行时间(ms) ： 80.5963
---------------------------------
流分布如下: 
---------------------------------
0   0   0   0   0   0   0   0   
0   0   0   0   0   0   0   0   
0   0   0   0   0   0   8   0   
0   0   0   0   0   0   0   0   
0   0   0   0   0   0   0   0   
0   8   0   0   0   0   0   0   
0   0   0   0   0   0   0   8   
0   0   0   0   0   8   0   0   
---------------------------------
关键边输出如下：
---------------------------------
8    A         0         0         0         
14   A         7         0         0         
6    B         8         0.383286  0.0335835 
12   B         8         0.464306  0.178996  
2    b         8         0.530255  0.133273  
5    b         8         0.530255  0.260544  
7    b         8         0.530255  0.375848  
10   b         8         0.530255  0.422826  
11   b         8         0.530255  0.49874   
1    C         8         0.530255  0.709251  
3    C         8         0.530255  0.709251  
4    C         8         0.530255  0.709251  
9    C         8         0.530255  0.709251  
13   C         8         0.530255  0.709251  
---------------------------------
---------------------------------

3--2最大流值为：8
最可靠最大流分布概率为 ： 0.530255
状态划分算法消耗的内存为：6.39844
状态划分算法运行时间(ms) ： 80.6739
---------------------------------
流分布如下: 
---------------------------------
0   0   0   0   0   0   0   0   
0   0   0   0   0   0   0   0   
0   0   0   0   0   0   8   0   
0   0   0   0   0   0   0   0   
0   0   0   0   0   0   0   0   
0   8   0   0   0   0   0   0   
0   0   0   0   0   0   0   8   
0   0   0   0   0   8   0   0   
---------------------------------
关键边输出如下：
---------------------------------
8    A         0         0         0         
14   A         7         0         0         
6    B         8         0.383286  0.0335835 
12   B         8         0.464306  0.178996  
2    b         8         0.530255  0.133273  
5    b         8         0.530255  0.260544  
7    b         8         0.530255  0.375848  
10   b         8         0.530255  0.422826  
11   b         8         0.530255  0.49874   
1    C         8         0.530255  0.709251  
3    C         8         0.530255  0.709251  
4    C         8         0.530255  0.709251  
9    C         8         0.530255  0.709251  
13   C         8         0.530255  0.709251  
---------------------------------
---------------------------------

3--2最大流值为：8
最可靠最大流分布概率为 ： 0.530255
状态划分算法消耗的内存为：6.41406
状态划分算法运行时间(ms) ： 78.0264
---------------------------------
流分布如下: 
---------------------------------
0   0   0   0   0   0   0   0   
0   0   0   0   0   0   0   0   
0   0   0   0   0   0   8   0   
0   0   0   0   0   0   0   0   
0   0   0   0   0   0   0   0   
0   8   0   0   0   0   0   0   
0   0   0   0   0   0   0   8   
0   0   0   0   0   8   0   0   
---------------------------------
关键边输出如下：
---------------------------------
8    A         0         0         0         
14   A         7         0         0         
6    B         8         0.383286  0.0335835 
12   B         8         0.464306  0.178996  
2    b         8         0.530255  0.133273  
5    b         8         0.530255  0.260544  
7    b         8         0.530255  0.375848  
10   b         8         0.530255  0.422826  
11   b         8         0.530255  0.49874   
1    C         8         0.530255  0.709251  
3    C         8         0.530255  0.709251  
4    C         8         0.530255  0.709251  
9    C         8         0.530255  0.709251  
13   C         8         0.530255  0.709251  
---------------------------------
---------------------------------

3--2最大流值为：8
最可靠最大流分布概率为 ： 0.530255
状态划分算法消耗的内存为：6.42188
状态划分算法运行时间(ms) ： 88.5941
---------------------------------
流分布如下: 
---------------------------------
0   0   0   0   0   0   0   0   
0   0   0   0   0   0   0   0   
0   0   0   0   0   0   8   0   
0   0   0   0   0   0   0   0   
0   0   0   0   0   0   0   0   
0   8   0   0   0   0   0   0   
0   0   0   0   0   0   0   8   
0   0   0   0   0   8   0   0   
---------------------------------
关键边输出如下：
---------------------------------
8    A         0         0         0         
14   A         7         0         0         
6    B         8         0.383286  0.0335835 
12   B         8         0.464306  0.178996  
2    b         8         0.530255  0.133273  
5    b         8         0.530255  0.260544  
7    b         8         0.530255  0.375848  
10   b         8         0.530255  0.422826  
11   b         8         0.530255  0.49874   
1    C         8         0.530255  0.709251  
3    C         8         0.530255  0.709251  
4    C         8         0.530255  0.709251  
9    C         8         0.530255  0.709251  
13   C         8         0.530255  0.709251  
---------------------------------
---------------------------------

3--2最大流值为：8
最可靠最大流分布概率为 ： 0.530255
状态划分算法消耗的内存为：6.44531
状态划分算法运行时间(ms) ： 88.9838
---------------------------------
流分布如下: 
---------------------------------
0   0   0   0   0   0   0   0   
0   0   0   0   0   0   0   0   
0   0   0   0   0   0   8   0   
0   0   0   0   0   0   0   0   
0   0   0   0   0   0   0   0   
0   8   0   0   0   0   0   0   
0   0   0   0   0   0   0   8   
0   0   0   0   0   8   0   0   
---------------------------------
关键边输出如下：
---------------------------------
8    A         0         0         0         
14   A         7         0         0         
6    B         8         0.383286  0.0335835 
12   B         8         0.464306  0.178996  
2    b         8         0.530255  0.133273  
5    b         8         0.530255  0.260544  
7    b         8         0.530255  0.375848  
10   b         8         0.530255  0.422826  
11   b         8         0.530255  0.49874   
1    C         8         0.530255  0.709251  
3    C         8         0.530255  0.709251  
4    C         8         0.530255  0.709251  
9    C         8         0.530255  0.709251  
13   C         8         0.530255  0.709251  
---------------------------------
---------------------------------

3--2最大流值为：8
最可靠最大流分布概率为 ： 0.530255
状态划分算法消耗的内存为：6.42188
状态划分算法运行时间(ms) ： 95.0056
---------------------------------
流分布如下: 
---------------------------------
0   0   0   0   0   0   0   0   
0   0   0   0   0   0   0   0   
0   0   0   0   0   0   8   0   
0   0   0   0   0   0   0   0   
0   0   0   0   0   0   0   0   
0   8   0   0   0   0   0   0   
0   0   0   0   0   0   0   8   
0   0   0   0   0   8   0   0   
---------------------------------
关键边输出如下：
---------------------------------
8    A         0         0         0         
14   A         7         0         0         
6    B         8         0.383286  0.0335835 
12   B         8         0.464306  0.178996  
2    b         8         0.530255  0.133273  
5    b         8         0.530255  0.260544  
7    b         8         0.530255  0.375848  
10   b         8         0.530255  0.422826  
11   b         8         0.530255  0.49874   
1    C         8         0.530255  0.709251  
3    C         8         0.530255  0.709251  
4    C         8         0.530255  0.709251  
9    C         8         0.530255  0.709251  
13   C         8         0.530255  0.709251  
---------------------------------
---------------------------------

3--2最大流值为：8
最可靠最大流分布概率为 ： 0.530255
状态划分算法消耗的内存为：6.41406
状态划分算法运行时间(ms) ： 98.6124
---------------------------------
流分布如下: 
---------------------------------
0   0   0   0   0   0   0   0   
0   0   0   0   0   0   0   0   
0   0   0   0   0   0   8   0   
0   0   0   0   0   0   0   0   
0   0   0   0   0   0   0   0   
0   8   0   0   0   0   0   0   
0   0   0   0   0   0   0   8   
0   0   0   0   0   8   0   0   
---------------------------------
关键边输出如下：
---------------------------------
8    A         0         0         0         
14   A         7         0         0         
6    B         8         0.383286  0.0335835 
12   B         8         0.464306  0.178996  
2    b         8         0.530255  0.133273  
5    b         8         0.530255  0.260544  
7    b         8         0.530255  0.375848  
10   b         8         0.530255  0.422826  
11   b         8         0.530255  0.49874   
1    C         8         0.530255  0.709251  
3    C         8         0.530255  0.709251  
4    C         8         0.530255  0.709251  
9    C         8         0.530255  0.709251  
13   C         8         0.530255  0.709251  
---------------------------------
---------------------------------

3--2最大流值为：8
最可靠最大流分布概率为 ： 0.530255
状态划分算法消耗的内存为：6.46094
状态划分算法运行时间(ms) ： 105.502
---------------------------------
流分布如下: 
---------------------------------
0   0   0   0   0   0   0   0   
0   0   0   0   0   0   0   0   
0   0   0   0   0   0   8   0   
0   0   0   0   0   0   0   0   
0   0   0   0   0   0   0   0   
0   8   0   0   0   0   0   0   
0   0   0   0   0   0   0   8   
0   0   0   0   0   8   0   0   
---------------------------------
关键边输出如下：
---------------------------------
8    A         0         0         0         
14   A         7         0         0         
6    B         8         0.383286  0.0335835 
12   B         8         0.464306  0.178996  
2    b         8         0.530255  0.133273  
5    b         8         0.530255  0.260544  
7    b         8         0.530255  0.375848  
10   b         8         0.530255  0.422826  
11   b         8         0.530255  0.49874   
1    C         8         0.530255  0.709251  
3    C         8         0.530255  0.709251  
4    C         8         0.530255  0.709251  
9    C         8         0.530255  0.709251  
13   C         8         0.530255  0.709251  
---------------------------------
---------------------------------

3--2最大流值为：8
最可靠最大流分布概率为 ： 0.530255
状态划分算法消耗的内存为：6.43359
状态划分算法运行时间(ms) ： 106.246
---------------------------------
流分布如下: 
---------------------------------
0   0   0   0   0   0   0   0   
0   0   0   0   0   0   0   0   
0   0   0   0   0   0   8   0   
0   0   0   0   0   0   0   0   
0   0   0   0   0   0   0   0   
0   8   0   0   0   0   0   0   
0   0   0   0   0   0   0   8   
0   0   0   0   0   8   0   0   
---------------------------------
关键边输出如下：
---------------------------------
8    A         0         0         0         
14   A         7         0         0         
6    B         8         0.383286  0.0335835 
12   B         8         0.464306  0.178996  
2    b         8         0.530255  0.133273  
5    b         8         0.530255  0.260544  
7    b         8         0.530255  0.375848  
10   b         8         0.530255  0.422826  
11   b         8         0.530255  0.49874   
1    C         8         0.530255  0.709251  
3    C         8         0.530255  0.709251  
4    C         8         0.530255  0.709251  
9    C         8         0.530255  0.709251  
13   C         8         0.530255  0.709251  
---------------------------------
---------------------------------

3--2最大流值为：8
最可靠最大流分布概率为 ： 0.530255
状态划分算法消耗的内存为：6.43359
状态划分算法运行时间(ms) ： 100.513
---------------------------------
流分布如下: 
---------------------------------
0   0   0   0   0   0   0   0   
0   0   0   0   0   0   0   0   
0   0   0   0   0   0   8   0   
0   0   0   0   0   0   0   0   
0   0   0   0   0   0   0   0   
0   8   0   0   0   0   0   0   
0   0   0   0   0   0   0   8   
0   0   0   0   0   8   0   0   
---------------------------------
关键边输出如下：
---------------------------------
8    A         0         0         0         
14   A         7         0         0         
6    B         8         0.383286  0.0335835 
12   B         8         0.464306  0.178996  
2    b         8         0.530255  0.133273  
5    b         8         0.530255  0.260544  
7    b         8         0.530255  0.375848  
10   b         8         0.530255  0.422826  
11   b         8         0.530255  0.49874   
1    C         8         0.530255  0.709251  
3    C         8         0.530255  0.709251  
4    C         8         0.530255  0.709251  
9    C         8         0.530255  0.709251  
13   C         8         0.530255  0.709251  
---------------------------------
---------------------------------

3--2最大流值为：8
最可靠最大流分布概率为 ： 0.530255
状态划分算法消耗的内存为：6.46094
状态划分算法运行时间(ms) ： 105.981
---------------------------------
流分布如下: 
---------------------------------
0   0   0   0   0   0   0   0   
0   0   0   0   0   0   0   0   
0   0   0   0   0   0   8   0   
0   0   0   0   0   0   0   0   
0   0   0   0   0   0   0   0   
0   8   0   0   0   0   0   0   
0   0   0   0   0   0   0   8   
0   0   0   0   0   8   0   0   
---------------------------------
关键边输出如下：
---------------------------------
8    A         0         0         0         
14   A         7         0         0         
6    B         8         0.383286  0.0335835 
12   B         8         0.464306  0.178996  
2    b         8         0.530255  0.133273  
5    b         8         0.530255  0.260544  
7    b         8         0.530255  0.375848  
10   b         8         0.530255  0.422826  
11   b         8         0.530255  0.49874   
1    C         8         0.530255  0.709251  
3    C         8         0.530255  0.709251  
4    C         8         0.530255  0.709251  
9    C         8         0.530255  0.709251  
13   C         8         0.530255  0.709251  
---------------------------------
---------------------------------

3--2最大流值为：8
最可靠最大流分布概率为 ： 0.530255
状态划分算法消耗的内存为：6.45313
状态划分算法运行时间(ms) ： 110.333
---------------------------------
流分布如下: 
---------------------------------
0   0   0   0   0   0   0   0   
0   0   0   0   0   0   0   0   
0   0   0   0   0   0   8   0   
0   0   0   0   0   0   0   0   
0   0   0   0   0   0   0   0   
0   8   0   0   0   0   0   0   
0   0   0   0   0   0   0   8   
0   0   0   0   0   8   0   0   
---------------------------------
关键边输出如下：
---------------------------------
8    A         0         0         0         
14   A         7         0         0         
6    B         8         0.383286  0.0335835 
12   B         8         0.464306  0.178996  
2    b         8         0.530255  0.133273  
5    b         8         0.530255  0.260544  
7    b         8         0.530255  0.375848  
10   b         8         0.530255  0.422826  
11   b         8         0.530255  0.49874   
1    C         8         0.530255  0.709251  
3    C         8         0.530255  0.709251  
4    C         8         0.530255  0.709251  
9    C         8         0.530255  0.709251  
13   C         8         0.530255  0.709251  
---------------------------------
---------------------------------

3--2最大流值为：8
最可靠最大流分布概率为 ： 0.530255
状态划分算法消耗的内存为：6.46875
状态划分算法运行时间(ms) ： 105.633
---------------------------------
流分布如下: 
---------------------------------
0   0   0   0   0   0   0   0   
0   0   0   0   0   0   0   0   
0   0   0   0   0   0   8   0   
0   0   0   0   0   0   0   0   
0   0   0   0   0   0   0   0   
0   8   0   0   0   0   0   0   
0   0   0   0   0   0   0   8   
0   0   0   0   0   8   0   0   
---------------------------------
关键边输出如下：
---------------------------------
8    A         0         0         0         
14   A         7         0         0         
6    B         8         0.383286  0.0335835 
12   B         8         0.464306  0.178996  
2    b         8         0.530255  0.133273  
5    b         8         0.530255  0.260544  
7    b         8         0.530255  0.375848  
10   b         8         0.530255  0.422826  
11   b         8         0.530255  0.49874   
1    C         8         0.530255  0.709251  
3    C         8         0.530255  0.709251  
4    C         8         0.530255  0.709251  
9    C         8         0.530255  0.709251  
13   C         8         0.530255  0.709251  
---------------------------------
---------------------------------

3--2最大流值为：8
最可靠最大流分布概率为 ： 0.530255
状态划分算法消耗的内存为：6.45313
状态划分算法运行时间(ms) ： 100.563
---------------------------------
流分布如下: 
---------------------------------
0   0   0   0   0   0   0   0   
0   0   0   0   0   0   0   0   
0   0   0   0   0   0   8   0   
0   0   0   0   0   0   0   0   
0   0   0   0   0   0   0   0   
0   8   0   0   0   0   0   0   
0   0   0   0   0   0   0   8   
0   0   0   0   0   8   0   0   
---------------------------------
关键边输出如下：
---------------------------------
8    A         0         0         0         
14   A         7         0         0         
6    B         8         0.383286  0.0335835 
12   B         8         0.464306  0.178996  
2    b         8         0.530255  0.133273  
5    b         8         0.530255  0.260544  
7    b         8         0.530255  0.375848  
10   b         8         0.530255  0.422826  
11   b         8         0.530255  0.49874   
1    C         8         0.530255  0.709251  
3    C         8         0.530255  0.709251  
4    C         8         0.530255  0.709251  
9    C         8         0.530255  0.709251  
13   C         8         0.530255  0.709251  
---------------------------------
---------------------------------

3--2最大流值为：8
最可靠最大流分布概率为 ： 0.530255
状态划分算法消耗的内存为：6.46875
状态划分算法运行时间(ms) ： 108.615
---------------------------------
流分布如下: 
---------------------------------
0   0   0   0   0   0   0   0   
0   0   0   0   0   0   0   0   
0   0   0   0   0   0   8   0   
0   0   0   0   0   0   0   0   
0   0   0   0   0   0   0   0   
0   8   0   0   0   0   0   0   
0   0   0   0   0   0   0   8   
0   0   0   0   0   8   0   0   
---------------------------------
关键边输出如下：
---------------------------------
8    A         0         0         0         
14   A         7         0         0         
6    B         8         0.383286  0.0335835 
12   B         8         0.464306  0.15264   
2    b         8         0.530255  0.133273  
5    b         8         0.530255  0.127271  
7    b         8         0.530255  0.115305  
10   b         8         0.530255  0.0469779 
11   b         8         0.530255  0.0759133 
1    C         8         0.530255  0.709251  
3    C         8         0.530255  0.709251  
4    C         8         0.530255  0.709251  
9    C         8         0.530255  0.709251  
13   C         8         0.530255  0.709251  
---------------------------------
---------------------------------

