10--12最大流值为：2
最可靠最大流分布概率为 ： 0.685528
状态划分算法消耗的内存为：2.96094
状态划分算法运行时间(ms) ： 159.327
---------------------------------
流分布如下: 
---------------------------------
0   0   0   0   0   0   0   0   0   0   0   0   
0   0   2   0   0   0   0   0   0   0   0   0   
0   0   0   0   0   0   0   0   0   0   2   0   
0   2   0   0   0   0   0   0   0   0   0   0   
0   0   0   0   0   0   0   0   0   0   0   0   
0   0   0   0   0   0   0   0   0   0   0   0   
0   0   0   0   0   0   0   0   0   0   0   0   
0   0   0   0   0   0   0   0   0   0   0   0   
0   0   0   0   0   0   0   0   0   0   0   0   
0   0   0   2   0   0   0   0   0   0   0   0   
0   0   0   0   0   0   0   0   0   0   0   2   
0   0   0   0   0   0   0   0   0   0   0   0   
---------------------------------
10--12最大流值为：4
最可靠最大流分布概率为 ： 0.685528
状态划分算法消耗的内存为：3.01563
状态划分算法运行时间(ms) ： 130.782
---------------------------------
流分布如下: 
---------------------------------
0   0   0   0   0   0   0   0   0   0   0   0   
0   0   4   0   0   0   0   0   0   0   0   0   
0   0   0   0   0   0   0   0   0   0   4   0   
0   4   0   0   0   0   0   0   0   0   0   0   
0   0   0   0   0   0   0   0   0   0   0   0   
0   0   0   0   0   0   0   0   0   0   0   0   
0   0   0   0   0   0   0   0   0   0   0   0   
0   0   0   0   0   0   0   0   0   0   0   0   
0   0   0   0   0   0   0   0   0   0   0   0   
0   0   0   4   0   0   0   0   0   0   0   0   
0   0   0   0   0   0   0   0   0   0   0   4   
0   0   0   0   0   0   0   0   0   0   0   0   
---------------------------------
10--12最大流值为：6
最可靠最大流分布概率为 ： 0.685528
状态划分算法消耗的内存为：3.01563
状态划分算法运行时间(ms) ： 129.532
---------------------------------
流分布如下: 
---------------------------------
0   0   0   0   0   0   0   0   0   0   0   0   
0   0   6   0   0   0   0   0   0   0   0   0   
0   0   0   0   0   0   0   0   0   0   6   0   
0   6   0   0   0   0   0   0   0   0   0   0   
0   0   0   0   0   0   0   0   0   0   0   0   
0   0   0   0   0   0   0   0   0   0   0   0   
0   0   0   0   0   0   0   0   0   0   0   0   
0   0   0   0   0   0   0   0   0   0   0   0   
0   0   0   0   0   0   0   0   0   0   0   0   
0   0   0   6   0   0   0   0   0   0   0   0   
0   0   0   0   0   0   0   0   0   0   0   6   
0   0   0   0   0   0   0   0   0   0   0   0   
---------------------------------
10--12最大流值为：8
最可靠最大流分布概率为 ： 0.685528
状态划分算法消耗的内存为：3.01563
状态划分算法运行时间(ms) ： 129.28
---------------------------------
流分布如下: 
---------------------------------
0   0   0   0   0   0   0   0   0   0   0   0   
0   0   8   0   0   0   0   0   0   0   0   0   
0   0   0   0   0   0   0   0   0   0   8   0   
0   8   0   0   0   0   0   0   0   0   0   0   
0   0   0   0   0   0   0   0   0   0   0   0   
0   0   0   0   0   0   0   0   0   0   0   0   
0   0   0   0   0   0   0   0   0   0   0   0   
0   0   0   0   0   0   0   0   0   0   0   0   
0   0   0   0   0   0   0   0   0   0   0   0   
0   0   0   8   0   0   0   0   0   0   0   0   
0   0   0   0   0   0   0   0   0   0   0   8   
0   0   0   0   0   0   0   0   0   0   0   0   
---------------------------------
10--12最大流值为：10
最可靠最大流分布概率为 ： 0.685528
状态划分算法消耗的内存为：3.01563
状态划分算法运行时间(ms) ： 129.379
---------------------------------
流分布如下: 
---------------------------------
0   0   0   0   0   0   0   0   0   0   0   0   
0   0   10  0   0   0   0   0   0   0   0   0   
0   0   0   0   0   0   0   0   0   0   10  0   
0   10  0   0   0   0   0   0   0   0   0   0   
0   0   0   0   0   0   0   0   0   0   0   0   
0   0   0   0   0   0   0   0   0   0   0   0   
0   0   0   0   0   0   0   0   0   0   0   0   
0   0   0   0   0   0   0   0   0   0   0   0   
0   0   0   0   0   0   0   0   0   0   0   0   
0   0   0   10  0   0   0   0   0   0   0   0   
0   0   0   0   0   0   0   0   0   0   0   10  
0   0   0   0   0   0   0   0   0   0   0   0   
---------------------------------
10--12最大流值为：12
最可靠最大流分布概率为 ： 0.685528
状态划分算法消耗的内存为：3.01563
状态划分算法运行时间(ms) ： 129.301
---------------------------------
流分布如下: 
---------------------------------
0   0   0   0   0   0   0   0   0   0   0   0   
0   0   12  0   0   0   0   0   0   0   0   0   
0   0   0   0   0   0   0   0   0   0   12  0   
0   12  0   0   0   0   0   0   0   0   0   0   
0   0   0   0   0   0   0   0   0   0   0   0   
0   0   0   0   0   0   0   0   0   0   0   0   
0   0   0   0   0   0   0   0   0   0   0   0   
0   0   0   0   0   0   0   0   0   0   0   0   
0   0   0   0   0   0   0   0   0   0   0   0   
0   0   0   12  0   0   0   0   0   0   0   0   
0   0   0   0   0   0   0   0   0   0   0   12  
0   0   0   0   0   0   0   0   0   0   0   0   
---------------------------------
10--12最大流值为：14
最可靠最大流分布概率为 ： 0.685528
状态划分算法消耗的内存为：3.01563
状态划分算法运行时间(ms) ： 128.868
---------------------------------
流分布如下: 
---------------------------------
0   0   0   0   0   0   0   0   0   0   0   0   
0   0   14  0   0   0   0   0   0   0   0   0   
0   0   0   0   0   0   0   0   0   0   14  0   
0   14  0   0   0   0   0   0   0   0   0   0   
0   0   0   0   0   0   0   0   0   0   0   0   
0   0   0   0   0   0   0   0   0   0   0   0   
0   0   0   0   0   0   0   0   0   0   0   0   
0   0   0   0   0   0   0   0   0   0   0   0   
0   0   0   0   0   0   0   0   0   0   0   0   
0   0   0   14  0   0   0   0   0   0   0   0   
0   0   0   0   0   0   0   0   0   0   0   14  
0   0   0   0   0   0   0   0   0   0   0   0   
---------------------------------
