6--10最大流值为：10
最可靠最大流分布概率为 ： 0.587491
状态划分算法消耗的内存为：2.94922
状态划分算法运行时间(ms) ： 2.45849
---------------------------------
流分布如下: 
---------------------------------
0   0   0   0   0   0   0   0   0   0   0   0   0   0   0   
0   0   0   0   0   0   5   0   0   0   0   0   0   0   0   
0   0   0   0   0   0   0   0   0   0   0   0   0   0   0   
0   0   0   0   0   0   0   0   0   0   0   0   0   0   0   
0   0   0   0   0   0   0   0   0   0   0   0   0   0   0   
0   5   0   0   0   0   0   0   0   0   5   0   0   0   0   
0   0   0   0   0   0   0   0   0   5   0   0   0   0   0   
0   0   0   0   0   0   0   0   0   0   0   0   0   0   0   
0   0   0   0   0   0   0   0   0   0   0   0   0   0   0   
0   0   0   0   0   0   0   0   0   0   0   0   0   0   0   
0   0   0   0   0   0   0   0   0   5   0   0   0   0   0   
0   0   0   0   0   0   0   0   0   0   0   0   0   0   0   
0   0   0   0   0   0   0   0   0   0   0   0   0   0   0   
0   0   0   0   0   0   0   0   0   0   0   0   0   0   0   
0   0   0   0   0   0   0   0   0   0   0   0   0   0   0   
---------------------------------
10--1最大流值为：15
最可靠最大流分布概率为 ： 0.0646103
状态划分算法消耗的内存为：3.01563
状态划分算法运行时间(ms) ： 67.1695
---------------------------------
流分布如下: 
---------------------------------
0   0   0   0   0   0   0   0   0   0   0   0   0   0   0   
0   0   0   0   0   0   0   0   0   0   0   0   0   0   0   
5   0   0   0   0   0   0   0   0   0   0   0   0   0   0   
0   0   0   0   0   0   0   0   0   0   0   0   0   0   0   
0   0   0   0   0   0   0   0   0   0   0   0   0   0   0   
5   0   0   0   0   0   0   0   0   0   0   0   0   0   0   
0   0   5   0   0   0   0   0   0   0   0   0   0   0   0   
0   0   0   0   0   0   0   0   0   0   0   0   0   0   0   
5   0   0   0   0   0   0   0   0   0   0   0   0   0   0   
0   0   0   0   0   0   0   0   5   0   5   0   0   5   0   
0   0   0   0   0   5   0   0   0   0   0   0   0   0   0   
0   0   0   0   0   0   0   0   0   0   0   0   0   0   0   
0   0   0   0   0   0   0   0   0   0   0   0   0   0   0   
0   0   0   0   0   0   0   0   0   0   0   0   0   0   5   
0   0   0   0   0   0   5   0   0   0   0   0   0   0   0   
---------------------------------
5--11最大流值为：25
最可靠最大流分布概率为 ： 0.0399896
状态划分算法消耗的内存为：3.01953
状态划分算法运行时间(ms) ： 190.566
---------------------------------
流分布如下: 
---------------------------------
0   0   0   0   0   0   0   0   0   0   0   0   0   0   0   
0   0   0   0   0   0   0   0   0   0   0   0   0   0   0   
0   0   0   0   0   0   0   0   0   0   0   0   0   0   0   
0   0   0   0   0   5   0   0   0   0   0   0   0   0   0   
0   0   0   5   0   0   0   0   5   0   5   5   5   0   0   
0   0   0   0   0   0   0   5   0   0   0   0   0   0   0   
0   0   0   0   0   0   0   0   0   0   5   0   0   0   0   
0   0   0   0   0   0   0   0   0   0   5   0   0   0   0   
0   0   0   0   0   0   5   0   0   0   0   0   0   0   0   
0   0   0   0   0   0   0   0   0   0   0   0   0   0   0   
0   0   0   0   0   0   0   0   0   0   0   0   0   0   0   
0   0   0   0   0   0   0   0   0   0   5   0   0   0   0   
0   0   0   0   0   0   0   0   0   0   5   0   0   0   0   
0   0   0   0   0   0   0   0   0   0   0   0   0   0   0   
0   0   0   0   0   0   0   0   0   0   0   0   0   0   0   
---------------------------------
11--1最大流值为：25
最可靠最大流分布概率为 ： 0.0346847
状态划分算法消耗的内存为：3.02734
状态划分算法运行时间(ms) ： 647.554
---------------------------------
流分布如下: 
---------------------------------
0   0   0   0   0   0   0   0   0   0   0   0   0   0   0   
5   0   0   0   0   0   0   0   5   0   0   0   0   0   0   
5   0   0   0   0   0   0   0   0   0   0   0   0   0   0   
0   5   5   0   0   0   0   0   0   0   0   0   0   0   0   
5   0   0   0   0   0   0   0   0   0   0   0   0   0   0   
0   0   0   0   0   0   0   0   0   0   0   0   0   0   0   
0   0   0   0   0   0   0   0   0   0   0   0   5   0   0   
0   0   0   0   0   0   0   0   0   0   0   0   0   0   0   
5   0   0   0   0   0   0   0   0   0   0   0   0   0   0   
0   0   0   0   0   0   0   0   0   0   0   0   5   0   0   
0   0   0   5   0   0   5   0   0   5   0   5   0   0   5   
0   0   0   0   0   0   0   0   0   0   0   0   5   0   0   
5   5   0   0   5   0   0   0   0   0   0   0   0   0   0   
0   0   0   0   0   0   0   0   0   0   0   0   0   0   0   
0   0   0   5   0   0   0   0   0   0   0   0   0   0   0   
---------------------------------
9--12最大流值为：25
最可靠最大流分布概率为 ： 0.0152882
状态划分算法消耗的内存为：3
状态划分算法运行时间(ms) ： 306444
---------------------------------
流分布如下: 
---------------------------------
0   0   0   0   0   0   0   0   0   0   0   5   0   0   0   
0   0   0   0   0   0   0   0   0   0   0   5   0   0   0   
5   0   0   0   0   0   0   0   0   0   0   0   0   0   0   
0   0   5   0   0   0   0   0   0   0   0   0   0   0   0   
0   0   0   0   0   0   0   0   0   0   0   0   0   0   0   
0   0   0   0   0   0   0   0   0   0   0   5   0   0   0   
0   0   0   0   0   5   0   0   0   0   0   0   0   0   0   
0   0   0   0   0   0   0   0   0   0   0   0   5   0   0   
0   5   0   0   0   0   5   5   0   5   5   0   0   0   0   
0   0   0   0   0   0   0   0   0   0   0   0   5   0   0   
0   0   0   0   0   0   0   0   0   0   0   0   0   0   5   
0   0   0   0   0   0   0   0   0   0   0   0   0   0   0   
0   0   0   5   0   0   0   0   0   0   0   5   0   0   0   
0   0   0   0   0   0   0   0   0   0   0   0   0   0   0   
0   0   0   0   0   0   0   0   0   0   0   5   0   0   0   
---------------------------------
