1--15最大流值为：6
最可靠最大流分布概率为 ： 0.0687149
状态划分算法消耗的内存为：2.97656
状态划分算法运行时间(ms) ： 4552.43
---------------------------------
流分布如下: 
---------------------------------
0   2   2   0   0   2   0   0   0   0   0   0   0   0   0   
0   0   0   0   0   0   0   2   0   0   0   0   0   0   0   
0   0   0   2   0   0   0   0   0   0   0   0   0   0   0   
0   0   0   0   0   0   0   0   2   0   0   0   0   0   0   
0   0   0   0   0   0   0   0   0   0   0   0   0   0   0   
0   0   0   0   0   0   0   0   0   0   0   0   0   0   2   
0   0   0   0   0   0   0   0   0   0   0   0   0   0   0   
0   0   0   0   0   0   0   0   0   0   2   0   0   0   0   
0   0   0   0   0   0   0   0   0   0   0   0   2   0   0   
0   0   0   0   0   0   0   0   0   0   0   0   0   0   0   
0   0   0   0   0   0   0   0   0   0   0   0   0   2   0   
0   0   0   0   0   0   0   0   0   0   0   0   0   0   0   
0   0   0   0   0   0   0   0   0   0   0   0   0   0   2   
0   0   0   0   0   0   0   0   0   0   0   0   0   0   2   
0   0   0   0   0   0   0   0   0   0   0   0   0   0   0   
---------------------------------
1--15最大流值为：60
最可靠最大流分布概率为 ： 0.0687149
状态划分算法消耗的内存为：3.03906
状态划分算法运行时间(ms) ： 4493.2
---------------------------------
流分布如下: 
---------------------------------
0   20  20  0   0   20  0   0   0   0   0   0   0   0   0   
0   0   0   0   0   0   0   20  0   0   0   0   0   0   0   
0   0   0   20  0   0   0   0   0   0   0   0   0   0   0   
0   0   0   0   0   0   0   0   20  0   0   0   0   0   0   
0   0   0   0   0   0   0   0   0   0   0   0   0   0   0   
0   0   0   0   0   0   0   0   0   0   0   0   0   0   20  
0   0   0   0   0   0   0   0   0   0   0   0   0   0   0   
0   0   0   0   0   0   0   0   0   0   20  0   0   0   0   
0   0   0   0   0   0   0   0   0   0   0   0   20  0   0   
0   0   0   0   0   0   0   0   0   0   0   0   0   0   0   
0   0   0   0   0   0   0   0   0   0   0   0   0   20  0   
0   0   0   0   0   0   0   0   0   0   0   0   0   0   0   
0   0   0   0   0   0   0   0   0   0   0   0   0   0   20  
0   0   0   0   0   0   0   0   0   0   0   0   0   0   20  
0   0   0   0   0   0   0   0   0   0   0   0   0   0   0   
---------------------------------
1--15最大流值为：600
最可靠最大流分布概率为 ： 0.0687149
状态划分算法消耗的内存为：3.03906
状态划分算法运行时间(ms) ： 4507.4
---------------------------------
流分布如下: 
---------------------------------
0   200 200 0   0   200 0   0   0   0   0   0   0   0   0   
0   0   0   0   0   0   0   200 0   0   0   0   0   0   0   
0   0   0   200 0   0   0   0   0   0   0   0   0   0   0   
0   0   0   0   0   0   0   0   200 0   0   0   0   0   0   
0   0   0   0   0   0   0   0   0   0   0   0   0   0   0   
0   0   0   0   0   0   0   0   0   0   0   0   0   0   200 
0   0   0   0   0   0   0   0   0   0   0   0   0   0   0   
0   0   0   0   0   0   0   0   0   0   200 0   0   0   0   
0   0   0   0   0   0   0   0   0   0   0   0   200 0   0   
0   0   0   0   0   0   0   0   0   0   0   0   0   0   0   
0   0   0   0   0   0   0   0   0   0   0   0   0   200 0   
0   0   0   0   0   0   0   0   0   0   0   0   0   0   0   
0   0   0   0   0   0   0   0   0   0   0   0   0   0   200 
0   0   0   0   0   0   0   0   0   0   0   0   0   0   200 
0   0   0   0   0   0   0   0   0   0   0   0   0   0   0   
---------------------------------
1--15最大流值为：6000
最可靠最大流分布概率为 ： 0.0687149
状态划分算法消耗的内存为：3.03906
状态划分算法运行时间(ms) ： 4502.57
---------------------------------
流分布如下: 
---------------------------------
0   200020000   0   20000   0   0   0   0   0   0   0   0   
0   0   0   0   0   0   0   20000   0   0   0   0   0   0   
0   0   0   20000   0   0   0   0   0   0   0   0   0   0   
0   0   0   0   0   0   0   0   20000   0   0   0   0   0   
0   0   0   0   0   0   0   0   0   0   0   0   0   0   0   
0   0   0   0   0   0   0   0   0   0   0   0   0   0   2000
0   0   0   0   0   0   0   0   0   0   0   0   0   0   0   
0   0   0   0   0   0   0   0   0   0   20000   0   0   0   
0   0   0   0   0   0   0   0   0   0   0   0   20000   0   
0   0   0   0   0   0   0   0   0   0   0   0   0   0   0   
0   0   0   0   0   0   0   0   0   0   0   0   0   20000   
0   0   0   0   0   0   0   0   0   0   0   0   0   0   0   
0   0   0   0   0   0   0   0   0   0   0   0   0   0   2000
0   0   0   0   0   0   0   0   0   0   0   0   0   0   2000
0   0   0   0   0   0   0   0   0   0   0   0   0   0   0   
---------------------------------
1--15最大流值为：60000
最可靠最大流分布概率为 ： 0.0687149
状态划分算法消耗的内存为：3.03906
状态划分算法运行时间(ms) ： 4488.56
---------------------------------
流分布如下: 
---------------------------------
0   20000200000   0   200000   0   0   0   0   0   0   0   0   
0   0   0   0   0   0   0   200000   0   0   0   0   0   0   
0   0   0   200000   0   0   0   0   0   0   0   0   0   0   
0   0   0   0   0   0   0   0   200000   0   0   0   0   0   
0   0   0   0   0   0   0   0   0   0   0   0   0   0   0   
0   0   0   0   0   0   0   0   0   0   0   0   0   0   20000
0   0   0   0   0   0   0   0   0   0   0   0   0   0   0   
0   0   0   0   0   0   0   0   0   0   200000   0   0   0   
0   0   0   0   0   0   0   0   0   0   0   0   200000   0   
0   0   0   0   0   0   0   0   0   0   0   0   0   0   0   
0   0   0   0   0   0   0   0   0   0   0   0   0   200000   
0   0   0   0   0   0   0   0   0   0   0   0   0   0   0   
0   0   0   0   0   0   0   0   0   0   0   0   0   0   20000
0   0   0   0   0   0   0   0   0   0   0   0   0   0   20000
0   0   0   0   0   0   0   0   0   0   0   0   0   0   0   
---------------------------------
1--15最大流值为：600000
最可靠最大流分布概率为 ： 0.0687149
状态划分算法消耗的内存为：3.03906
状态划分算法运行时间(ms) ： 4487.44
---------------------------------
流分布如下: 
---------------------------------
0   2000002000000   0   2000000   0   0   0   0   0   0   0   0   
0   0   0   0   0   0   0   2000000   0   0   0   0   0   0   
0   0   0   2000000   0   0   0   0   0   0   0   0   0   0   
0   0   0   0   0   0   0   0   2000000   0   0   0   0   0   
0   0   0   0   0   0   0   0   0   0   0   0   0   0   0   
0   0   0   0   0   0   0   0   0   0   0   0   0   0   200000
0   0   0   0   0   0   0   0   0   0   0   0   0   0   0   
0   0   0   0   0   0   0   0   0   0   2000000   0   0   0   
0   0   0   0   0   0   0   0   0   0   0   0   2000000   0   
0   0   0   0   0   0   0   0   0   0   0   0   0   0   0   
0   0   0   0   0   0   0   0   0   0   0   0   0   2000000   
0   0   0   0   0   0   0   0   0   0   0   0   0   0   0   
0   0   0   0   0   0   0   0   0   0   0   0   0   0   200000
0   0   0   0   0   0   0   0   0   0   0   0   0   0   200000
0   0   0   0   0   0   0   0   0   0   0   0   0   0   0   
---------------------------------
1--15最大流值为：6
最可靠最大流分布概率为 ： 0.0687149
状态划分算法消耗的内存为：2.97266
状态划分算法运行时间(ms) ： 4324.79
---------------------------------
流分布如下: 
---------------------------------
0   2   2   0   0   2   0   0   0   0   0   0   0   0   0   
0   0   0   0   0   0   0   2   0   0   0   0   0   0   0   
0   0   0   2   0   0   0   0   0   0   0   0   0   0   0   
0   0   0   0   0   0   0   0   2   0   0   0   0   0   0   
0   0   0   0   0   0   0   0   0   0   0   0   0   0   0   
0   0   0   0   0   0   0   0   0   0   0   0   0   0   2   
0   0   0   0   0   0   0   0   0   0   0   0   0   0   0   
0   0   0   0   0   0   0   0   0   0   2   0   0   0   0   
0   0   0   0   0   0   0   0   0   0   0   0   2   0   0   
0   0   0   0   0   0   0   0   0   0   0   0   0   0   0   
0   0   0   0   0   0   0   0   0   0   0   0   0   2   0   
0   0   0   0   0   0   0   0   0   0   0   0   0   0   0   
0   0   0   0   0   0   0   0   0   0   0   0   0   0   2   
0   0   0   0   0   0   0   0   0   0   0   0   0   0   2   
0   0   0   0   0   0   0   0   0   0   0   0   0   0   0   
---------------------------------
