1--15最大流值为：15
最可靠最大流分布概率为 ： 0.0687149
状态划分算法消耗的内存为：3.06641
状态划分算法运行时间(ms) ： 4862.77
---------------------------------
流分布如下: 
---------------------------------
0   5   5   0   0   5   0   0   0   0   0   0   0   0   0   
0   0   0   0   0   0   0   5   0   0   0   0   0   0   0   
0   0   0   5   0   0   0   0   0   0   0   0   0   0   0   
0   0   0   0   0   0   0   0   5   0   0   0   0   0   0   
0   0   0   0   0   0   0   0   0   0   0   0   0   0   0   
0   0   0   0   0   0   0   0   0   0   0   0   0   0   5   
0   0   0   0   0   0   0   0   0   0   0   0   0   0   0   
0   0   0   0   0   0   0   0   0   0   5   0   0   0   0   
0   0   0   0   0   0   0   0   0   0   0   0   5   0   0   
0   0   0   0   0   0   0   0   0   0   0   0   0   0   0   
0   0   0   0   0   0   0   0   0   0   0   0   0   5   0   
0   0   0   0   0   0   0   0   0   0   0   0   0   0   0   
0   0   0   0   0   0   0   0   0   0   0   0   0   0   5   
0   0   0   0   0   0   0   0   0   0   0   0   0   0   5   
0   0   0   0   0   0   0   0   0   0   0   0   0   0   0   
---------------------------------
1--15最大流值为：30
最可靠最大流分布概率为 ： 0.0687149
状态划分算法消耗的内存为：3.12891
状态划分算法运行时间(ms) ： 4845.16
---------------------------------
流分布如下: 
---------------------------------
0   10  10  0   0   10  0   0   0   0   0   0   0   0   0   
0   0   0   0   0   0   0   10  0   0   0   0   0   0   0   
0   0   0   10  0   0   0   0   0   0   0   0   0   0   0   
0   0   0   0   0   0   0   0   10  0   0   0   0   0   0   
0   0   0   0   0   0   0   0   0   0   0   0   0   0   0   
0   0   0   0   0   0   0   0   0   0   0   0   0   0   10  
0   0   0   0   0   0   0   0   0   0   0   0   0   0   0   
0   0   0   0   0   0   0   0   0   0   10  0   0   0   0   
0   0   0   0   0   0   0   0   0   0   0   0   10  0   0   
0   0   0   0   0   0   0   0   0   0   0   0   0   0   0   
0   0   0   0   0   0   0   0   0   0   0   0   0   10  0   
0   0   0   0   0   0   0   0   0   0   0   0   0   0   0   
0   0   0   0   0   0   0   0   0   0   0   0   0   0   10  
0   0   0   0   0   0   0   0   0   0   0   0   0   0   10  
0   0   0   0   0   0   0   0   0   0   0   0   0   0   0   
---------------------------------
1--15最大流值为：45
最可靠最大流分布概率为 ： 0.0687149
状态划分算法消耗的内存为：3.12891
状态划分算法运行时间(ms) ： 4860.66
---------------------------------
流分布如下: 
---------------------------------
0   15  15  0   0   15  0   0   0   0   0   0   0   0   0   
0   0   0   0   0   0   0   15  0   0   0   0   0   0   0   
0   0   0   15  0   0   0   0   0   0   0   0   0   0   0   
0   0   0   0   0   0   0   0   15  0   0   0   0   0   0   
0   0   0   0   0   0   0   0   0   0   0   0   0   0   0   
0   0   0   0   0   0   0   0   0   0   0   0   0   0   15  
0   0   0   0   0   0   0   0   0   0   0   0   0   0   0   
0   0   0   0   0   0   0   0   0   0   15  0   0   0   0   
0   0   0   0   0   0   0   0   0   0   0   0   15  0   0   
0   0   0   0   0   0   0   0   0   0   0   0   0   0   0   
0   0   0   0   0   0   0   0   0   0   0   0   0   15  0   
0   0   0   0   0   0   0   0   0   0   0   0   0   0   0   
0   0   0   0   0   0   0   0   0   0   0   0   0   0   15  
0   0   0   0   0   0   0   0   0   0   0   0   0   0   15  
0   0   0   0   0   0   0   0   0   0   0   0   0   0   0   
---------------------------------
1--15最大流值为：60
最可靠最大流分布概率为 ： 0.0687149
状态划分算法消耗的内存为：3.12891
状态划分算法运行时间(ms) ： 4833.62
---------------------------------
流分布如下: 
---------------------------------
0   20  20  0   0   20  0   0   0   0   0   0   0   0   0   
0   0   0   0   0   0   0   20  0   0   0   0   0   0   0   
0   0   0   20  0   0   0   0   0   0   0   0   0   0   0   
0   0   0   0   0   0   0   0   20  0   0   0   0   0   0   
0   0   0   0   0   0   0   0   0   0   0   0   0   0   0   
0   0   0   0   0   0   0   0   0   0   0   0   0   0   20  
0   0   0   0   0   0   0   0   0   0   0   0   0   0   0   
0   0   0   0   0   0   0   0   0   0   20  0   0   0   0   
0   0   0   0   0   0   0   0   0   0   0   0   20  0   0   
0   0   0   0   0   0   0   0   0   0   0   0   0   0   0   
0   0   0   0   0   0   0   0   0   0   0   0   0   20  0   
0   0   0   0   0   0   0   0   0   0   0   0   0   0   0   
0   0   0   0   0   0   0   0   0   0   0   0   0   0   20  
0   0   0   0   0   0   0   0   0   0   0   0   0   0   20  
0   0   0   0   0   0   0   0   0   0   0   0   0   0   0   
---------------------------------
1--15最大流值为：75
最可靠最大流分布概率为 ： 0.0687149
状态划分算法消耗的内存为：3.12891
状态划分算法运行时间(ms) ： 4835.23
---------------------------------
流分布如下: 
---------------------------------
0   25  25  0   0   25  0   0   0   0   0   0   0   0   0   
0   0   0   0   0   0   0   25  0   0   0   0   0   0   0   
0   0   0   25  0   0   0   0   0   0   0   0   0   0   0   
0   0   0   0   0   0   0   0   25  0   0   0   0   0   0   
0   0   0   0   0   0   0   0   0   0   0   0   0   0   0   
0   0   0   0   0   0   0   0   0   0   0   0   0   0   25  
0   0   0   0   0   0   0   0   0   0   0   0   0   0   0   
0   0   0   0   0   0   0   0   0   0   25  0   0   0   0   
0   0   0   0   0   0   0   0   0   0   0   0   25  0   0   
0   0   0   0   0   0   0   0   0   0   0   0   0   0   0   
0   0   0   0   0   0   0   0   0   0   0   0   0   25  0   
0   0   0   0   0   0   0   0   0   0   0   0   0   0   0   
0   0   0   0   0   0   0   0   0   0   0   0   0   0   25  
0   0   0   0   0   0   0   0   0   0   0   0   0   0   25  
0   0   0   0   0   0   0   0   0   0   0   0   0   0   0   
---------------------------------
1--15最大流值为：90
最可靠最大流分布概率为 ： 0.0687149
状态划分算法消耗的内存为：3.12891
状态划分算法运行时间(ms) ： 4833.01
---------------------------------
流分布如下: 
---------------------------------
0   30  30  0   0   30  0   0   0   0   0   0   0   0   0   
0   0   0   0   0   0   0   30  0   0   0   0   0   0   0   
0   0   0   30  0   0   0   0   0   0   0   0   0   0   0   
0   0   0   0   0   0   0   0   30  0   0   0   0   0   0   
0   0   0   0   0   0   0   0   0   0   0   0   0   0   0   
0   0   0   0   0   0   0   0   0   0   0   0   0   0   30  
0   0   0   0   0   0   0   0   0   0   0   0   0   0   0   
0   0   0   0   0   0   0   0   0   0   30  0   0   0   0   
0   0   0   0   0   0   0   0   0   0   0   0   30  0   0   
0   0   0   0   0   0   0   0   0   0   0   0   0   0   0   
0   0   0   0   0   0   0   0   0   0   0   0   0   30  0   
0   0   0   0   0   0   0   0   0   0   0   0   0   0   0   
0   0   0   0   0   0   0   0   0   0   0   0   0   0   30  
0   0   0   0   0   0   0   0   0   0   0   0   0   0   30  
0   0   0   0   0   0   0   0   0   0   0   0   0   0   0   
---------------------------------
