3--4最大流值为：53
最可靠最大流分布概率为 ： 0.287123
状态划分算法消耗的内存为：3.05078
状态划分算法运行时间(ms) ： 1.83347
---------------------------------
流分布如下: 
---------------------------------
0   0   0   0   0   0   0   0   0   0   
0   0   0   0   0   0   0   0   0   0   
0   0   0   40  0   0   13  0   0   0   
0   0   0   0   0   0   0   0   0   0   
0   0   0   0   0   0   0   0   0   0   
0   0   0   0   0   0   0   0   0   0   
0   0   0   13  0   0   0   0   0   0   
0   0   0   0   0   0   0   0   0   0   
0   0   0   0   0   0   0   0   0   0   
0   0   0   0   0   0   0   0   0   0   
---------------------------------
1--4最大流值为：13
最可靠最大流分布概率为 ： 0.311361
状态划分算法消耗的内存为：3.10938
状态划分算法运行时间(ms) ： 35.6408
---------------------------------
流分布如下: 
---------------------------------
0   5   8   0   0   0   0   0   0   0   
0   0   0   0   5   0   0   0   0   0   
0   0   0   0   8   0   0   0   0   0   
0   0   0   0   0   0   0   0   0   0   
0   0   0   13  0   0   0   0   0   0   
0   0   0   0   0   0   0   0   0   0   
0   0   0   0   0   0   0   0   0   0   
0   0   0   0   0   0   0   0   0   0   
0   0   0   0   0   0   0   0   0   0   
0   0   0   0   0   0   0   0   0   0   
---------------------------------
1--3最大流值为：28
最可靠最大流分布概率为 ： 0.389119
状态划分算法消耗的内存为：3.10938
状态划分算法运行时间(ms) ： 2.54774
---------------------------------
流分布如下: 
---------------------------------
0   0   0   5   0   0   0   0   4   19  
0   0   0   0   0   0   0   0   0   0   
0   0   0   0   0   0   0   0   0   0   
0   0   5   0   0   0   0   0   0   0   
0   0   0   0   0   0   0   0   0   0   
0   0   0   0   0   0   0   0   0   0   
0   0   0   0   0   0   0   0   0   0   
0   0   0   0   0   0   0   0   0   0   
0   0   4   0   0   0   0   0   0   0   
0   0   19  0   0   0   0   0   0   0   
---------------------------------
2--8最大流值为：60
最可靠最大流分布概率为 ： 0.0746805
状态划分算法消耗的内存为：3.10938
状态划分算法运行时间(ms) ： 3.78347
---------------------------------
流分布如下: 
---------------------------------
0   0   0   0   0   0   0   5   0   0   
5   0   19  3   0   0   0   0   0   33  
0   0   0   0   0   0   4   18  0   0   
0   0   3   0   0   0   0   0   0   0   
0   0   0   0   0   0   0   0   0   0   
0   0   0   0   0   0   0   0   0   0   
0   0   0   0   0   0   0   4   0   0   
0   0   0   0   0   0   0   0   0   0   
0   0   0   0   0   0   0   0   0   0   
0   0   0   0   0   0   0   33  0   0   
---------------------------------
8--1最大流值为：56
最可靠最大流分布概率为 ： 0.0465538
状态划分算法消耗的内存为：3.10938
状态划分算法运行时间(ms) ： 8.18147
---------------------------------
流分布如下: 
---------------------------------
0   0   0   0   0   0   0   0   0   0   
8   0   0   2   14  0   0   0   0   0   
39  0   0   0   0   0   0   0   0   0   
0   0   2   0   0   0   0   0   0   0   
0   0   18  0   0   0   0   0   0   0   
9   0   13  0   0   0   0   0   0   0   
0   0   0   0   0   0   0   0   0   0   
0   24  6   0   4   0   0   0   0   22  
0   0   0   0   0   0   0   0   0   0   
0   0   0   0   0   22  0   0   0   0   
---------------------------------
