6--5最大流值为：36
最可靠最大流分布概率为 ： 0.00917581
状态划分算法消耗的内存为：3.05469
状态划分算法运行时间(ms) ： 40.4773
---------------------------------
流分布如下: 
---------------------------------
0   0   0   0   5   0   0   0   0   6   0   0   
0   0   0   19  0   0   0   0   0   0   0   0   
0   0   0   0   31  0   0   0   0   0   0   0   
0   0   0   0   0   0   0   0   0   19  0   0   
0   0   0   0   0   0   0   0   0   0   0   0   
0   0   0   0   0   0   4   0   13  0   19  0   
4   0   0   0   0   0   0   0   0   0   0   0   
0   0   0   0   0   0   0   0   0   0   0   0   
0   0   0   0   0   0   0   0   0   0   0   13  
0   0   31  0   0   0   0   0   0   0   0   0   
0   19  0   0   0   0   0   0   0   0   0   0   
7   0   0   0   0   0   0   0   0   6   0   0   
---------------------------------
7--12最大流值为：14
最可靠最大流分布概率为 ： 0.0667728
状态划分算法消耗的内存为：3.11328
状态划分算法运行时间(ms) ： 7.26317
---------------------------------
流分布如下: 
---------------------------------
0   0   0   0   0   0   0   0   0   0   0   0   
0   0   0   0   0   0   0   0   0   0   0   0   
0   0   0   0   0   0   0   0   0   0   0   0   
0   0   0   0   0   0   0   0   0   0   0   0   
0   0   0   0   0   0   0   0   4   0   0   0   
0   0   0   0   0   0   0   0   0   0   0   0   
0   0   0   0   0   0   0   10  0   0   0   4   
0   0   0   0   0   0   0   0   0   0   10  0   
0   0   0   0   0   0   0   0   0   4   0   0   
0   0   0   0   0   0   0   0   0   0   0   10  
0   0   0   0   4   0   0   0   0   6   0   0   
0   0   0   0   0   0   0   0   0   0   0   0   
---------------------------------
10--8最大流值为：22
最可靠最大流分布概率为 ： 0.317
状态划分算法消耗的内存为：3.11328
状态划分算法运行时间(ms) ： 6.4789
---------------------------------
流分布如下: 
---------------------------------
0   0   0   0   0   0   0   0   0   0   0   0   
0   0   0   0   0   0   0   0   0   0   0   22  
0   0   0   0   0   0   0   0   0   0   0   0   
0   0   0   0   0   4   0   18  0   0   0   0   
0   0   0   0   0   0   0   0   0   0   0   0   
0   0   0   0   0   0   0   4   0   0   0   0   
0   0   0   0   0   0   0   0   0   0   0   0   
0   0   0   0   0   0   0   0   0   0   0   0   
0   0   0   0   0   0   0   0   0   0   0   0   
0   22  0   0   0   0   0   0   0   0   0   0   
0   0   0   0   0   0   0   0   0   0   0   0   
0   0   0   22  0   0   0   0   0   0   0   0   
---------------------------------
12--6最大流值为：68
最可靠最大流分布概率为 ： 0.192315
状态划分算法消耗的内存为：3.11328
状态划分算法运行时间(ms) ： 24.2452
---------------------------------
流分布如下: 
---------------------------------
0   0   0   0   0   0   0   0   0   0   0   0   
0   0   0   0   24  0   0   0   0   0   0   0   
0   0   0   0   0   0   0   0   0   0   0   0   
0   0   0   0   0   0   0   0   0   0   0   0   
0   0   0   0   0   18  0   0   0   0   6   0   
0   0   0   0   0   0   0   0   0   0   0   0   
0   0   0   0   0   0   0   0   0   0   0   0   
0   0   0   0   0   0   0   0   0   0   0   0   
0   0   0   0   0   0   0   0   0   0   0   0   
0   0   0   0   0   0   0   0   0   0   0   0   
0   0   0   0   0   12  0   0   0   0   0   0   
0   24  0   0   0   38  0   0   0   0   6   0   
---------------------------------
7--6最大流值为：10
最可靠最大流分布概率为 ： 0.171871
状态划分算法消耗的内存为：3.11328
状态划分算法运行时间(ms) ： 12.962
---------------------------------
流分布如下: 
---------------------------------
0   0   0   0   0   0   0   0   0   0   0   0   
0   0   0   0   0   0   0   0   0   0   0   0   
0   0   0   0   0   0   0   6   0   0   0   0   
0   0   0   0   0   0   0   4   0   0   0   0   
0   0   0   0   0   0   0   0   0   0   0   0   
0   0   0   0   0   0   0   0   0   0   0   0   
0   0   6   0   0   0   0   0   4   0   0   0   
0   0   0   0   0   10  0   0   0   0   0   0   
0   0   0   4   0   0   0   0   0   0   0   0   
0   0   0   0   0   0   0   0   0   0   0   0   
0   0   0   0   0   0   0   0   0   0   0   0   
0   0   0   0   0   0   0   0   0   0   0   0   
---------------------------------
