6--5最大流值为：36
最可靠最大流分布概率为 ： 0.0479222
状态划分算法消耗的内存为：3.05469
状态划分算法运行时间(ms) ： 39.0176
---------------------------------
流分布如下: 
---------------------------------
0   0   0   0   5   0   0   0   0   8   0   0   
0   0   0   19  0   0   0   0   0   0   0   0   
0   0   0   0   31  0   0   0   0   0   0   0   
0   0   0   0   0   0   0   0   0   19  0   0   
0   0   0   0   0   0   0   0   0   0   0   0   
0   0   0   0   0   0   4   0   13  0   19  0   
4   0   0   0   0   0   0   0   0   0   0   0   
0   0   0   0   0   0   0   0   0   0   0   0   
0   0   0   0   0   0   0   0   0   4   0   9   
0   0   31  0   0   0   0   0   0   0   0   0   
0   19  0   0   0   0   0   0   0   0   0   0   
9   0   0   0   0   0   0   0   0   0   0   0   
---------------------------------
7--12最大流值为：14
最可靠最大流分布概率为 ： 0.246679
状态划分算法消耗的内存为：3.10547
状态划分算法运行时间(ms) ： 6.96745
---------------------------------
流分布如下: 
---------------------------------
0   0   0   0   0   0   0   0   0   0   0   0   
0   0   0   0   0   0   0   0   0   0   0   0   
0   0   0   0   0   0   0   0   0   0   0   0   
0   0   0   0   0   0   0   0   0   0   0   0   
0   0   0   0   0   0   0   0   0   0   0   0   
0   0   0   0   0   0   0   0   0   0   0   0   
0   0   0   0   0   0   0   4   0   0   6   4   
0   0   0   0   0   0   0   0   4   0   0   0   
0   0   0   0   0   0   0   0   0   4   0   0   
0   0   0   0   0   0   0   0   0   0   0   10  
0   0   0   0   0   0   0   0   0   6   0   0   
0   0   0   0   0   0   0   0   0   0   0   0   
---------------------------------
10--8最大流值为：22
最可靠最大流分布概率为 ： 0.226278
状态划分算法消耗的内存为：3.10547
状态划分算法运行时间(ms) ： 6.72177
---------------------------------
流分布如下: 
---------------------------------
0   0   0   0   0   0   0   0   0   0   0   0   
0   0   0   0   0   0   0   0   0   0   0   18  
0   0   0   0   0   0   0   0   0   0   0   0   
0   0   0   0   0   0   0   18  0   0   0   0   
0   0   0   0   0   0   0   0   0   0   0   0   
0   0   0   0   0   0   0   4   0   0   0   0   
0   0   0   0   0   0   0   0   0   0   0   0   
0   0   0   0   0   0   0   0   0   0   0   0   
0   0   0   0   0   0   0   0   0   0   0   0   
0   18  0   0   0   4   0   0   0   0   0   0   
0   0   0   0   0   0   0   0   0   0   0   0   
0   0   0   18  0   0   0   0   0   0   0   0   
---------------------------------
12--6最大流值为：68
最可靠最大流分布概率为 ： 0.192381
状态划分算法消耗的内存为：3.10547
状态划分算法运行时间(ms) ： 24.9763
---------------------------------
流分布如下: 
---------------------------------
0   0   0   0   0   0   0   0   0   0   0   0   
0   0   0   0   24  0   0   0   0   0   0   0   
0   0   0   0   0   0   0   0   0   0   0   0   
0   0   0   0   0   0   0   0   0   0   0   0   
0   0   0   0   0   18  0   0   0   0   6   0   
0   0   0   0   0   0   0   0   0   0   0   0   
0   0   0   0   0   0   0   0   0   0   0   0   
0   0   0   0   0   0   0   0   0   0   0   0   
0   0   0   0   0   0   0   0   0   0   0   0   
0   0   0   0   0   0   0   0   0   0   0   0   
0   0   0   0   0   12  0   0   0   0   0   0   
0   24  0   0   0   38  0   0   0   0   6   0   
---------------------------------
7--6最大流值为：10
最可靠最大流分布概率为 ： 0.266696
状态划分算法消耗的内存为：3.10547
状态划分算法运行时间(ms) ： 14.1389
---------------------------------
流分布如下: 
---------------------------------
0   0   0   0   0   0   0   0   0   0   0   0   
0   0   0   0   0   0   0   0   0   0   0   0   
0   0   0   0   0   0   0   6   0   0   0   0   
0   0   0   0   0   0   0   4   0   0   0   0   
0   0   0   0   0   0   0   0   0   0   0   0   
0   0   0   0   0   0   0   0   0   0   0   0   
0   0   6   0   0   0   0   0   4   0   0   0   
0   0   0   0   0   10  0   0   0   0   0   0   
0   0   0   4   0   0   0   0   0   0   0   0   
0   0   0   0   0   0   0   0   0   0   0   0   
0   0   0   0   0   0   0   0   0   0   0   0   
0   0   0   0   0   0   0   0   0   0   0   0   
---------------------------------
