6--5最大流值为：36
最可靠最大流分布概率为 ： 0.0163605
状态划分算法消耗的内存为：3.05859
状态划分算法运行时间(ms) ： 40.1749
---------------------------------
流分布如下: 
---------------------------------
0   0   0   0   5   0   0   0   0   6   0   0   
0   0   0   19  0   0   0   0   0   0   0   0   
0   0   0   0   31  0   0   0   0   0   0   0   
0   0   0   0   0   0   0   0   0   19  0   0   
0   0   0   0   0   0   0   0   0   0   0   0   
0   0   0   0   0   0   4   0   13  0   19  0   
4   0   0   0   0   0   0   0   0   0   0   0   
0   0   0   0   0   0   0   0   0   0   0   0   
0   0   0   0   0   0   0   0   0   0   0   13  
0   0   31  0   0   0   0   0   0   0   0   0   
0   19  0   0   0   0   0   0   0   0   0   0   
7   0   0   0   0   0   0   0   0   6   0   0   
---------------------------------
7--12最大流值为：14
最可靠最大流分布概率为 ： 0.196521
状态划分算法消耗的内存为：3.11719
状态划分算法运行时间(ms) ： 7.34191
---------------------------------
流分布如下: 
---------------------------------
0   0   0   0   0   0   0   0   0   0   0   0   
0   0   0   0   0   0   0   0   0   0   0   0   
0   0   0   0   0   0   0   0   0   0   0   0   
0   0   0   0   0   0   0   0   0   0   0   0   
0   0   0   0   0   0   0   0   0   0   0   0   
0   0   0   0   0   0   0   0   0   0   0   0   
0   0   0   0   0   0   0   10  0   0   0   4   
0   0   0   0   0   0   0   0   4   0   6   0   
0   0   0   0   0   0   0   0   0   4   0   0   
0   0   0   0   0   0   0   0   0   0   0   10  
0   0   0   0   0   0   0   0   0   6   0   0   
0   0   0   0   0   0   0   0   0   0   0   0   
---------------------------------
10--8最大流值为：22
最可靠最大流分布概率为 ： 0.17554
状态划分算法消耗的内存为：3.11719
状态划分算法运行时间(ms) ： 6.11948
---------------------------------
流分布如下: 
---------------------------------
0   0   0   0   0   0   0   0   0   0   0   0   
0   0   0   0   0   0   0   0   0   0   0   22  
0   0   0   0   0   0   0   0   0   0   0   0   
0   0   0   0   0   4   0   18  0   0   0   0   
0   0   0   0   0   0   0   0   0   0   0   0   
0   0   0   0   0   0   0   4   0   0   0   0   
0   0   0   0   0   0   0   0   0   0   0   0   
0   0   0   0   0   0   0   0   0   0   0   0   
0   0   0   0   0   0   0   0   0   0   0   0   
0   22  0   0   0   0   0   0   0   0   0   0   
0   0   0   0   0   0   0   0   0   0   0   0   
0   0   0   22  0   0   0   0   0   0   0   0   
---------------------------------
12--6最大流值为：68
最可靠最大流分布概率为 ： 0.0616543
状态划分算法消耗的内存为：3.11719
状态划分算法运行时间(ms) ： 25.1338
---------------------------------
流分布如下: 
---------------------------------
0   0   0   0   0   0   0   0   0   0   0   0   
0   0   0   0   24  0   0   0   0   0   0   0   
0   0   0   0   0   0   0   0   0   0   0   0   
0   0   0   0   0   0   0   0   0   0   0   0   
0   0   0   0   0   18  0   0   0   0   6   0   
0   0   0   0   0   0   0   0   0   0   0   0   
0   0   0   0   0   0   0   0   0   0   0   0   
0   0   0   0   0   0   0   0   0   0   0   0   
0   0   0   0   0   0   0   0   0   0   0   0   
0   0   0   0   0   0   0   0   0   0   0   0   
0   0   0   0   0   12  0   0   0   0   0   0   
0   24  0   0   0   38  0   0   0   0   6   0   
---------------------------------
7--6最大流值为：10
最可靠最大流分布概率为 ： 0.126046
状态划分算法消耗的内存为：3.11719
状态划分算法运行时间(ms) ： 13.193
---------------------------------
流分布如下: 
---------------------------------
0   0   0   0   0   0   0   0   0   0   0   0   
0   0   0   0   0   0   0   0   0   0   0   0   
0   0   0   0   0   0   0   6   0   0   0   0   
0   0   0   0   0   0   0   4   0   0   0   0   
0   0   0   0   0   0   0   0   0   0   0   0   
0   0   0   0   0   0   0   0   0   0   0   0   
0   0   6   0   0   0   0   0   4   0   0   0   
0   0   0   0   0   10  0   0   0   0   0   0   
0   0   0   4   0   0   0   0   0   0   0   0   
0   0   0   0   0   0   0   0   0   0   0   0   
0   0   0   0   0   0   0   0   0   0   0   0   
0   0   0   0   0   0   0   0   0   0   0   0   
---------------------------------
