6--1最大流值为：61
最可靠最大流分布概率为 ： 0.220751
状态划分算法消耗的内存为：3.05469
状态划分算法运行时间(ms) ： 1.32602
---------------------------------
流分布如下: 
---------------------------------
0   0   0   0   0   0   
0   0   0   0   0   0   
0   0   0   0   0   0   
19  0   0   0   0   0   
9   0   0   0   0   0   
33  0   0   19  9   0   
---------------------------------
3--1最大流值为：59
最可靠最大流分布概率为 ： 0.249541
状态划分算法消耗的内存为：3.10938
状态划分算法运行时间(ms) ： 1.25357
---------------------------------
流分布如下: 
---------------------------------
0   0   0   0   0   0   
0   0   0   0   0   0   
19  0   0   0   31  9   
0   0   0   0   0   0   
31  0   0   0   0   0   
9   0   0   0   0   0   
---------------------------------
5--2最大流值为：14
最可靠最大流分布概率为 ： 0.335423
状态划分算法消耗的内存为：3.10938
状态划分算法运行时间(ms) ： 1.4625
---------------------------------
流分布如下: 
---------------------------------
0   5   0   0   0   0   
0   0   0   0   0   0   
0   0   0   0   0   0   
0   0   0   0   0   0   
0   0   0   0   0   14  
5   9   0   0   0   0   
---------------------------------
1--5最大流值为：32
最可靠最大流分布概率为 ： 0.19505
状态划分算法消耗的内存为：3.10938
状态划分算法运行时间(ms) ： 1.83521
---------------------------------
流分布如下: 
---------------------------------
0   5   8   0   19  0   
0   0   5   0   0   0   
0   0   0   13  0   0   
0   0   0   0   13  0   
0   0   0   0   0   0   
0   0   0   0   0   0   
---------------------------------
5--1最大流值为：40
最可靠最大流分布概率为 ： 0.154139
状态划分算法消耗的内存为：3.10938
状态划分算法运行时间(ms) ： 1.73897
---------------------------------
流分布如下: 
---------------------------------
0   0   0   0   0   0   
5   0   0   8   0   0   
0   0   0   0   0   0   
17  0   0   0   0   0   
18  13  0   9   0   0   
0   0   0   0   0   0   
---------------------------------
