5--6最大流值为：7
最可靠最大流分布概率为 ： 0.380325
状态划分算法消耗的内存为：3.05078
状态划分算法运行时间(ms) ： 1.51185
---------------------------------
流分布如下: 
---------------------------------
0   0   0   0   0   5   0   0   
0   0   0   0   0   0   0   0   
0   0   0   0   0   0   0   0   
5   0   0   0   0   2   0   0   
0   0   0   0   0   0   7   0   
0   0   0   0   0   0   0   0   
0   0   0   7   0   0   0   0   
0   0   0   0   0   0   0   0   
---------------------------------
3--2最大流值为：10
最可靠最大流分布概率为 ： 0.129691
状态划分算法消耗的内存为：3.10938
状态划分算法运行时间(ms) ： 4.81726
---------------------------------
流分布如下: 
---------------------------------
0   0   0   0   0   0   0   6   
0   0   0   0   0   0   0   0   
0   0   0   10  0   0   0   0   
0   0   0   0   0   0   10  0   
0   0   0   0   0   0   0   0   
0   10  0   0   0   0   0   0   
6   0   0   0   0   4   0   0   
0   0   0   0   0   6   0   0   
---------------------------------
8--3最大流值为：42
最可靠最大流分布概率为 ： 0.152558
状态划分算法消耗的内存为：3.10938
状态划分算法运行时间(ms) ： 4.9163
---------------------------------
流分布如下: 
---------------------------------
0   5   0   0   0   8   0   0   
0   0   5   0   0   0   0   0   
0   0   0   0   0   0   0   0   
0   0   2   0   0   0   0   0   
0   0   0   0   0   0   0   0   
0   0   8   0   0   0   0   0   
0   0   0   0   0   0   0   0   
13  0   27  2   0   0   0   0   
---------------------------------
4--8最大流值为：4
最可靠最大流分布概率为 ： 0.44009
状态划分算法消耗的内存为：3.11328
状态划分算法运行时间(ms) ： 8.11148
---------------------------------
流分布如下: 
---------------------------------
0   0   0   0   0   0   4   0   
0   0   0   0   0   0   0   0   
0   0   0   0   0   0   0   0   
4   0   0   0   0   0   0   0   
0   0   0   0   0   0   0   4   
0   0   0   0   0   0   0   0   
0   0   0   0   4   0   0   0   
0   0   0   0   0   0   0   0   
---------------------------------
6--2最大流值为：15
最可靠最大流分布概率为 ： 0.243851
状态划分算法消耗的内存为：3.11328
状态划分算法运行时间(ms) ： 1.96855
---------------------------------
流分布如下: 
---------------------------------
0   0   0   0   0   0   0   0   
0   0   0   0   0   0   0   0   
0   2   0   0   0   0   0   0   
0   0   2   0   0   0   0   0   
0   13  0   0   0   0   0   0   
0   0   0   0   0   0   13  2   
0   0   0   0   13  0   0   0   
0   0   0   2   0   0   0   0   
---------------------------------
