3--4最大流值为：53
最可靠最大流分布概率为 ： 0.474688
状态划分算法消耗的内存为：3.05078
状态划分算法运行时间(ms) ： 2.89841
---------------------------------
流分布如下: 
---------------------------------
0   0   0   0   0   0   0   0   0   0   
0   0   0   0   0   0   0   0   0   0   
0   0   0   40  0   0   13  0   0   0   
0   0   0   0   0   0   0   0   0   0   
0   0   0   0   0   0   0   0   0   0   
0   0   0   0   0   0   0   0   0   0   
0   0   0   13  0   0   0   0   0   0   
0   0   0   0   0   0   0   0   0   0   
0   0   0   0   0   0   0   0   0   0   
0   0   0   0   0   0   0   0   0   0   
---------------------------------
1--4最大流值为：13
最可靠最大流分布概率为 ： 0.162234
状态划分算法消耗的内存为：3.10938
状态划分算法运行时间(ms) ： 43.7144
---------------------------------
流分布如下: 
---------------------------------
0   5   8   0   0   0   0   0   0   0   
0   0   0   0   0   0   0   0   0   7   
0   0   0   0   6   2   0   0   0   0   
0   0   0   0   0   0   0   0   0   0   
0   0   0   0   0   0   6   0   0   0   
0   2   0   0   0   0   0   0   0   0   
0   0   0   0   0   0   0   0   0   6   
0   0   0   0   0   0   0   0   0   0   
0   0   0   0   0   0   0   0   0   0   
0   0   0   13  0   0   0   0   0   0   
---------------------------------
1--3最大流值为：28
最可靠最大流分布概率为 ： 0.138119
状态划分算法消耗的内存为：3.10938
状态划分算法运行时间(ms) ： 2.96455
---------------------------------
流分布如下: 
---------------------------------
0   0   0   5   0   0   0   0   4   19  
0   0   0   0   0   0   0   0   0   0   
0   0   0   0   0   0   0   0   0   0   
0   0   5   0   0   0   0   0   0   0   
0   0   0   0   0   0   0   0   0   0   
0   0   0   0   0   0   0   0   0   0   
0   0   0   0   0   0   0   0   0   0   
0   0   0   0   0   0   0   0   0   0   
0   0   4   0   0   0   0   0   0   0   
0   0   19  0   0   0   0   0   0   0   
---------------------------------
2--8最大流值为：60
最可靠最大流分布概率为 ： 0.0245975
状态划分算法消耗的内存为：3.10938
状态划分算法运行时间(ms) ： 4.52574
---------------------------------
流分布如下: 
---------------------------------
0   0   0   0   0   0   0   5   0   0   
5   0   19  3   0   0   0   0   0   33  
0   0   0   0   0   0   4   18  0   0   
0   0   3   0   0   0   0   0   0   0   
0   0   0   0   0   0   0   0   0   0   
0   0   0   0   0   0   0   0   0   0   
0   0   0   0   0   0   0   4   0   0   
0   0   0   0   0   0   0   0   0   0   
0   0   0   0   0   0   0   0   0   0   
0   0   0   0   0   0   0   33  0   0   
---------------------------------
8--1最大流值为：56
最可靠最大流分布概率为 ： 0.025281
状态划分算法消耗的内存为：3.10938
状态划分算法运行时间(ms) ： 9.27581
---------------------------------
流分布如下: 
---------------------------------
0   0   0   0   0   0   0   0   0   0   
8   0   0   2   14  0   0   0   0   0   
39  0   0   0   0   0   0   0   0   0   
0   0   2   0   0   0   0   0   0   0   
0   0   18  0   0   0   0   0   0   0   
9   0   13  0   0   0   0   0   0   0   
0   0   0   0   0   0   0   0   0   0   
0   24  6   0   4   0   0   0   0   22  
0   0   0   0   0   0   0   0   0   0   
0   0   0   0   0   22  0   0   0   0   
---------------------------------
