5--6最大流值为：7
最可靠最大流分布概率为 ： 0.163124
状态划分算法消耗的内存为：3.05078
状态划分算法运行时间(ms) ： 1.40721
---------------------------------
流分布如下: 
---------------------------------
0   0   0   0   0   5   0   0   
0   0   0   0   0   0   0   0   
0   0   0   0   0   0   0   0   
5   0   0   0   0   2   0   0   
0   0   0   0   0   0   7   0   
0   0   0   0   0   0   0   0   
0   0   0   7   0   0   0   0   
0   0   0   0   0   0   0   0   
---------------------------------
3--2最大流值为：10
最可靠最大流分布概率为 ： 0.335615
状态划分算法消耗的内存为：3.10547
状态划分算法运行时间(ms) ： 5.04789
---------------------------------
流分布如下: 
---------------------------------
0   0   0   0   0   0   0   6   
0   0   0   0   0   0   0   0   
0   0   0   10  0   0   0   0   
0   0   0   0   0   0   10  0   
0   0   0   0   0   0   0   0   
0   10  0   0   0   0   0   0   
6   0   0   0   0   4   0   0   
0   0   0   0   0   6   0   0   
---------------------------------
8--3最大流值为：42
最可靠最大流分布概率为 ： 0.0748666
状态划分算法消耗的内存为：3.10938
状态划分算法运行时间(ms) ： 3.80237
---------------------------------
流分布如下: 
---------------------------------
0   5   0   0   0   8   0   0   
0   0   5   0   0   0   0   0   
0   0   0   0   0   0   0   0   
0   0   2   0   0   0   0   0   
0   0   0   0   0   0   0   0   
0   0   8   0   0   0   0   0   
0   0   0   0   0   0   0   0   
13  0   27  2   0   0   0   0   
---------------------------------
4--8最大流值为：4
最可靠最大流分布概率为 ： 0.501316
状态划分算法消耗的内存为：3.11328
状态划分算法运行时间(ms) ： 7.94
---------------------------------
流分布如下: 
---------------------------------
0   0   0   0   0   0   0   0   
0   0   0   0   4   0   0   0   
0   0   0   0   0   0   0   0   
0   4   0   0   0   0   0   0   
0   0   0   0   0   0   0   4   
0   0   0   0   0   0   0   0   
0   0   0   0   0   0   0   0   
0   0   0   0   0   0   0   0   
---------------------------------
6--2最大流值为：15
最可靠最大流分布概率为 ： 0.111438
状态划分算法消耗的内存为：3.11328
状态划分算法运行时间(ms) ： 1.985
---------------------------------
流分布如下: 
---------------------------------
0   0   0   0   0   0   0   0   
0   0   0   0   0   0   0   0   
0   2   0   0   0   0   0   0   
0   0   2   0   0   0   0   0   
0   13  0   0   0   0   0   0   
0   0   0   0   0   0   15  0   
0   0   0   2   13  0   0   0   
0   0   0   0   0   0   0   0   
---------------------------------
