12--8最大流值为：6
最可靠最大流分布概率为 ： 0.113655
状态划分算法消耗的内存为：3.05469
状态划分算法运行时间(ms) ： 18.5719
---------------------------------
流分布如下: 
---------------------------------
0   0   0   0   0   0   0   0   0   0   0   0   0   0   
0   0   0   0   0   0   0   0   0   0   0   0   0   0   
0   0   0   0   4   0   2   0   0   0   0   0   0   0   
0   0   0   0   0   0   0   4   0   0   0   0   0   0   
0   0   0   4   0   0   0   0   0   0   0   0   0   0   
0   0   0   0   0   0   0   0   0   0   0   0   0   0   
0   0   0   0   0   0   0   0   0   0   0   0   2   0   
0   0   0   0   0   0   0   0   0   0   0   0   0   0   
0   0   0   0   0   0   0   0   0   0   0   0   0   0   
0   0   0   0   0   0   0   0   0   0   0   0   0   0   
0   0   0   0   0   0   0   0   0   0   0   0   0   0   
0   0   6   0   0   0   0   0   0   0   0   0   0   0   
0   0   0   0   0   0   0   2   0   0   0   0   0   0   
0   0   0   0   0   0   0   0   0   0   0   0   0   0   
---------------------------------
7--8最大流值为：7
最可靠最大流分布概率为 ： 0.103018
状态划分算法消耗的内存为：3.11328
状态划分算法运行时间(ms) ： 139.281
---------------------------------
流分布如下: 
---------------------------------
0   0   0   0   0   0   0   0   0   0   0   0   0   0   
0   0   0   0   0   0   0   0   0   0   0   0   0   0   
0   0   0   0   4   0   0   0   0   0   0   0   0   0   
0   0   0   0   0   0   0   4   0   0   0   0   0   0   
0   0   0   4   0   0   0   0   0   0   0   0   0   0   
0   0   0   0   0   0   0   0   0   0   0   0   0   0   
0   0   0   0   0   0   0   0   0   0   4   0   3   0   
0   0   0   0   0   0   0   0   0   0   0   0   0   0   
0   0   0   0   0   0   0   0   0   0   0   0   0   0   
0   0   0   0   0   0   0   0   0   0   0   0   0   0   
0   0   4   0   0   0   0   0   0   0   0   0   0   0   
0   0   0   0   0   0   0   0   0   0   0   0   0   0   
0   0   0   0   0   0   0   3   0   0   0   0   0   0   
0   0   0   0   0   0   0   0   0   0   0   0   0   0   
---------------------------------
12--10最大流值为：12
最可靠最大流分布概率为 ： 0.102392
状态划分算法消耗的内存为：3.11328
状态划分算法运行时间(ms) ： 29.6081
---------------------------------
流分布如下: 
---------------------------------
0   0   0   0   0   0   0   0   0   0   0   0   0   0   
0   0   0   0   0   0   0   0   0   0   0   0   0   0   
0   0   0   0   4   0   2   0   0   0   0   0   0   0   
0   0   0   0   0   0   0   0   0   4   0   0   0   0   
0   0   0   4   0   0   0   0   0   0   0   0   0   0   
0   0   0   0   0   0   0   0   0   0   0   0   0   0   
0   0   0   0   0   0   0   0   0   0   0   0   0   2   
0   0   0   0   0   0   0   0   0   0   0   0   0   0   
0   0   0   0   0   0   0   0   0   0   0   0   0   0   
0   0   0   0   0   0   0   0   0   0   0   0   0   0   
0   0   0   0   0   0   0   0   0   0   0   0   0   0   
0   0   6   0   0   0   0   0   0   6   0   0   0   0   
0   0   0   0   0   0   0   0   0   0   0   0   0   0   
0   0   0   0   0   0   0   0   0   2   0   0   0   0   
---------------------------------
7--3最大流值为：32
最可靠最大流分布概率为 ： 0.0312225
状态划分算法消耗的内存为：3.12109
状态划分算法运行时间(ms) ： 40.4297
---------------------------------
流分布如下: 
---------------------------------
0   0   0   0   0   0   0   0   0   0   0   0   0   0   
0   0   0   0   0   0   0   0   9   0   0   0   0   0   
0   0   0   0   0   0   0   0   0   0   0   0   0   0   
0   0   0   0   0   0   0   0   0   0   0   0   0   0   
0   0   0   0   0   0   0   0   0   0   0   0   0   0   
0   0   0   0   0   0   0   0   0   0   0   0   0   0   
0   0   0   0   0   0   0   0   0   0   13  0   13  6   
0   0   0   0   0   0   0   0   0   3   0   0   0   0   
0   0   9   0   0   0   0   0   0   0   0   0   0   0   
0   9   0   0   0   0   0   0   0   0   0   0   0   0   
0   0   13  0   0   0   0   0   0   0   0   0   0   0   
0   0   10  0   0   0   0   0   0   0   0   0   0   0   
0   0   0   0   0   0   0   3   0   0   0   10  0   0   
0   0   0   0   0   0   0   0   0   6   0   0   0   0   
---------------------------------
12--2最大流值为：12
最可靠最大流分布概率为 ： 0.0885255
状态划分算法消耗的内存为：3.125
状态划分算法运行时间(ms) ： 51.9568
---------------------------------
流分布如下: 
---------------------------------
0   0   0   0   0   0   0   0   0   0   0   0   0   0   
0   0   0   0   0   0   0   0   0   0   0   0   0   0   
0   0   0   0   4   0   2   0   0   0   0   0   0   0   
0   0   0   0   0   0   0   0   0   4   0   0   0   0   
0   0   0   4   0   0   0   0   0   0   0   0   0   0   
0   0   0   0   0   0   0   0   0   0   0   0   0   0   
0   0   0   0   0   0   0   0   0   0   0   0   0   2   
0   0   0   0   0   0   0   0   0   0   0   0   0   0   
0   0   0   0   0   0   0   0   0   0   0   0   0   0   
0   12  0   0   0   0   0   0   0   0   0   0   0   0   
0   0   0   0   0   0   0   0   0   0   0   0   0   0   
0   0   6   0   0   0   0   0   0   6   0   0   0   0   
0   0   0   0   0   0   0   0   0   0   0   0   0   0   
0   0   0   0   0   0   0   0   0   2   0   0   0   0   
---------------------------------
