12--8最大流值为：6
最可靠最大流分布概率为 ： 0.0667191
状态划分算法消耗的内存为：3.04688
状态划分算法运行时间(ms) ： 18.0085
---------------------------------
流分布如下: 
---------------------------------
0   0   0   0   0   0   0   4   0   0   0   0   0   0   
0   0   0   0   0   0   0   0   0   0   0   0   0   0   
0   0   0   0   0   0   2   0   0   0   0   0   0   0   
4   0   0   0   0   0   0   0   0   0   0   0   0   0   
0   0   0   4   0   0   0   0   0   0   0   0   0   0   
0   0   0   0   0   0   0   0   0   0   0   0   0   0   
0   0   0   0   0   0   0   0   0   0   0   0   2   0   
0   0   0   0   0   0   0   0   0   0   0   0   0   0   
0   0   0   0   0   0   0   0   0   0   0   0   0   0   
0   0   0   0   0   0   0   0   0   0   0   0   0   0   
0   0   0   0   0   0   0   0   0   0   0   0   0   0   
0   0   2   0   4   0   0   0   0   0   0   0   0   0   
0   0   0   0   0   0   0   2   0   0   0   0   0   0   
0   0   0   0   0   0   0   0   0   0   0   0   0   0   
---------------------------------
7--8最大流值为：7
最可靠最大流分布概率为 ： 0.149102
状态划分算法消耗的内存为：3.10547
状态划分算法运行时间(ms) ： 124.584
---------------------------------
流分布如下: 
---------------------------------
0   0   0   0   0   0   0   4   0   0   0   0   0   0   
0   0   0   0   4   0   0   0   0   0   0   0   0   0   
0   0   0   0   0   0   0   0   0   0   0   0   0   0   
4   0   0   0   0   0   0   0   0   0   0   0   0   0   
0   0   0   4   0   0   0   0   0   0   0   0   0   0   
0   0   0   0   0   0   0   0   0   0   0   0   0   0   
0   0   0   0   0   0   0   0   0   0   0   0   3   4   
0   0   0   0   0   0   0   0   0   0   0   0   0   0   
0   0   0   0   0   0   0   0   0   0   0   0   0   0   
0   4   0   0   0   0   0   0   0   0   0   0   0   0   
0   0   0   0   0   0   0   0   0   0   0   0   0   0   
0   0   0   0   0   0   0   0   0   0   0   0   0   0   
0   0   0   0   0   0   0   3   0   0   0   0   0   0   
0   0   0   0   0   0   0   0   0   4   0   0   0   0   
---------------------------------
12--10最大流值为：12
最可靠最大流分布概率为 ： 0.0467281
状态划分算法消耗的内存为：3.10938
状态划分算法运行时间(ms) ： 26.632
---------------------------------
流分布如下: 
---------------------------------
0   0   0   0   0   0   0   0   0   0   0   0   0   0   
0   0   0   0   0   0   0   0   0   0   0   0   0   0   
0   0   0   0   0   0   2   0   0   0   0   0   0   0   
0   0   0   0   0   0   0   0   0   4   0   0   0   0   
0   0   0   4   0   0   0   0   0   0   0   0   0   0   
0   0   0   0   0   0   0   0   0   0   0   0   0   0   
0   0   0   0   0   0   0   0   0   0   0   0   0   2   
0   0   0   0   0   0   0   0   0   0   0   0   0   0   
0   0   0   0   0   0   0   0   0   0   0   0   0   0   
0   0   0   0   0   0   0   0   0   0   0   0   0   0   
0   0   0   0   0   0   0   0   0   0   0   0   0   0   
0   0   2   0   4   0   0   0   0   6   0   0   0   0   
0   0   0   0   0   0   0   0   0   0   0   0   0   0   
0   0   0   0   0   0   0   0   0   2   0   0   0   0   
---------------------------------
7--3最大流值为：32
最可靠最大流分布概率为 ： 0.0193314
状态划分算法消耗的内存为：3.10938
状态划分算法运行时间(ms) ： 35.3072
---------------------------------
流分布如下: 
---------------------------------
0   0   0   0   0   0   0   0   0   0   0   0   0   0   
0   0   0   0   0   0   0   0   9   0   0   0   0   0   
0   0   0   0   0   0   0   0   0   0   0   0   0   0   
0   0   0   0   0   0   0   0   0   0   0   0   0   0   
0   0   0   0   0   0   0   0   0   0   0   0   0   0   
0   0   0   0   0   0   0   0   0   0   0   0   0   0   
0   0   0   0   0   0   0   0   0   0   13  0   13  6   
0   0   0   0   0   0   0   0   0   3   0   0   0   0   
0   0   19  0   0   0   0   0   0   0   0   0   0   0   
0   9   0   0   0   0   0   0   0   0   0   0   0   0   
0   0   13  0   0   0   0   0   0   0   0   0   0   0   
0   0   0   0   0   0   0   0   10  0   0   0   0   0   
0   0   0   0   0   0   0   3   0   0   0   10  0   0   
0   0   0   0   0   0   0   0   0   6   0   0   0   0   
---------------------------------
12--2最大流值为：12
最可靠最大流分布概率为 ： 0.0466509
状态划分算法消耗的内存为：3.11328
状态划分算法运行时间(ms) ： 53.9954
---------------------------------
流分布如下: 
---------------------------------
0   0   0   0   0   0   0   0   0   0   0   0   0   0   
0   0   0   0   0   0   0   0   0   0   0   0   0   0   
0   0   0   0   0   0   2   0   0   0   0   0   0   0   
0   0   0   0   0   0   0   0   0   4   0   0   0   0   
0   0   0   4   0   0   0   0   0   0   0   0   0   0   
0   0   0   0   0   0   0   0   0   0   0   0   0   0   
0   0   0   0   0   0   0   0   0   0   0   0   0   2   
0   0   0   0   0   0   0   0   0   0   0   0   0   0   
0   0   0   0   0   0   0   0   0   0   0   0   0   0   
0   12  0   0   0   0   0   0   0   0   0   0   0   0   
0   0   0   0   0   0   0   0   0   0   0   0   0   0   
0   0   2   0   4   0   0   0   0   6   0   0   0   0   
0   0   0   0   0   0   0   0   0   0   0   0   0   0   
0   0   0   0   0   0   0   0   0   2   0   0   0   0   
---------------------------------
