5--6最大流值为：7
最可靠最大流分布概率为 ： 0.0988747
状态划分算法消耗的内存为：3.04297
状态划分算法运行时间(ms) ： 1.48105
---------------------------------
流分布如下: 
---------------------------------
0   0   0   0   0   5   0   0   
0   0   0   0   0   0   0   0   
0   0   0   0   0   0   0   0   
5   0   0   0   0   2   0   0   
0   0   0   0   0   0   7   0   
0   0   0   0   0   0   0   0   
0   0   0   7   0   0   0   0   
0   0   0   0   0   0   0   0   
---------------------------------
3--2最大流值为：10
最可靠最大流分布概率为 ： 0.13083
状态划分算法消耗的内存为：3.09766
状态划分算法运行时间(ms) ： 4.88026
---------------------------------
流分布如下: 
---------------------------------
0   0   0   0   0   0   0   0   
0   0   0   0   0   0   0   0   
0   0   0   10  0   0   0   0   
0   0   0   0   0   0   10  0   
0   0   0   0   0   0   0   0   
0   10  0   0   0   0   0   0   
0   0   0   0   0   4   0   6   
0   0   0   0   0   6   0   0   
---------------------------------
8--3最大流值为：42
最可靠最大流分布概率为 ： 0.0354128
状态划分算法消耗的内存为：3.10156
状态划分算法运行时间(ms) ： 3.9469
---------------------------------
流分布如下: 
---------------------------------
0   5   0   0   0   8   0   0   
0   0   13  0   0   0   0   0   
0   0   0   0   0   0   0   0   
0   0   2   0   0   0   0   0   
0   0   0   0   0   0   0   0   
0   8   0   0   0   0   0   0   
0   0   0   0   0   0   0   0   
13  0   27  2   0   0   0   0   
---------------------------------
4--8最大流值为：4
最可靠最大流分布概率为 ： 0.413736
状态划分算法消耗的内存为：3.10547
状态划分算法运行时间(ms) ： 8.01874
---------------------------------
流分布如下: 
---------------------------------
0   0   0   0   0   0   0   0   
0   0   0   0   4   0   0   0   
0   0   0   0   0   0   0   0   
0   4   0   0   0   0   0   0   
0   0   0   0   0   0   0   4   
0   0   0   0   0   0   0   0   
0   0   0   0   0   0   0   0   
0   0   0   0   0   0   0   0   
---------------------------------
6--2最大流值为：15
最可靠最大流分布概率为 ： 0.10112
状态划分算法消耗的内存为：3.10547
状态划分算法运行时间(ms) ： 1.97275
---------------------------------
流分布如下: 
---------------------------------
0   0   0   0   0   0   0   0   
0   0   0   0   0   0   0   0   
0   2   0   0   0   0   0   0   
0   0   2   0   0   0   0   0   
0   13  0   0   0   0   0   0   
0   0   0   0   0   0   15  0   
0   0   0   2   13  0   0   0   
0   0   0   0   0   0   0   0   
---------------------------------
