5--6最大流值为：7
最可靠最大流分布概率为 ： 0.225816
状态划分算法消耗的内存为：3.05469
状态划分算法运行时间(ms) ： 1.50765
---------------------------------
流分布如下: 
---------------------------------
0   0   0   0   0   5   0   0   
0   0   0   0   0   0   0   0   
0   0   0   0   0   0   0   0   
5   0   0   0   0   2   0   0   
0   0   0   0   0   0   7   0   
0   0   0   0   0   0   0   0   
0   0   0   7   0   0   0   0   
0   0   0   0   0   0   0   0   
---------------------------------
3--2最大流值为：10
最可靠最大流分布概率为 ： 0.206144
状态划分算法消耗的内存为：3.11328
状态划分算法运行时间(ms) ： 4.83651
---------------------------------
流分布如下: 
---------------------------------
0   0   0   0   0   0   0   0   
0   0   0   0   0   0   0   0   
0   0   0   10  0   0   0   0   
0   0   0   0   0   0   10  0   
0   0   0   0   0   0   0   0   
0   10  0   0   0   0   0   0   
0   0   0   0   0   4   0   6   
0   0   0   0   0   6   0   0   
---------------------------------
8--3最大流值为：42
最可靠最大流分布概率为 ： 0.153707
状态划分算法消耗的内存为：3.11328
状态划分算法运行时间(ms) ： 4.38261
---------------------------------
流分布如下: 
---------------------------------
0   5   0   0   0   8   0   0   
0   0   5   0   0   0   0   0   
0   0   0   0   0   0   0   0   
0   0   2   0   0   0   0   0   
0   0   0   0   0   0   0   0   
0   0   8   0   0   0   0   0   
0   0   0   0   0   0   0   0   
13  0   27  2   0   0   0   0   
---------------------------------
4--8最大流值为：4
最可靠最大流分布概率为 ： 0.330033
状态划分算法消耗的内存为：3.11719
状态划分算法运行时间(ms) ： 7.53404
---------------------------------
流分布如下: 
---------------------------------
0   0   0   0   4   0   0   0   
0   0   0   0   0   0   0   0   
0   0   0   0   0   0   0   0   
4   0   0   0   0   0   0   0   
0   0   0   0   0   0   0   4   
0   0   0   0   0   0   0   0   
0   0   0   0   0   0   0   0   
0   0   0   0   0   0   0   0   
---------------------------------
6--2最大流值为：15
最可靠最大流分布概率为 ： 0.148695
状态划分算法消耗的内存为：3.11719
状态划分算法运行时间(ms) ： 1.90941
---------------------------------
流分布如下: 
---------------------------------
0   0   0   0   0   0   0   0   
0   0   0   0   0   0   0   0   
0   2   0   0   0   0   0   0   
0   0   2   0   0   0   0   0   
0   13  0   0   0   0   0   0   
0   0   0   0   0   0   15  0   
0   0   0   2   13  0   0   0   
0   0   0   0   0   0   0   0   
---------------------------------
