12--8最大流值为：6
最可靠最大流分布概率为 ： 0.0795534
状态划分算法消耗的内存为：3.05078
状态划分算法运行时间(ms) ： 17.9861
---------------------------------
流分布如下: 
---------------------------------
0   0   0   0   0   0   0   0   0   0   0   0   0   0   
0   0   0   0   0   0   0   0   0   0   0   0   0   0   
0   0   0   0   4   0   2   0   0   0   0   0   0   0   
0   0   0   0   0   0   0   4   0   0   0   0   0   0   
0   0   0   4   0   0   0   0   0   0   0   0   0   0   
0   0   0   0   0   0   0   0   0   0   0   0   0   0   
0   0   0   0   0   0   0   0   0   0   0   0   2   0   
0   0   0   0   0   0   0   0   0   0   0   0   0   0   
0   0   0   0   0   0   0   0   0   0   0   0   0   0   
0   0   0   0   0   0   0   0   0   0   0   0   0   0   
0   0   0   0   0   0   0   0   0   0   0   0   0   0   
0   0   6   0   0   0   0   0   0   0   0   0   0   0   
0   0   0   0   0   0   0   2   0   0   0   0   0   0   
0   0   0   0   0   0   0   0   0   0   0   0   0   0   
---------------------------------
7--8最大流值为：7
最可靠最大流分布概率为 ： 0.101372
状态划分算法消耗的内存为：3.10938
状态划分算法运行时间(ms) ： 124.853
---------------------------------
流分布如下: 
---------------------------------
0   0   0   0   0   0   0   0   0   0   0   0   0   0   
0   0   0   0   0   0   0   0   0   0   0   0   0   0   
0   0   0   0   4   0   0   0   0   0   0   0   0   0   
0   0   0   0   0   0   0   4   0   0   0   0   0   0   
0   0   0   4   0   0   0   0   0   0   0   0   0   0   
0   0   0   0   0   0   0   0   0   0   0   0   0   0   
0   0   0   0   0   0   0   0   0   0   4   0   3   0   
0   0   0   0   0   0   0   0   0   0   0   0   0   0   
0   0   0   0   0   0   0   0   0   0   0   0   0   0   
0   0   0   0   0   0   0   0   0   0   0   0   0   0   
0   0   4   0   0   0   0   0   0   0   0   0   0   0   
0   0   0   0   0   0   0   0   0   0   0   0   0   0   
0   0   0   0   0   0   0   3   0   0   0   0   0   0   
0   0   0   0   0   0   0   0   0   0   0   0   0   0   
---------------------------------
12--10最大流值为：12
最可靠最大流分布概率为 ： 0.0365822
状态划分算法消耗的内存为：3.11328
状态划分算法运行时间(ms) ： 25.6388
---------------------------------
流分布如下: 
---------------------------------
0   0   0   0   0   0   0   0   0   0   0   0   0   0   
0   0   0   0   0   0   0   0   0   0   0   0   0   0   
0   0   0   0   4   0   2   0   0   0   0   0   0   0   
0   0   0   0   0   0   0   0   0   4   0   0   0   0   
0   0   0   4   0   0   0   0   0   0   0   0   0   0   
0   0   0   0   0   0   0   0   0   0   0   0   0   0   
0   0   0   0   0   0   0   0   0   0   0   0   0   2   
0   0   0   0   0   0   0   0   0   0   0   0   0   0   
0   0   0   0   0   0   0   0   0   0   0   0   0   0   
0   0   0   0   0   0   0   0   0   0   0   0   0   0   
0   0   0   0   0   0   0   0   0   0   0   0   0   0   
0   0   6   0   0   0   0   0   0   6   0   0   0   0   
0   0   0   0   0   0   0   0   0   0   0   0   0   0   
0   0   0   0   0   0   0   0   0   2   0   0   0   0   
---------------------------------
7--3最大流值为：32
最可靠最大流分布概率为 ： 0.0245046
状态划分算法消耗的内存为：3.11328
状态划分算法运行时间(ms) ： 34.1902
---------------------------------
流分布如下: 
---------------------------------
0   0   0   0   0   0   0   0   0   0   0   0   0   0   
0   0   0   0   0   0   0   0   9   0   0   0   0   0   
0   0   0   0   0   0   0   0   0   0   0   0   0   0   
0   0   0   0   0   0   0   0   0   0   0   0   0   0   
0   0   0   0   0   0   0   0   0   0   0   0   0   0   
0   0   0   0   0   0   0   0   0   0   0   0   0   0   
0   0   0   0   0   0   0   0   0   0   13  0   13  6   
0   0   0   0   0   0   0   0   0   3   0   0   0   0   
0   0   19  0   0   0   0   0   0   0   0   0   0   0   
0   9   0   0   0   0   0   0   0   0   0   0   0   0   
0   0   13  0   0   0   0   0   0   0   0   0   0   0   
0   0   0   0   0   0   0   0   10  0   0   0   0   0   
0   0   0   0   0   0   0   3   0   0   0   10  0   0   
0   0   0   0   0   0   0   0   0   6   0   0   0   0   
---------------------------------
12--2最大流值为：12
最可靠最大流分布概率为 ： 0.0338754
状态划分算法消耗的内存为：3.11719
状态划分算法运行时间(ms) ： 51.9022
---------------------------------
流分布如下: 
---------------------------------
0   0   0   0   0   0   0   0   0   0   0   0   0   0   
0   0   0   0   0   0   0   0   0   0   0   0   0   0   
0   0   0   0   4   0   2   0   0   0   0   0   0   0   
0   0   0   0   0   0   0   0   0   4   0   0   0   0   
0   0   0   4   0   0   0   0   0   0   0   0   0   0   
0   0   0   0   0   0   0   0   0   0   0   0   0   0   
0   0   0   0   0   0   0   0   0   0   0   0   0   2   
0   0   0   0   0   0   0   0   0   0   0   0   0   0   
0   0   0   0   0   0   0   0   0   0   0   0   0   0   
0   12  0   0   0   0   0   0   0   0   0   0   0   0   
0   0   0   0   0   0   0   0   0   0   0   0   0   0   
0   0   6   0   0   0   0   0   0   6   0   0   0   0   
0   0   0   0   0   0   0   0   0   0   0   0   0   0   
0   0   0   0   0   0   0   0   0   2   0   0   0   0   
---------------------------------
