12--8最大流值为：6
最可靠最大流分布概率为 ： 0.138607
状态划分算法消耗的内存为：3.05078
状态划分算法运行时间(ms) ： 18.146
---------------------------------
流分布如下: 
---------------------------------
0   0   0   0   0   0   0   0   0   0   0   0   0   0   
0   0   0   0   0   0   0   0   0   0   0   0   0   0   
0   0   0   0   0   0   2   0   0   0   0   0   0   0   
0   0   0   0   0   0   0   4   0   0   0   0   0   0   
0   0   0   4   0   0   0   0   0   0   0   0   0   0   
0   0   0   0   0   0   0   0   0   0   0   0   0   0   
0   0   0   0   0   0   0   0   0   0   0   0   2   0   
0   0   0   0   0   0   0   0   0   0   0   0   0   0   
0   0   0   0   0   0   0   0   0   0   0   0   0   0   
0   0   0   0   0   0   0   0   0   0   0   0   0   0   
0   0   0   0   0   0   0   0   0   0   0   0   0   0   
0   0   2   0   4   0   0   0   0   0   0   0   0   0   
0   0   0   0   0   0   0   2   0   0   0   0   0   0   
0   0   0   0   0   0   0   0   0   0   0   0   0   0   
---------------------------------
7--8最大流值为：7
最可靠最大流分布概率为 ： 0.230922
状态划分算法消耗的内存为：3.10938
状态划分算法运行时间(ms) ： 130.533
---------------------------------
流分布如下: 
---------------------------------
0   0   0   0   0   0   0   0   0   0   0   0   0   0   
0   0   0   0   0   0   0   0   0   0   0   0   0   0   
0   0   0   0   0   0   0   0   0   0   0   0   0   0   
0   0   0   0   0   0   0   4   0   0   0   0   0   0   
0   0   0   4   0   0   0   0   0   0   0   0   0   0   
0   0   0   0   0   0   0   0   0   0   0   0   0   0   
0   0   0   0   0   0   0   0   0   0   0   0   7   0   
0   0   0   0   0   0   0   0   0   0   0   0   0   0   
0   0   0   0   0   0   0   0   0   0   0   0   0   0   
0   0   0   0   0   0   0   0   0   0   0   0   0   0   
0   0   0   0   0   0   0   0   0   0   0   0   0   0   
0   0   0   0   4   0   0   0   0   0   0   0   0   0   
0   0   0   0   0   0   0   3   0   0   0   4   0   0   
0   0   0   0   0   0   0   0   0   0   0   0   0   0   
---------------------------------
12--10最大流值为：12
最可靠最大流分布概率为 ： 0.144839
状态划分算法消耗的内存为：3.11328
状态划分算法运行时间(ms) ： 26.8601
---------------------------------
流分布如下: 
---------------------------------
0   0   0   0   0   0   0   0   0   0   0   0   0   0   
0   0   0   0   0   0   0   0   0   0   0   0   0   0   
0   0   0   0   0   0   2   0   0   0   0   0   0   0   
0   0   0   0   0   0   0   0   0   4   0   0   0   0   
0   0   0   4   0   0   0   0   0   0   0   0   0   0   
0   0   0   0   0   0   0   0   0   0   0   0   0   0   
0   0   0   0   0   0   0   0   0   0   0   0   2   0   
0   0   0   0   0   0   0   0   0   2   0   0   0   0   
0   0   0   0   0   0   0   0   0   0   0   0   0   0   
0   0   0   0   0   0   0   0   0   0   0   0   0   0   
0   0   0   0   0   0   0   0   0   0   0   0   0   0   
0   0   2   0   4   0   0   0   0   6   0   0   0   0   
0   0   0   0   0   0   0   2   0   0   0   0   0   0   
0   0   0   0   0   0   0   0   0   0   0   0   0   0   
---------------------------------
7--3最大流值为：32
最可靠最大流分布概率为 ： 0.0185424
状态划分算法消耗的内存为：3.11719
状态划分算法运行时间(ms) ： 35.2246
---------------------------------
流分布如下: 
---------------------------------
0   0   0   0   0   0   0   0   0   0   0   0   0   0   
0   0   0   0   0   0   0   0   9   0   0   0   0   0   
0   0   0   0   0   0   0   0   0   0   0   0   0   0   
0   0   0   0   0   0   0   0   0   0   0   0   0   0   
0   0   0   0   0   0   0   0   0   0   0   0   0   0   
0   0   0   0   0   0   0   0   0   0   0   0   0   0   
0   0   0   0   0   0   0   0   0   0   13  0   13  6   
0   0   0   0   0   0   0   0   0   3   0   0   0   0   
0   0   19  0   0   0   0   0   0   0   0   0   0   0   
0   9   0   0   0   0   0   0   0   0   0   0   0   0   
0   0   13  0   0   0   0   0   0   0   0   0   0   0   
0   0   0   0   0   0   0   0   10  0   0   0   0   0   
0   0   0   0   0   0   0   3   0   0   0   10  0   0   
0   0   0   0   0   0   0   0   0   6   0   0   0   0   
---------------------------------
12--2最大流值为：12
最可靠最大流分布概率为 ： 0.0795267
状态划分算法消耗的内存为：3.11719
状态划分算法运行时间(ms) ： 53.8683
---------------------------------
流分布如下: 
---------------------------------
0   0   0   0   0   0   0   0   0   0   0   0   0   0   
0   0   0   0   0   0   0   0   0   0   0   0   0   0   
0   0   0   0   0   0   2   0   0   0   0   0   0   0   
0   0   0   0   0   0   0   0   0   4   0   0   0   0   
0   0   0   4   0   0   0   0   0   0   0   0   0   0   
0   0   0   0   0   0   0   0   0   0   0   0   0   0   
0   0   0   0   0   0   0   0   0   0   0   0   2   0   
0   0   0   0   0   0   0   0   0   2   0   0   0   0   
0   0   0   0   0   0   0   0   0   0   0   0   0   0   
0   12  0   0   0   0   0   0   0   0   0   0   0   0   
0   0   0   0   0   0   0   0   0   0   0   0   0   0   
0   0   2   0   4   0   0   0   0   6   0   0   0   0   
0   0   0   0   0   0   0   2   0   0   0   0   0   0   
0   0   0   0   0   0   0   0   0   0   0   0   0   0   
---------------------------------
