5--6最大流值为：7
最可靠最大流分布概率为 ： 0.253282
状态划分算法消耗的内存为：3.04688
状态划分算法运行时间(ms) ： 1.49085
---------------------------------
流分布如下: 
---------------------------------
0   0   0   0   0   5   0   0   
0   0   0   0   0   0   0   0   
0   0   0   0   0   0   0   0   
5   0   0   0   0   2   0   0   
0   0   0   0   0   0   7   0   
0   0   0   0   0   0   0   0   
0   0   0   7   0   0   0   0   
0   0   0   0   0   0   0   0   
---------------------------------
3--2最大流值为：10
最可靠最大流分布概率为 ： 0.141699
状态划分算法消耗的内存为：3.10547
状态划分算法运行时间(ms) ： 4.72347
---------------------------------
流分布如下: 
---------------------------------
0   0   0   0   0   0   0   6   
0   0   0   0   0   0   0   0   
0   0   0   10  0   0   0   0   
0   0   0   0   0   0   10  0   
0   0   0   0   0   0   0   0   
0   10  0   0   0   0   0   0   
6   0   0   0   0   4   0   0   
0   0   0   0   0   6   0   0   
---------------------------------
8--3最大流值为：42
最可靠最大流分布概率为 ： 0.176247
状态划分算法消耗的内存为：3.10547
状态划分算法运行时间(ms) ： 3.62808
---------------------------------
流分布如下: 
---------------------------------
0   5   0   0   0   8   0   0   
0   0   5   0   0   0   0   0   
0   0   0   0   0   0   0   0   
0   0   2   0   0   0   0   0   
0   0   0   0   0   0   0   0   
0   0   8   0   0   0   0   0   
0   0   0   0   0   0   0   0   
13  0   27  2   0   0   0   0   
---------------------------------
4--8最大流值为：4
最可靠最大流分布概率为 ： 0.441548
状态划分算法消耗的内存为：3.10938
状态划分算法运行时间(ms) ： 7.67508
---------------------------------
流分布如下: 
---------------------------------
0   0   0   0   0   0   0   0   
0   0   0   0   4   0   0   0   
0   0   0   0   0   0   0   0   
0   4   0   0   0   0   0   0   
0   0   0   0   0   0   0   4   
0   0   0   0   0   0   0   0   
0   0   0   0   0   0   0   0   
0   0   0   0   0   0   0   0   
---------------------------------
6--2最大流值为：15
最可靠最大流分布概率为 ： 0.158677
状态划分算法消耗的内存为：3.10938
状态划分算法运行时间(ms) ： 1.9444
---------------------------------
流分布如下: 
---------------------------------
0   0   0   0   0   0   0   0   
0   0   0   0   0   0   0   0   
0   2   0   0   0   0   0   0   
0   0   2   0   0   0   0   0   
0   13  0   0   0   0   0   0   
0   0   0   0   0   0   15  0   
0   0   0   2   13  0   0   0   
0   0   0   0   0   0   0   0   
---------------------------------
