6--5最大流值为：36
最可靠最大流分布概率为 ： 0.00545365
状态划分算法消耗的内存为：3.05859
状态划分算法运行时间(ms) ： 46.4732
---------------------------------
流分布如下: 
---------------------------------
0   0   0   0   5   0   0   0   0   8   0   0   
0   0   0   19  0   0   0   0   0   0   0   0   
0   0   0   0   31  0   0   0   0   0   0   0   
0   0   0   0   0   0   0   0   0   19  0   0   
0   0   0   0   0   0   0   0   0   0   0   0   
0   0   0   0   0   0   4   0   13  0   19  0   
4   0   0   0   0   0   0   0   0   0   0   0   
0   0   0   0   0   0   0   0   0   0   0   0   
0   0   0   0   0   0   0   0   0   4   0   9   
0   0   31  0   0   0   0   0   0   0   0   0   
0   19  0   0   0   0   0   0   0   0   0   0   
9   0   0   0   0   0   0   0   0   0   0   0   
---------------------------------
7--12最大流值为：14
最可靠最大流分布概率为 ： 0.108471
状态划分算法消耗的内存为：3.10938
状态划分算法运行时间(ms) ： 10.7089
---------------------------------
流分布如下: 
---------------------------------
0   0   0   0   0   0   0   0   0   0   0   0   
0   0   0   0   0   0   0   0   0   0   0   0   
0   0   0   0   0   0   0   0   0   0   0   0   
0   0   0   0   0   0   0   0   0   0   0   0   
0   0   0   0   0   0   0   0   0   0   0   0   
0   0   0   0   0   0   0   0   0   0   0   0   
0   0   0   0   0   0   0   4   0   0   6   4   
0   0   0   0   0   0   0   0   4   0   0   0   
0   0   0   0   0   0   0   0   0   4   0   0   
0   0   0   0   0   0   0   0   0   0   0   10  
0   0   0   0   0   0   0   0   0   6   0   0   
0   0   0   0   0   0   0   0   0   0   0   0   
---------------------------------
10--8最大流值为：22
最可靠最大流分布概率为 ： 0.110615
状态划分算法消耗的内存为：3.10938
状态划分算法运行时间(ms) ： 7.34156
---------------------------------
流分布如下: 
---------------------------------
0   0   0   0   0   0   0   0   0   0   0   0   
0   0   0   0   0   0   0   0   0   0   0   22  
0   0   0   0   0   0   0   0   0   0   0   0   
0   0   0   0   0   4   0   18  0   0   0   0   
0   0   0   0   0   0   0   0   0   0   0   0   
0   0   0   0   0   0   0   4   0   0   0   0   
0   0   0   0   0   0   0   0   0   0   0   0   
0   0   0   0   0   0   0   0   0   0   0   0   
0   0   0   0   0   0   0   0   0   0   0   0   
0   22  0   0   0   0   0   0   0   0   0   0   
0   0   0   0   0   0   0   0   0   0   0   0   
0   0   0   22  0   0   0   0   0   0   0   0   
---------------------------------
12--6最大流值为：68
最可靠最大流分布概率为 ： 0.0617494
状态划分算法消耗的内存为：3.10938
状态划分算法运行时间(ms) ： 31.824
---------------------------------
流分布如下: 
---------------------------------
0   0   0   0   0   0   0   0   0   0   0   0   
0   0   0   0   18  0   6   0   0   0   0   0   
0   0   0   0   0   0   0   0   0   0   0   0   
0   0   0   0   0   0   0   0   0   0   0   0   
0   0   0   0   0   18  0   0   0   0   0   0   
0   0   0   0   0   0   0   0   0   0   0   0   
0   0   0   0   0   0   0   6   0   0   0   0   
0   0   0   0   0   6   0   0   0   0   0   0   
0   0   0   0   0   0   0   0   0   0   0   0   
0   0   0   0   0   0   0   0   0   0   0   0   
0   0   0   0   0   6   0   0   0   0   0   0   
0   24  0   0   0   38  0   0   0   0   6   0   
---------------------------------
7--6最大流值为：10
最可靠最大流分布概率为 ： 0.0910693
状态划分算法消耗的内存为：3.10938
状态划分算法运行时间(ms) ： 13.6343
---------------------------------
流分布如下: 
---------------------------------
0   0   0   0   0   0   0   0   0   0   0   0   
0   0   0   0   0   0   0   0   0   0   0   0   
0   0   0   0   0   0   0   6   0   0   0   0   
0   0   0   0   0   0   0   4   0   0   0   0   
0   0   0   0   0   0   0   0   0   0   0   0   
0   0   0   0   0   0   0   0   0   0   0   0   
0   0   6   0   0   0   0   0   4   0   0   0   
0   0   0   0   0   10  0   0   0   0   0   0   
0   0   0   4   0   0   0   0   0   0   0   0   
0   0   0   0   0   0   0   0   0   0   0   0   
0   0   0   0   0   0   0   0   0   0   0   0   
0   0   0   0   0   0   0   0   0   0   0   0   
---------------------------------
