6--5最大流值为：36
最可靠最大流分布概率为 ： 0.0203793
状态划分算法消耗的内存为：3.0625
状态划分算法运行时间(ms) ： 38.9273
---------------------------------
流分布如下: 
---------------------------------
0   0   0   0   5   0   0   0   0   6   0   0   
0   0   0   19  0   0   0   0   0   0   0   0   
0   0   0   0   31  0   0   0   0   0   0   0   
0   0   0   0   0   0   0   0   0   19  0   0   
0   0   0   0   0   0   0   0   0   0   0   0   
0   0   0   0   0   0   4   0   13  0   19  0   
4   0   0   0   0   0   0   0   0   0   0   0   
0   0   0   0   0   0   0   0   0   0   0   0   
0   0   0   0   0   0   0   0   0   0   0   13  
0   0   31  0   0   0   0   0   0   0   0   0   
0   19  0   0   0   0   0   0   0   0   0   0   
7   0   0   0   0   0   0   0   0   6   0   0   
---------------------------------
7--12最大流值为：14
最可靠最大流分布概率为 ： 0.21343
状态划分算法消耗的内存为：3.11328
状态划分算法运行时间(ms) ： 6.81556
---------------------------------
流分布如下: 
---------------------------------
0   0   0   0   0   0   0   0   0   0   0   0   
0   0   0   0   0   0   0   0   0   0   0   0   
0   0   0   0   0   0   0   0   0   0   0   0   
0   0   0   0   0   0   0   0   0   0   0   0   
0   0   0   0   0   0   0   0   0   0   0   0   
0   0   0   0   0   0   0   0   0   0   0   0   
0   0   0   0   0   0   0   4   0   0   6   4   
0   0   0   0   0   0   0   0   4   0   0   0   
0   0   0   0   0   0   0   0   0   4   0   0   
0   0   0   0   0   0   0   0   0   0   0   10  
0   0   0   0   0   0   0   0   0   6   0   0   
0   0   0   0   0   0   0   0   0   0   0   0   
---------------------------------
10--8最大流值为：22
最可靠最大流分布概率为 ： 0.224902
状态划分算法消耗的内存为：3.11328
状态划分算法运行时间(ms) ： 6.26787
---------------------------------
流分布如下: 
---------------------------------
0   0   0   0   0   0   0   0   0   0   0   18  
0   0   0   0   0   0   0   0   0   0   0   0   
0   0   0   0   0   0   0   0   0   0   0   0   
0   0   0   0   0   0   0   18  0   0   0   0   
0   0   0   0   0   0   0   0   0   0   0   0   
18  0   0   0   0   0   0   4   0   0   0   0   
0   0   0   0   0   0   0   0   0   0   0   0   
0   0   0   0   0   0   0   0   0   0   0   0   
0   0   0   0   0   0   0   0   0   0   0   0   
0   0   0   0   0   22  0   0   0   0   0   0   
0   0   0   0   0   0   0   0   0   0   0   0   
0   0   0   18  0   0   0   0   0   0   0   0   
---------------------------------
12--6最大流值为：68
最可靠最大流分布概率为 ： 0.200142
状态划分算法消耗的内存为：3.11328
状态划分算法运行时间(ms) ： 25.0505
---------------------------------
流分布如下: 
---------------------------------
0   0   0   0   0   0   0   0   0   0   0   0   
0   0   0   0   24  0   0   0   0   0   0   0   
0   0   0   0   0   0   0   0   0   0   0   0   
0   0   0   0   0   0   0   0   0   0   0   0   
0   0   0   0   0   18  0   0   0   0   6   0   
0   0   0   0   0   0   0   0   0   0   0   0   
0   0   0   0   0   0   0   0   0   0   0   0   
0   0   0   0   0   0   0   0   0   0   0   0   
0   0   0   0   0   0   0   0   0   0   0   0   
0   0   0   0   0   0   0   0   0   0   0   0   
0   0   0   0   0   12  0   0   0   0   0   0   
0   24  0   0   0   38  0   0   0   0   6   0   
---------------------------------
7--6最大流值为：10
最可靠最大流分布概率为 ： 0.206532
状态划分算法消耗的内存为：3.11328
状态划分算法运行时间(ms) ： 13.7732
---------------------------------
流分布如下: 
---------------------------------
0   0   0   0   0   0   0   0   0   0   0   0   
0   0   0   0   0   4   0   0   0   0   0   0   
0   0   0   0   0   0   0   6   0   0   0   0   
0   4   0   0   0   0   0   0   0   0   0   0   
0   0   0   0   0   0   0   0   0   0   0   0   
0   0   0   0   0   0   0   0   0   0   0   0   
0   0   6   0   0   0   0   0   4   0   0   0   
0   0   0   0   0   6   0   0   0   0   0   0   
0   0   0   4   0   0   0   0   0   0   0   0   
0   0   0   0   0   0   0   0   0   0   0   0   
0   0   0   0   0   0   0   0   0   0   0   0   
0   0   0   0   0   0   0   0   0   0   0   0   
---------------------------------
