3--4最大流值为：55
最可靠最大流分布概率为 ： 0.0597624
状态划分算法消耗的内存为：3.04297
状态划分算法运行时间(ms) ： 19.6568
---------------------------------
流分布如下: 
---------------------------------
0   0   0   0   0   0   0   0   0   0   
0   0   0   0   0   0   0   0   0   0   
0   0   0   38  0   3   14  0   0   0   
0   0   0   0   0   0   0   0   0   0   
0   0   0   0   0   0   0   0   0   0   
0   0   0   0   0   0   0   0   0   3   
0   0   0   17  0   0   0   0   0   0   
0   0   0   0   0   0   0   0   0   0   
0   0   0   0   0   0   0   0   0   0   
0   0   0   0   0   0   3   0   0   0   
---------------------------------
1--4最大流值为：47
最可靠最大流分布概率为 ： 0.0355748
状态划分算法消耗的内存为：3.10156
状态划分算法运行时间(ms) ： 7.29291
---------------------------------
流分布如下: 
---------------------------------
0   12  35  0   0   0   0   0   0   0   
0   0   0   0   12  0   0   0   0   0   
0   0   0   0   35  0   0   0   0   0   
0   0   0   0   0   0   0   0   0   0   
0   0   0   22  0   0   25  0   0   0   
0   0   0   0   0   0   0   0   0   0   
0   0   0   22  0   0   0   0   0   3   
0   0   0   0   0   0   0   0   0   0   
0   0   0   0   0   0   0   0   0   0   
0   0   0   3   0   0   0   0   0   0   
---------------------------------
1--3最大流值为：30
最可靠最大流分布概率为 ： 0.012557
状态划分算法消耗的内存为：3.10156
状态划分算法运行时间(ms) ： 4.59119
---------------------------------
流分布如下: 
---------------------------------
0   0   0   12  0   0   0   0   12  6   
0   0   0   0   0   0   0   0   0   0   
0   0   0   0   0   0   0   0   0   0   
0   0   14  0   1   0   0   0   0   0   
0   0   1   0   0   0   0   0   0   0   
0   0   0   0   0   0   0   0   0   0   
0   0   0   3   0   0   0   0   0   0   
0   0   0   0   0   0   3   0   0   0   
0   0   12  0   0   0   0   0   0   0   
0   0   3   0   0   0   0   3   0   0   
---------------------------------
2--8最大流值为：52
最可靠最大流分布概率为 ： 0.028081
状态划分算法消耗的内存为：3.10156
状态划分算法运行时间(ms) ： 9.34896
---------------------------------
流分布如下: 
---------------------------------
0   0   0   0   0   0   0   12  0   0   
0   0   36  13  0   0   0   0   0   3   
12  0   0   0   0   0   12  25  0   0   
0   0   13  0   0   0   0   0   0   0   
0   0   0   0   0   0   0   0   0   0   
0   0   0   0   0   0   0   0   0   0   
0   0   0   0   0   0   0   12  0   0   
0   0   0   0   0   0   0   0   0   0   
0   0   0   0   0   0   0   0   0   0   
0   0   0   0   0   0   0   3   0   0   
---------------------------------
8--1最大流值为：63
最可靠最大流分布概率为 ： 0.0652329
状态划分算法消耗的内存为：3.10156
状态划分算法运行时间(ms) ： 3.50525
---------------------------------
流分布如下: 
---------------------------------
0   0   0   0   0   0   0   0   0   0   
22  0   0   0   0   0   0   0   0   0   
38  0   0   0   0   0   0   0   0   0   
0   0   0   0   0   0   0   0   0   0   
0   0   0   0   0   0   0   0   0   0   
3   0   0   0   0   0   0   0   0   0   
0   0   0   0   0   0   0   0   0   0   
0   22  38  0   0   0   0   0   0   3   
0   0   0   0   0   0   0   0   0   0   
0   0   0   0   0   3   0   0   0   0   
---------------------------------
