3--4最大流值为：55
最可靠最大流分布概率为 ： 0.203858
状态划分算法消耗的内存为：3.05859
状态划分算法运行时间(ms) ： 15.5909
---------------------------------
流分布如下: 
---------------------------------
0   0   0   0   0   0   0   0   0   0   
0   0   0   0   0   0   0   0   0   3   
0   3   0   38  0   0   14  0   0   0   
0   0   0   0   0   0   0   0   0   0   
0   0   0   0   0   0   0   0   0   0   
0   0   0   0   0   0   0   0   0   0   
0   0   0   17  0   0   0   0   0   0   
0   0   0   0   0   0   0   0   0   0   
0   0   0   0   0   0   0   0   0   0   
0   0   0   0   0   0   3   0   0   0   
---------------------------------
1--4最大流值为：47
最可靠最大流分布概率为 ： 0.1232
状态划分算法消耗的内存为：3.10938
状态划分算法运行时间(ms) ： 6.21642
---------------------------------
流分布如下: 
---------------------------------
0   12  35  0   0   0   0   0   0   0   
0   0   0   0   9   0   0   0   0   3   
0   0   0   0   35  0   0   0   0   0   
0   0   0   0   0   0   0   0   0   0   
0   0   0   22  0   0   22  0   0   0   
0   0   0   0   0   0   0   0   0   0   
0   0   0   22  0   0   0   0   0   0   
0   0   0   0   0   0   0   0   0   0   
0   0   0   0   0   0   0   0   0   0   
0   0   0   3   0   0   0   0   0   0   
---------------------------------
1--3最大流值为：30
最可靠最大流分布概率为 ： 0.0551476
状态划分算法消耗的内存为：3.10938
状态划分算法运行时间(ms) ： 4.02494
---------------------------------
流分布如下: 
---------------------------------
0   0   0   12  0   0   0   0   12  6   
0   0   0   0   0   0   0   0   0   0   
0   0   0   0   0   0   0   0   0   0   
0   0   14  0   1   0   0   0   0   0   
0   0   1   0   0   0   0   0   0   0   
0   0   0   0   0   0   0   0   0   0   
0   0   0   3   0   0   0   0   0   0   
0   0   0   0   0   0   3   0   0   0   
0   0   12  0   0   0   0   0   0   0   
0   0   3   0   0   0   0   3   0   0   
---------------------------------
2--8最大流值为：52
最可靠最大流分布概率为 ： 0.147027
状态划分算法消耗的内存为：3.10938
状态划分算法运行时间(ms) ： 8.49329
---------------------------------
流分布如下: 
---------------------------------
0   0   0   0   0   0   0   12  0   0   
12  0   36  4   0   0   0   0   0   0   
0   0   0   0   0   0   12  25  0   3   
0   0   4   0   0   0   0   0   0   0   
0   0   0   0   0   0   0   0   0   0   
0   0   0   0   0   0   0   0   0   0   
0   0   0   0   0   0   0   12  0   0   
0   0   0   0   0   0   0   0   0   0   
0   0   0   0   0   0   0   0   0   0   
0   0   0   0   0   0   0   3   0   0   
---------------------------------
8--1最大流值为：63
最可靠最大流分布概率为 ： 0.123812
状态划分算法消耗的内存为：3.10938
状态划分算法运行时间(ms) ： 2.95265
---------------------------------
流分布如下: 
---------------------------------
0   0   0   0   0   0   0   0   0   0   
22  0   0   0   0   0   0   0   0   0   
38  0   0   0   0   0   0   0   0   0   
0   0   0   0   0   0   0   0   0   0   
0   0   0   0   0   0   0   0   0   0   
3   0   0   0   0   0   0   0   0   0   
0   0   0   0   0   0   0   0   0   0   
0   22  38  0   0   0   0   0   0   3   
0   0   0   0   0   0   0   0   0   0   
0   0   0   0   0   3   0   0   0   0   
---------------------------------
