12--8最大流值为：38
最可靠最大流分布概率为 ： 0.177852
状态划分算法消耗的内存为：3.04688
状态划分算法运行时间(ms) ： 5.18298
---------------------------------
流分布如下: 
---------------------------------
0   0   0   0   0   0   0   0   0   0   0   0   0   0   
0   0   0   0   0   0   0   0   0   0   0   0   0   0   
0   0   0   0   0   0   19  0   0   0   0   0   0   0   
0   0   0   0   0   0   0   19  0   0   0   0   0   0   
0   0   0   19  0   0   0   0   0   0   0   0   0   0   
0   0   0   0   0   0   0   0   0   0   0   0   0   0   
0   0   0   0   0   0   0   0   0   0   0   0   19  0   
0   0   0   0   0   0   0   0   0   0   0   0   0   0   
0   0   0   0   0   0   0   0   0   0   0   0   0   0   
0   0   0   0   0   0   0   0   0   0   0   0   0   0   
0   0   0   0   0   0   0   0   0   0   0   0   0   0   
0   0   19  0   19  0   0   0   0   0   0   0   0   0   
0   0   0   0   0   0   0   19  0   0   0   0   0   0   
0   0   0   0   0   0   0   0   0   0   0   0   0   0   
---------------------------------
7--8最大流值为：38
最可靠最大流分布概率为 ： 0.0727065
状态划分算法消耗的内存为：3.10156
状态划分算法运行时间(ms) ： 8.19477
---------------------------------
流分布如下: 
---------------------------------
0   0   0   0   0   0   0   0   0   0   0   0   0   0   
0   0   0   0   19  0   0   0   0   0   0   0   0   0   
0   0   0   0   0   0   0   0   0   0   0   0   0   0   
0   0   0   0   0   0   0   19  0   0   0   0   0   0   
0   0   0   19  0   0   0   0   0   0   0   0   0   0   
0   0   0   0   0   0   0   0   0   0   0   0   0   0   
0   0   0   0   0   0   0   0   0   0   0   0   19  19  
0   0   0   0   0   0   0   0   0   0   0   0   0   0   
0   0   0   0   0   0   0   0   0   0   0   0   0   0   
0   1   0   0   0   0   0   0   0   0   0   0   0   0   
0   0   0   0   0   0   0   0   0   0   0   0   0   0   
0   0   0   0   0   0   0   0   0   0   0   0   0   0   
0   0   0   0   0   0   0   19  0   0   0   0   0   0   
0   18  0   0   0   0   0   0   0   1   0   0   0   0   
---------------------------------
12--10最大流值为：81
最可靠最大流分布概率为 ： 0.088961
状态划分算法消耗的内存为：3.10156
状态划分算法运行时间(ms) ： 4.36511
---------------------------------
流分布如下: 
---------------------------------
0   0   0   0   0   0   0   0   0   0   0   0   0   0   
0   0   0   0   0   0   0   0   0   0   0   0   0   0   
0   0   0   0   0   0   24  0   0   0   0   0   0   0   
0   0   0   0   0   0   0   0   0   19  0   0   0   0   
0   0   0   19  0   0   0   0   0   0   0   0   0   0   
0   0   0   0   0   0   0   0   0   0   0   0   0   0   
0   0   0   0   0   0   0   0   0   0   0   0   1   23  
0   0   0   0   0   0   0   0   0   1   0   0   0   0   
0   0   0   0   0   0   0   0   0   0   0   0   0   0   
0   0   0   0   0   0   0   0   0   0   0   0   0   0   
0   0   0   0   0   0   0   0   0   0   0   0   0   0   
0   0   24  0   19  0   0   0   0   38  0   0   0   0   
0   0   0   0   0   0   0   1   0   0   0   0   0   0   
0   0   0   0   0   0   0   0   0   23  0   0   0   0   
---------------------------------
7--3最大流值为：32
最可靠最大流分布概率为 ： 0.125968
状态划分算法消耗的内存为：3.10547
状态划分算法运行时间(ms) ： 12.0993
---------------------------------
流分布如下: 
---------------------------------
0   0   0   0   0   0   0   0   0   0   0   0   0   0   
0   0   0   0   0   0   0   0   9   0   0   0   0   0   
0   0   0   0   0   0   0   0   0   0   0   0   0   0   
0   0   0   0   0   0   0   0   0   0   0   0   0   0   
0   0   0   0   0   0   0   0   0   0   0   0   0   0   
0   0   0   0   0   0   0   0   0   0   0   0   0   0   
0   0   0   0   0   0   0   0   0   0   4   0   19  9   
0   0   0   0   0   0   0   0   0   0   0   0   0   0   
0   0   9   0   0   0   0   0   0   0   0   0   0   0   
0   0   0   0   0   0   0   0   0   0   0   0   0   0   
0   0   4   0   0   0   0   0   0   0   0   0   0   0   
0   0   19  0   0   0   0   0   0   0   0   0   0   0   
0   0   0   0   0   0   0   0   0   0   0   19  0   0   
0   9   0   0   0   0   0   0   0   0   0   0   0   0   
---------------------------------
12--2最大流值为：29
最可靠最大流分布概率为 ： 0.341931
状态划分算法消耗的内存为：3.10547
状态划分算法运行时间(ms) ： 3.94655
---------------------------------
流分布如下: 
---------------------------------
0   0   0   0   0   0   0   0   0   0   0   0   0   0   
0   0   0   0   0   0   0   0   0   0   0   0   0   0   
0   0   0   0   0   0   18  0   0   0   0   0   0   0   
0   0   0   0   0   0   0   0   0   0   0   0   0   0   
0   0   0   0   0   0   0   0   0   0   0   0   0   0   
0   0   0   0   0   0   0   0   0   0   0   0   0   0   
0   0   0   0   0   0   0   0   0   0   0   0   0   18  
0   0   0   0   0   0   0   0   0   0   0   0   0   0   
0   0   0   0   0   0   0   0   0   0   0   0   0   0   
0   11  0   0   0   0   0   0   0   0   0   0   0   0   
0   0   0   0   0   0   0   0   0   0   0   0   0   0   
0   0   18  0   0   0   0   0   0   11  0   0   0   0   
0   0   0   0   0   0   0   0   0   0   0   0   0   0   
0   18  0   0   0   0   0   0   0   0   0   0   0   0   
---------------------------------
