6--1最大流值为：72
最可靠最大流分布概率为 ： 0.300942
状态划分算法消耗的内存为：3.05469
状态划分算法运行时间(ms) ： 1.88631
---------------------------------
流分布如下: 
---------------------------------
0   0   0   0   0   0   
0   0   0   0   0   0   
0   0   0   0   0   0   
16  0   0   0   0   0   
23  0   0   2   0   0   
33  0   0   14  25  0   
---------------------------------
3--1最大流值为：80
最可靠最大流分布概率为 ： 0.266517
状态划分算法消耗的内存为：3.11328
状态划分算法运行时间(ms) ： 2.74862
---------------------------------
流分布如下: 
---------------------------------
0   0   0   0   0   0   
0   0   0   0   0   4   
20  0   0   0   37  23  
0   0   0   0   0   0   
33  4   0   0   0   0   
27  0   0   0   0   0   
---------------------------------
5--2最大流值为：35
最可靠最大流分布概率为 ： 0.208774
状态划分算法消耗的内存为：3.11328
状态划分算法运行时间(ms) ： 1.22418
---------------------------------
流分布如下: 
---------------------------------
0   8   0   0   0   0   
0   0   0   0   0   0   
0   0   0   0   0   8   
0   0   0   0   0   0   
0   0   8   0   0   27  
8   27  0   0   0   0   
---------------------------------
1--5最大流值为：45
最可靠最大流分布概率为 ： 0.216948
状态划分算法消耗的内存为：3.11328
状态划分算法运行时间(ms) ： 2.37836
---------------------------------
流分布如下: 
---------------------------------
0   7   18  0   20  0   
0   0   7   0   0   0   
0   0   0   23  0   2   
0   0   0   0   23  0   
0   0   0   0   0   0   
0   0   0   0   2   0   
---------------------------------
5--1最大流值为：76
最可靠最大流分布概率为 ： 0.284217
状态划分算法消耗的内存为：3.11328
状态划分算法运行时间(ms) ： 1.16153
---------------------------------
流分布如下: 
---------------------------------
0   0   0   0   0   0   
22  0   0   0   0   0   
0   0   0   0   0   0   
32  0   0   0   0   0   
22  22  0   32  0   0   
0   0   0   0   0   0   
---------------------------------
