6--1最大流值为：72
最可靠最大流分布概率为 ： 0.0918917
状态划分算法消耗的内存为：3.05859
状态划分算法运行时间(ms) ： 1.80967
---------------------------------
流分布如下: 
---------------------------------
0   0   0   0   0   0   
0   0   0   0   0   0   
0   0   0   0   0   0   
16  0   0   0   0   0   
23  0   0   2   0   0   
33  0   0   14  25  0   
---------------------------------
3--1最大流值为：80
最可靠最大流分布概率为 ： 0.10559
状态划分算法消耗的内存为：3.11719
状态划分算法运行时间(ms) ： 2.4494
---------------------------------
流分布如下: 
---------------------------------
0   0   0   0   0   0   
0   0   0   0   0   0   
20  0   0   0   37  23  
0   0   0   0   0   0   
33  0   0   0   0   4   
27  0   0   0   0   0   
---------------------------------
5--2最大流值为：35
最可靠最大流分布概率为 ： 0.118039
状态划分算法消耗的内存为：3.11719
状态划分算法运行时间(ms) ： 1.20213
---------------------------------
流分布如下: 
---------------------------------
0   8   0   0   0   0   
0   0   0   0   0   0   
0   0   0   0   0   8   
0   0   0   0   0   0   
0   0   8   0   0   27  
8   27  0   0   0   0   
---------------------------------
1--5最大流值为：45
最可靠最大流分布概率为 ： 0.0636842
状态划分算法消耗的内存为：3.11719
状态划分算法运行时间(ms) ： 2.52815
---------------------------------
流分布如下: 
---------------------------------
0   7   18  0   20  0   
0   0   7   0   0   0   
0   0   0   23  0   2   
0   0   0   0   23  0   
0   0   0   0   0   0   
0   0   0   0   2   0   
---------------------------------
5--1最大流值为：76
最可靠最大流分布概率为 ： 0.138326
状态划分算法消耗的内存为：3.11719
状态划分算法运行时间(ms) ： 1.15733
---------------------------------
流分布如下: 
---------------------------------
0   0   0   0   0   0   
22  0   0   0   0   0   
0   0   0   0   0   0   
32  0   0   0   0   0   
22  22  0   32  0   0   
0   0   0   0   0   0   
---------------------------------
