6--1最大流值为：72
最可靠最大流分布概率为 ： 0.18608
状态划分算法消耗的内存为：3.05469
状态划分算法运行时间(ms) ： 1.75717
---------------------------------
流分布如下: 
---------------------------------
0   0   0   0   0   0   
0   0   0   0   0   0   
0   0   0   0   0   0   
16  0   0   0   0   0   
23  0   0   2   0   0   
33  0   0   14  25  0   
---------------------------------
3--1最大流值为：80
最可靠最大流分布概率为 ： 0.177861
状态划分算法消耗的内存为：3.11328
状态划分算法运行时间(ms) ： 2.4438
---------------------------------
流分布如下: 
---------------------------------
0   0   0   0   0   0   
0   0   0   0   0   0   
20  0   0   0   37  23  
0   0   0   0   0   0   
33  0   0   0   0   4   
27  0   0   0   0   0   
---------------------------------
5--2最大流值为：35
最可靠最大流分布概率为 ： 0.138937
状态划分算法消耗的内存为：3.11328
状态划分算法运行时间(ms) ： 1.20493
---------------------------------
流分布如下: 
---------------------------------
0   8   0   0   0   0   
0   0   0   0   0   0   
0   0   0   0   0   8   
0   0   0   0   0   0   
0   0   8   0   0   27  
8   27  0   0   0   0   
---------------------------------
1--5最大流值为：45
最可靠最大流分布概率为 ： 0.148137
状态划分算法消耗的内存为：3.11328
状态划分算法运行时间(ms) ： 2.38676
---------------------------------
流分布如下: 
---------------------------------
0   7   18  0   20  0   
0   0   7   0   0   0   
0   0   0   23  0   2   
0   0   0   0   23  0   
0   0   0   0   0   0   
0   0   0   0   2   0   
---------------------------------
5--1最大流值为：76
最可靠最大流分布概率为 ： 0.185881
状态划分算法消耗的内存为：3.11328
状态划分算法运行时间(ms) ： 1.18288
---------------------------------
流分布如下: 
---------------------------------
0   0   0   0   0   0   
22  0   0   0   0   0   
0   0   0   0   0   0   
32  0   0   0   0   0   
22  22  0   32  0   0   
0   0   0   0   0   0   
---------------------------------
