5--6最大流值为：28
最可靠最大流分布概率为 ： 0.150587
状态划分算法消耗的内存为：3.05859
状态划分算法运行时间(ms) ： 1.76242
---------------------------------
流分布如下: 
---------------------------------
0   0   0   0   0   3   0   0   
0   0   0   0   0   0   0   0   
0   0   0   0   0   0   0   0   
3   0   0   0   0   25  0   0   
0   0   0   0   0   0   8   20  
0   0   0   0   0   0   0   0   
0   0   0   8   0   0   0   0   
0   0   0   20  0   0   0   0   
---------------------------------
3--2最大流值为：8
最可靠最大流分布概率为 ： 0.290356
状态划分算法消耗的内存为：3.11328
状态划分算法运行时间(ms) ： 3.82861
---------------------------------
流分布如下: 
---------------------------------
0   0   0   0   0   0   0   0   
0   0   0   0   0   0   0   0   
0   0   0   0   0   0   8   0   
0   0   0   0   0   0   0   0   
0   0   0   0   0   0   0   0   
0   8   0   0   0   0   0   0   
0   0   0   0   0   0   0   8   
0   0   0   0   0   8   0   0   
---------------------------------
8--3最大流值为：57
最可靠最大流分布概率为 ： 0.152558
状态划分算法消耗的内存为：3.11328
状态划分算法运行时间(ms) ： 2.42001
---------------------------------
流分布如下: 
---------------------------------
0   20  0   0   0   12  0   0   
0   0   20  0   0   0   0   0   
0   0   0   0   0   0   0   0   
0   0   21  0   0   0   0   0   
0   0   0   0   0   0   0   0   
0   0   12  0   0   0   0   0   
0   0   0   0   0   0   0   0   
32  0   4   21  0   0   0   0   
---------------------------------
4--8最大流值为：30
最可靠最大流分布概率为 ： 0.379371
状态划分算法消耗的内存为：3.11719
状态划分算法运行时间(ms) ： 7.73807
---------------------------------
流分布如下: 
---------------------------------
0   0   0   0   0   0   0   0   
0   0   0   0   30  0   0   0   
0   0   0   0   0   0   0   0   
0   30  0   0   0   0   0   0   
0   0   0   0   0   0   0   30  
0   0   0   0   0   0   0   0   
0   0   0   0   0   0   0   0   
0   0   0   0   0   0   0   0   
---------------------------------
6--2最大流值为：56
最可靠最大流分布概率为 ： 0.0858531
状态划分算法消耗的内存为：3.11719
状态划分算法运行时间(ms) ： 2.90891
---------------------------------
流分布如下: 
---------------------------------
0   0   0   0   0   0   0   0   
0   0   0   0   0   0   0   0   
0   34  0   0   0   0   0   0   
0   0   34  0   0   0   0   0   
0   22  0   0   0   0   0   0   
0   0   0   0   0   0   33  23  
0   0   0   30  22  0   0   0   
0   0   0   4   0   0   19  0   
---------------------------------
