5--6最大流值为：28
最可靠最大流分布概率为 ： 0.162158
状态划分算法消耗的内存为：3.05859
状态划分算法运行时间(ms) ： 1.78797
---------------------------------
流分布如下: 
---------------------------------
0   0   0   0   0   3   0   0   
0   0   0   0   0   0   0   0   
0   0   0   0   0   0   0   0   
3   0   0   0   0   25  0   0   
0   0   0   0   0   0   8   20  
0   0   0   0   0   0   0   0   
0   0   0   8   0   0   0   0   
0   0   0   20  0   0   0   0   
---------------------------------
3--2最大流值为：8
最可靠最大流分布概率为 ： 0.3228
状态划分算法消耗的内存为：3.11328
状态划分算法运行时间(ms) ： 3.86186
---------------------------------
流分布如下: 
---------------------------------
0   0   0   0   0   0   0   0   
0   0   0   0   0   0   0   0   
0   0   0   0   0   0   8   0   
0   0   0   0   0   0   0   0   
0   0   0   0   0   0   0   0   
0   8   0   0   0   0   0   0   
0   0   0   0   0   0   0   8   
0   0   0   0   0   8   0   0   
---------------------------------
8--3最大流值为：57
最可靠最大流分布概率为 ： 0.176247
状态划分算法消耗的内存为：3.11328
状态划分算法运行时间(ms) ： 2.36681
---------------------------------
流分布如下: 
---------------------------------
0   20  0   0   0   12  0   0   
0   0   20  0   0   0   0   0   
0   0   0   0   0   0   0   0   
0   0   21  0   0   0   0   0   
0   0   0   0   0   0   0   0   
0   0   12  0   0   0   0   0   
0   0   0   0   0   0   0   0   
32  0   4   21  0   0   0   0   
---------------------------------
4--8最大流值为：30
最可靠最大流分布概率为 ： 0.441548
状态划分算法消耗的内存为：3.11719
状态划分算法运行时间(ms) ： 8.00089
---------------------------------
流分布如下: 
---------------------------------
0   0   0   0   0   0   0   0   
0   0   0   0   30  0   0   0   
0   0   0   0   0   0   0   0   
0   30  0   0   0   0   0   0   
0   0   0   0   0   0   0   30  
0   0   0   0   0   0   0   0   
0   0   0   0   0   0   0   0   
0   0   0   0   0   0   0   0   
---------------------------------
6--2最大流值为：56
最可靠最大流分布概率为 ： 0.0843516
状态划分算法消耗的内存为：3.11719
状态划分算法运行时间(ms) ： 2.91906
---------------------------------
流分布如下: 
---------------------------------
0   0   0   0   0   0   0   0   
0   0   0   0   0   0   0   0   
0   34  0   0   0   0   0   0   
0   0   34  0   0   0   0   0   
0   22  0   0   0   0   0   0   
0   0   0   0   0   0   33  23  
0   0   0   30  22  0   0   0   
0   0   0   4   0   0   19  0   
---------------------------------
