3--5最大流值为：30
最可靠最大流分布概率为 ： 0.0498068
状态划分算法消耗的内存为：3.05078
状态划分算法运行时间(ms) ： 722.725
---------------------------------
流分布如下: 
---------------------------------
0   0   0   0   0   0   0   0   0   0   0   0   0   0   0   
0   0   0   0   0   0   0   0   0   0   0   0   10  0   0   
0   10  0   0   0   0   0   0   0   10  10  0   0   0   0   
0   0   0   0   0   0   0   0   0   0   0   0   0   0   0   
0   0   0   0   0   0   0   0   0   0   0   0   0   0   0   
0   0   0   0   10  0   0   0   0   0   0   0   0   0   0   
0   0   0   0   0   10  0   0   0   0   0   0   0   0   0   
0   0   0   0   0   0   0   0   0   0   0   10  0   0   0   
0   0   0   0   0   0   0   10  0   0   0   0   0   0   0   
0   0   0   0   0   0   0   0   10  0   0   0   0   0   0   
0   0   0   0   10  0   10  0   0   0   0   0   0   0   0   
0   0   0   0   10  0   0   0   0   0   0   0   0   0   0   
0   0   0   0   0   0   0   0   0   0   10  0   0   0   0   
0   0   0   0   0   0   0   0   0   0   0   0   0   0   0   
0   0   0   0   0   0   0   0   0   0   0   0   0   0   0   
---------------------------------
4--12最大流值为：20
最可靠最大流分布概率为 ： 0.183016
状态划分算法消耗的内存为：3.10156
状态划分算法运行时间(ms) ： 139.731
---------------------------------
流分布如下: 
---------------------------------
0   0   0   0   0   0   0   0   0   0   0   0   0   0   0   
0   0   0   0   0   0   0   0   0   0   0   10  0   0   0   
0   0   0   0   0   0   0   0   0   0   0   0   0   0   0   
0   0   0   0   0   10  0   0   0   0   0   0   0   10  0   
0   0   0   0   0   0   0   0   0   0   0   10  0   0   0   
0   10  0   0   0   0   0   0   0   0   0   0   0   0   0   
0   0   0   0   0   0   0   0   0   0   0   0   0   0   0   
0   0   0   0   0   0   0   0   0   0   0   0   0   0   0   
0   0   0   0   0   0   0   0   0   0   0   0   0   0   0   
0   0   0   0   0   0   0   0   0   0   0   0   0   0   0   
0   0   0   0   0   0   0   0   0   0   0   0   0   0   0   
0   0   0   0   0   0   0   0   0   0   0   0   0   0   0   
0   0   0   0   0   0   0   0   0   0   0   0   0   0   0   
0   0   0   0   10  0   0   0   0   0   0   0   0   0   0   
0   0   0   0   0   0   0   0   0   0   0   0   0   0   0   
---------------------------------
14--6最大流值为：30
最可靠最大流分布概率为 ： 0.0456
状态划分算法消耗的内存为：3.13672
状态划分算法运行时间(ms) ： 19512.7
---------------------------------
流分布如下: 
---------------------------------
0   0   0   0   0   10  0   0   0   0   0   0   0   0   0   
0   0   0   0   0   10  0   0   0   0   0   0   0   0   0   
0   0   0   0   0   0   0   0   0   0   0   0   0   0   0   
0   0   0   0   0   0   10  0   0   0   0   0   0   0   0   
0   0   0   0   0   0   0   0   0   0   0   0   0   0   0   
0   0   0   0   0   0   0   0   0   0   0   0   0   0   0   
10  0   0   0   0   0   0   0   0   0   0   0   0   0   0   
0   0   0   0   0   0   0   0   0   0   0   0   0   0   0   
0   10  0   0   0   0   0   0   0   0   0   0   0   0   0   
0   0   0   0   0   0   0   0   0   0   0   0   0   0   0   
0   0   0   0   0   10  0   0   0   0   0   0   0   0   0   
0   0   0   0   0   0   0   0   0   0   10  0   0   0   0   
0   0   0   0   0   0   0   0   0   0   0   0   0   0   10  
0   0   0   10  0   0   0   0   10  0   0   0   10  0   0   
0   0   0   0   0   0   0   0   0   0   0   10  0   0   0   
---------------------------------
14--6最大流值为：60
最可靠最大流分布概率为 ： 0.0473819
状态划分算法消耗的内存为：3.13672
状态划分算法运行时间(ms) ： 3440.09
---------------------------------
流分布如下: 
---------------------------------
0   0   0   0   0   10  10  0   0   0   0   0   0   0   0   
0   0   0   0   0   0   0   0   0   0   0   0   0   0   10  
0   0   0   10  0   0   0   0   0   0   0   0   0   0   0   
0   0   0   0   0   0   0   0   0   0   10  0   0   0   0   
10  0   0   0   0   0   0   0   0   0   0   0   0   0   0   
0   0   0   0   0   0   0   0   0   0   0   0   0   0   0   
0   0   0   0   0   0   0   10  0   0   0   0   0   0   0   
0   0   0   0   0   10  0   0   10  0   0   0   0   0   0   
0   0   0   0   0   10  0   0   0   0   0   0   0   0   0   
0   0   0   0   0   0   0   0   0   0   0   0   0   0   0   
0   0   0   0   0   10  0   0   0   0   0   0   0   0   0   
0   0   0   0   0   0   0   0   0   0   0   0   0   0   0   
0   10  0   0   0   0   0   0   0   0   0   0   0   0   0   
10  0   10  0   10  10  0   10  0   0   0   0   10  0   0   
0   0   0   0   0   10  0   0   0   0   0   0   0   0   0   
---------------------------------
5--13最大流值为：50
最可靠最大流分布概率为 ： 0.0232283
状态划分算法消耗的内存为：3.17188
状态划分算法运行时间(ms) ： 36535.6
---------------------------------
流分布如下: 
---------------------------------
0   0   0   0   0   0   0   0   0   0   0   0   0   0   0   
0   0   0   0   0   0   0   0   0   0   0   0   10  0   0   
0   0   0   0   0   0   0   0   0   0   0   0   10  0   0   
0   0   0   0   0   0   0   0   0   0   0   0   10  0   0   
0   0   10  10  0   0   0   0   0   10  0   0   0   10  10  
0   0   0   0   0   0   0   0   0   0   0   0   0   0   0   
0   0   0   0   0   0   0   0   0   0   0   0   10  0   0   
0   0   0   0   0   0   0   0   0   0   0   0   0   0   0   
0   0   0   0   0   0   0   0   0   0   0   0   0   0   0   
0   0   0   0   0   0   10  0   0   0   0   0   0   0   0   
0   0   0   0   0   0   0   0   0   0   0   0   0   0   0   
0   0   0   0   0   0   0   0   0   0   0   0   0   0   0   
0   0   0   0   0   0   0   0   0   0   0   0   0   0   0   
0   0   0   0   0   0   0   0   0   0   0   0   10  0   0   
0   10  0   0   0   0   0   0   0   0   0   0   0   0   0   
---------------------------------
