1--2最大流值为：7
最可靠最大流分布概率为 ： 0.34766
状态划分算法消耗的内存为：21.1758
状态划分算法运行时间(ms) ： 2.2397
---------------------------------
流分布如下: 
---------------------------------
0   0   4   3   0   0   0   
0   0   0   0   0   0   0   
0   0   0   0   1   3   0   
0   0   0   0   3   0   0   
0   0   0   0   0   0   4   
0   3   0   0   0   0   0   
0   4   0   0   0   0   0   
---------------------------------
关键边输出如下：
---------------------------------
1    A         3         0         
8    A         4         0.445565  
2    A         4         0.531964  
9    A         4         0.531964  
6    A         6         0.436348  
11   A         6         0.436348  
4    A         6         0.458166  
3    B         7         0         
5    C         7         0.34766   
7    C         7         0.34766   
10   C         7         0.34766   
---------------------------------
---------------------------------

1--2最大流值为：7
最可靠最大流分布概率为 ： 0.34766
状态划分算法消耗的内存为：5.3125
状态划分算法运行时间(ms) ： 2.25358
---------------------------------
流分布如下: 
---------------------------------
0   0   4   3   0   0   0   
0   0   0   0   0   0   0   
0   0   0   0   1   3   0   
0   0   0   0   3   0   0   
0   0   0   0   0   0   4   
0   3   0   0   0   0   0   
0   4   0   0   0   0   0   
---------------------------------
关键边输出如下：
---------------------------------
1    A         3         0         
8    A         4         0.445565  
2    A         4         0.531964  
9    A         4         0.531964  
6    A         6         0.436348  
11   A         6         0.436348  
4    A         6         0.458166  
3    B         7         0         
5    C         7         0.34766   
7    C         7         0.34766   
10   C         7         0.34766   
---------------------------------
---------------------------------

1--2最大流值为：7
最可靠最大流分布概率为 ： 0.34766
状态划分算法消耗的内存为：21.1758
状态划分算法运行时间(ms) ： 2.25358
---------------------------------
流分布如下: 
---------------------------------
0   0   4   3   0   0   0   
0   0   0   0   0   0   0   
0   0   0   0   1   3   0   
0   0   0   0   3   0   0   
0   0   0   0   0   0   4   
0   3   0   0   0   0   0   
0   4   0   0   0   0   0   
---------------------------------
关键边输出如下：
---------------------------------
1    A         3         0         
8    A         4         0.445565  
2    A         4         0.531964  
9    A         4         0.531964  
6    A         6         0.436348  
11   A         6         0.436348  
4    A         6         0.458166  
3    B         7         0         
5    C         7         0.34766   
7    C         7         0.34766   
10   C         7         0.34766   
---------------------------------
---------------------------------

