1--2最大流值为：7
最可靠最大流分布概率为 ： 0.34766
状态划分算法消耗的内存为：4.88281
状态划分算法运行时间(ms) ： 31.4355
---------------------------------
流分布如下: 
---------------------------------
0   0   4   3   0   0   0   
0   0   0   0   0   0   0   
0   0   0   0   1   3   0   
0   0   0   0   3   0   0   
0   0   0   0   0   0   4   
0   3   0   0   0   0   0   
0   4   0   0   0   0   0   
---------------------------------
关键边输出如下：
---------------------------------
1    T         3         0         0         
8    T         4         0.505176  0.505176  
9    T         4         0.559962  0.66944   
2    T         4         0.559962  0.700603  
4    T         6         0.458166  0.572024  
11   T         6         0.459314  0.526363  
6    T         6         0.459314  0.550947  
3    T         7         0.300085  0.300085  
7    T         7         0.34766   0.34766   
10   T         7         0.34766   0.362664  
5    T         7         0.34766   0.362664  
---------------------------------
---------------------------------

1--2最大流值为：7
最可靠最大流分布概率为 ： 0.34766
状态划分算法消耗的内存为：4.85938
状态划分算法运行时间(ms) ： 33.4603
---------------------------------
流分布如下: 
---------------------------------
0   0   4   3   0   0   0   
0   0   0   0   0   0   0   
0   0   0   0   1   3   0   
0   0   0   0   3   0   0   
0   0   0   0   0   0   4   
0   3   0   0   0   0   0   
0   4   0   0   0   0   0   
---------------------------------
关键边输出如下：
---------------------------------
1    T         3         0         0         
8    T         4         0.505176  0.505176  
9    T         4         0.559962  0.66944   
2    T         4         0.559962  0.700603  
4    T         6         0.458166  0.572024  
11   T         6         0.459314  0.526363  
6    T         6         0.459314  0.550947  
3    T         7         0.300085  0.300085  
7    T         7         0.34766   0.34766   
10   T         7         0.34766   0.362664  
5    T         7         0.34766   0.362664  
---------------------------------
---------------------------------

1--2最大流值为：7
最可靠最大流分布概率为 ： 0.34766
状态划分算法消耗的内存为：4.88281
状态划分算法运行时间(ms) ： 29.4509
---------------------------------
流分布如下: 
---------------------------------
0   0   4   3   0   0   0   
0   0   0   0   0   0   0   
0   0   0   0   1   3   0   
0   0   0   0   3   0   0   
0   0   0   0   0   0   4   
0   3   0   0   0   0   0   
0   4   0   0   0   0   0   
---------------------------------
关键边输出如下：
---------------------------------
1    T         3         0         0         
8    T         4         0.505176  0.505176  
9    T         4         0.559962  0.66944   
2    T         4         0.559962  0.700603  
4    T         6         0.458166  0.572024  
11   T         6         0.459314  0.526363  
6    T         6         0.459314  0.550947  
3    T         7         0.300085  0.300085  
7    T         7         0.34766   0.34766   
10   T         7         0.34766   0.362664  
5    T         7         0.34766   0.362664  
---------------------------------
---------------------------------

1--2最大流值为：7
最可靠最大流分布概率为 ： 0.34766
状态划分算法消耗的内存为：4.875
状态划分算法运行时间(ms) ： 29.8336
---------------------------------
流分布如下: 
---------------------------------
0   0   4   3   0   0   0   
0   0   0   0   0   0   0   
0   0   0   0   1   3   0   
0   0   0   0   3   0   0   
0   0   0   0   0   0   4   
0   3   0   0   0   0   0   
0   4   0   0   0   0   0   
---------------------------------
关键边输出如下：
---------------------------------
1    T         3         0         0         
8    T         4         0.505176  0.505176  
9    T         4         0.559962  0.66944   
2    T         4         0.559962  0.700603  
4    T         6         0.458166  0.572024  
11   T         6         0.459314  0.526363  
6    T         6         0.459314  0.550947  
3    T         7         0.300085  0.300085  
7    T         7         0.34766   0.34766   
10   T         7         0.34766   0.362664  
5    T         7         0.34766   0.362664  
---------------------------------
---------------------------------

1--2最大流值为：7
最可靠最大流分布概率为 ： 0.34766
状态划分算法消耗的内存为：4.85938
状态划分算法运行时间(ms) ： 29.5393
---------------------------------
流分布如下: 
---------------------------------
0   0   4   3   0   0   0   
0   0   0   0   0   0   0   
0   0   0   0   1   3   0   
0   0   0   0   3   0   0   
0   0   0   0   0   0   4   
0   3   0   0   0   0   0   
0   4   0   0   0   0   0   
---------------------------------
关键边输出如下：
---------------------------------
1    T         3         0         0         
8    T         4         0.505176  0.505176  
9    T         4         0.559962  0.66944   
2    T         4         0.559962  0.700603  
4    T         6         0.458166  0.572024  
11   T         6         0.459314  0.526363  
6    T         6         0.459314  0.550947  
3    T         7         0.300085  0.300085  
7    T         7         0.34766   0.34766   
10   T         7         0.34766   0.362664  
5    T         7         0.34766   0.362664  
---------------------------------
---------------------------------

1--2最大流值为：7
最可靠最大流分布概率为 ： 0.34766
状态划分算法消耗的内存为：4.96875
状态划分算法运行时间(ms) ： 29.8321
---------------------------------
流分布如下: 
---------------------------------
0   0   4   3   0   0   0   
0   0   0   0   0   0   0   
0   0   0   0   1   3   0   
0   0   0   0   3   0   0   
0   0   0   0   0   0   4   
0   3   0   0   0   0   0   
0   4   0   0   0   0   0   
---------------------------------
关键边输出如下：
---------------------------------
1    T         3         0         0         
8    T         4         0.505176  0.505176  
9    T         4         0.559962  0.66944   
2    T         4         0.559962  0.700603  
4    T         6         0.458166  0.572024  
11   T         6         0.459314  0.526363  
6    T         6         0.459314  0.550947  
3    T         7         0.300085  0.300085  
7    T         7         0.34766   0.34766   
10   T         7         0.34766   0.362664  
5    T         7         0.34766   0.362664  
---------------------------------
---------------------------------

1--2最大流值为：7
最可靠最大流分布概率为 ： 0.34766
状态划分算法消耗的内存为：4.87109
状态划分算法运行时间(ms) ： 29.4548
---------------------------------
流分布如下: 
---------------------------------
0   0   4   3   0   0   0   
0   0   0   0   0   0   0   
0   0   0   0   1   3   0   
0   0   0   0   3   0   0   
0   0   0   0   0   0   4   
0   3   0   0   0   0   0   
0   4   0   0   0   0   0   
---------------------------------
关键边输出如下：
---------------------------------
1    T         3         0         0         
8    T         4         0.505176  0.505176  
9    T         4         0.559962  0.66944   
2    T         4         0.559962  0.700603  
4    T         6         0.458166  0.572024  
11   T         6         0.459314  0.526363  
6    T         6         0.459314  0.550947  
3    T         7         0.300085  0.300085  
7    T         7         0.34766   0.34766   
10   T         7         0.34766   0.362664  
5    T         7         0.34766   0.362664  
---------------------------------
---------------------------------

1--2最大流值为：7
最可靠最大流分布概率为 ： 0.34766
状态划分算法消耗的内存为：4.85547
状态划分算法运行时间(ms) ： 29.9631
---------------------------------
流分布如下: 
---------------------------------
0   0   4   3   0   0   0   
0   0   0   0   0   0   0   
0   0   0   0   1   3   0   
0   0   0   0   3   0   0   
0   0   0   0   0   0   4   
0   3   0   0   0   0   0   
0   4   0   0   0   0   0   
---------------------------------
关键边输出如下：
---------------------------------
1    T         3         0         0         
8    T         4         0.505176  0.505176  
9    T         4         0.559962  0.66944   
2    T         4         0.559962  0.700603  
4    T         6         0.458166  0.572024  
11   T         6         0.459314  0.526363  
6    T         6         0.459314  0.550947  
3    T         7         0.300085  0.300085  
7    T         7         0.34766   0.34766   
10   T         7         0.34766   0.362664  
5    T         7         0.34766   0.362664  
---------------------------------
---------------------------------

1--2最大流值为：7
最可靠最大流分布概率为 ： 0.34766
状态划分算法消耗的内存为：4.97266
状态划分算法运行时间(ms) ： 29.4352
---------------------------------
流分布如下: 
---------------------------------
0   0   4   3   0   0   0   
0   0   0   0   0   0   0   
0   0   0   0   1   3   0   
0   0   0   0   3   0   0   
0   0   0   0   0   0   4   
0   3   0   0   0   0   0   
0   4   0   0   0   0   0   
---------------------------------
关键边输出如下：
---------------------------------
1    T         3         0         0         
8    T         4         0.505176  0.505176  
9    T         4         0.559962  0.66944   
2    T         4         0.559962  0.700603  
4    T         6         0.458166  0.572024  
11   T         6         0.459314  0.526363  
6    T         6         0.459314  0.550947  
3    T         7         0.300085  0.300085  
7    T         7         0.34766   0.34766   
10   T         7         0.34766   0.362664  
5    T         7         0.34766   0.362664  
---------------------------------
---------------------------------

1--2最大流值为：7
最可靠最大流分布概率为 ： 0.34766
状态划分算法消耗的内存为：4.97656
状态划分算法运行时间(ms) ： 30.4606
---------------------------------
流分布如下: 
---------------------------------
0   0   4   3   0   0   0   
0   0   0   0   0   0   0   
0   0   0   0   1   3   0   
0   0   0   0   3   0   0   
0   0   0   0   0   0   4   
0   3   0   0   0   0   0   
0   4   0   0   0   0   0   
---------------------------------
关键边输出如下：
---------------------------------
1    T         3         0         0         
8    T         4         0.505176  0.505176  
9    T         4         0.559962  0.66944   
2    T         4         0.559962  0.700603  
4    T         6         0.458166  0.572024  
11   T         6         0.459314  0.526363  
6    T         6         0.459314  0.550947  
3    T         7         0.300085  0.300085  
7    T         7         0.34766   0.34766   
10   T         7         0.34766   0.362664  
5    T         7         0.34766   0.362664  
---------------------------------
---------------------------------

