1--2最大流值为：7
最可靠最大流分布概率为 ： 0.34766
状态划分算法消耗的内存为：4.87109
状态划分算法运行时间(ms) ： 30.8044
---------------------------------
流分布如下: 
---------------------------------
0   0   4   3   0   0   0   
0   0   0   0   0   0   0   
0   0   0   0   1   3   0   
0   0   0   0   3   0   0   
0   0   0   0   0   0   4   
0   3   0   0   0   0   0   
0   4   0   0   0   0   0   
---------------------------------
关键边输出如下：
---------------------------------
1    S         3         0.594021  0.777803  
8    S         4         0.505176  0.505176  
9    S         4         0.559962  0.66944   
2    S         4         0.559962  0.700603  
4    S         6         0.458166  0.572024  
11   S         6         0.459314  0.526363  
6    S         6         0.459314  0.550947  
3    S         7         0.300085  0.300085  
7    S         7         0.34766   0.34766   
10   S         7         0.34766   0.362664  
5    S         7         0.34766   0.362664  
---------------------------------
---------------------------------

1--2最大流值为：7
最可靠最大流分布概率为 ： 0.34766
状态划分算法消耗的内存为：4.88672
状态划分算法运行时间(ms) ： 30.9541
---------------------------------
流分布如下: 
---------------------------------
0   0   4   3   0   0   0   
0   0   0   0   0   0   0   
0   0   0   0   1   3   0   
0   0   0   0   3   0   0   
0   0   0   0   0   0   4   
0   3   0   0   0   0   0   
0   4   0   0   0   0   0   
---------------------------------
关键边输出如下：
---------------------------------
1    S         3         0.594021  0.777803  
8    S         4         0.505176  0.505176  
9    S         4         0.559962  0.66944   
2    S         4         0.559962  0.700603  
4    S         6         0.458166  0.572024  
11   S         6         0.459314  0.526363  
6    S         6         0.459314  0.550947  
3    S         7         0.300085  0.300085  
7    S         7         0.34766   0.34766   
10   S         7         0.34766   0.362664  
5    S         7         0.34766   0.362664  
---------------------------------
---------------------------------

1--2最大流值为：7
最可靠最大流分布概率为 ： 0.34766
状态划分算法消耗的内存为：4.83984
状态划分算法运行时间(ms) ： 30.3543
---------------------------------
流分布如下: 
---------------------------------
0   0   4   3   0   0   0   
0   0   0   0   0   0   0   
0   0   0   0   1   3   0   
0   0   0   0   3   0   0   
0   0   0   0   0   0   4   
0   3   0   0   0   0   0   
0   4   0   0   0   0   0   
---------------------------------
关键边输出如下：
---------------------------------
1    S         3         0.594021  0.777803  
8    S         4         0.505176  0.505176  
9    S         4         0.559962  0.66944   
2    S         4         0.559962  0.700603  
4    S         6         0.458166  0.572024  
11   S         6         0.459314  0.526363  
6    S         6         0.459314  0.550947  
3    S         7         0.300085  0.300085  
7    S         7         0.34766   0.34766   
10   S         7         0.34766   0.362664  
5    S         7         0.34766   0.362664  
---------------------------------
---------------------------------

1--2最大流值为：7
最可靠最大流分布概率为 ： 0.34766
状态划分算法消耗的内存为：4.87109
状态划分算法运行时间(ms) ： 30.5792
---------------------------------
流分布如下: 
---------------------------------
0   0   4   3   0   0   0   
0   0   0   0   0   0   0   
0   0   0   0   1   3   0   
0   0   0   0   3   0   0   
0   0   0   0   0   0   4   
0   3   0   0   0   0   0   
0   4   0   0   0   0   0   
---------------------------------
关键边输出如下：
---------------------------------
1    S         3         0.594021  0.777803  
8    S         4         0.505176  0.505176  
9    S         4         0.559962  0.66944   
2    S         4         0.559962  0.700603  
4    S         6         0.458166  0.572024  
11   S         6         0.459314  0.526363  
6    S         6         0.459314  0.550947  
3    S         7         0.300085  0.300085  
7    S         7         0.34766   0.34766   
10   S         7         0.34766   0.362664  
5    S         7         0.34766   0.362664  
---------------------------------
---------------------------------

1--2最大流值为：7
最可靠最大流分布概率为 ： 0.34766
状态划分算法消耗的内存为：4.87891
状态划分算法运行时间(ms) ： 30.2804
---------------------------------
流分布如下: 
---------------------------------
0   0   4   3   0   0   0   
0   0   0   0   0   0   0   
0   0   0   0   1   3   0   
0   0   0   0   3   0   0   
0   0   0   0   0   0   4   
0   3   0   0   0   0   0   
0   4   0   0   0   0   0   
---------------------------------
关键边输出如下：
---------------------------------
1    S         3         0.594021  0.777803  
8    S         4         0.505176  0.505176  
9    S         4         0.559962  0.66944   
2    S         4         0.559962  0.700603  
4    S         6         0.458166  0.572024  
11   S         6         0.459314  0.526363  
6    S         6         0.459314  0.550947  
3    S         7         0.300085  0.300085  
7    S         7         0.34766   0.34766   
10   S         7         0.34766   0.362664  
5    S         7         0.34766   0.362664  
---------------------------------
---------------------------------

1--2最大流值为：7
最可靠最大流分布概率为 ： 0.34766
状态划分算法消耗的内存为：4.875
状态划分算法运行时间(ms) ： 30.4781
---------------------------------
流分布如下: 
---------------------------------
0   0   4   3   0   0   0   
0   0   0   0   0   0   0   
0   0   0   0   1   3   0   
0   0   0   0   3   0   0   
0   0   0   0   0   0   4   
0   3   0   0   0   0   0   
0   4   0   0   0   0   0   
---------------------------------
关键边输出如下：
---------------------------------
1    S         3         0.594021  0.777803  
8    S         4         0.505176  0.505176  
9    S         4         0.559962  0.66944   
2    S         4         0.559962  0.700603  
4    S         6         0.458166  0.572024  
11   S         6         0.459314  0.526363  
6    S         6         0.459314  0.550947  
3    S         7         0.300085  0.300085  
7    S         7         0.34766   0.34766   
10   S         7         0.34766   0.362664  
5    S         7         0.34766   0.362664  
---------------------------------
---------------------------------

1--2最大流值为：7
最可靠最大流分布概率为 ： 0.34766
状态划分算法消耗的内存为：4.85156
状态划分算法运行时间(ms) ： 30.1457
---------------------------------
流分布如下: 
---------------------------------
0   0   4   3   0   0   0   
0   0   0   0   0   0   0   
0   0   0   0   1   3   0   
0   0   0   0   3   0   0   
0   0   0   0   0   0   4   
0   3   0   0   0   0   0   
0   4   0   0   0   0   0   
---------------------------------
关键边输出如下：
---------------------------------
1    S         3         0.594021  0.777803  
8    S         4         0.505176  0.505176  
9    S         4         0.559962  0.66944   
2    S         4         0.559962  0.700603  
4    S         6         0.458166  0.572024  
11   S         6         0.459314  0.526363  
6    S         6         0.459314  0.550947  
3    S         7         0.300085  0.300085  
7    S         7         0.34766   0.34766   
10   S         7         0.34766   0.362664  
5    S         7         0.34766   0.362664  
---------------------------------
---------------------------------

1--2最大流值为：7
最可靠最大流分布概率为 ： 0.34766
状态划分算法消耗的内存为：4.87891
状态划分算法运行时间(ms) ： 32.0036
---------------------------------
流分布如下: 
---------------------------------
0   0   4   3   0   0   0   
0   0   0   0   0   0   0   
0   0   0   0   1   3   0   
0   0   0   0   3   0   0   
0   0   0   0   0   0   4   
0   3   0   0   0   0   0   
0   4   0   0   0   0   0   
---------------------------------
关键边输出如下：
---------------------------------
1    S         3         0.594021  0.777803  
8    S         4         0.505176  0.505176  
9    S         4         0.559962  0.66944   
2    S         4         0.559962  0.700603  
4    S         6         0.458166  0.572024  
11   S         6         0.459314  0.526363  
6    S         6         0.459314  0.550947  
3    S         7         0.300085  0.300085  
7    S         7         0.34766   0.34766   
10   S         7         0.34766   0.362664  
5    S         7         0.34766   0.362664  
---------------------------------
---------------------------------

1--2最大流值为：7
最可靠最大流分布概率为 ： 0.34766
状态划分算法消耗的内存为：4.84766
状态划分算法运行时间(ms) ： 30.3757
---------------------------------
流分布如下: 
---------------------------------
0   0   4   3   0   0   0   
0   0   0   0   0   0   0   
0   0   0   0   1   3   0   
0   0   0   0   3   0   0   
0   0   0   0   0   0   4   
0   3   0   0   0   0   0   
0   4   0   0   0   0   0   
---------------------------------
关键边输出如下：
---------------------------------
1    S         3         0.594021  0.777803  
8    S         4         0.505176  0.505176  
9    S         4         0.559962  0.66944   
2    S         4         0.559962  0.700603  
4    S         6         0.458166  0.572024  
11   S         6         0.459314  0.526363  
6    S         6         0.459314  0.550947  
3    S         7         0.300085  0.300085  
7    S         7         0.34766   0.34766   
10   S         7         0.34766   0.362664  
5    S         7         0.34766   0.362664  
---------------------------------
---------------------------------

1--2最大流值为：7
最可靠最大流分布概率为 ： 0.34766
状态划分算法消耗的内存为：4.98047
状态划分算法运行时间(ms) ： 30.5849
---------------------------------
流分布如下: 
---------------------------------
0   0   4   3   0   0   0   
0   0   0   0   0   0   0   
0   0   0   0   1   3   0   
0   0   0   0   3   0   0   
0   0   0   0   0   0   4   
0   3   0   0   0   0   0   
0   4   0   0   0   0   0   
---------------------------------
关键边输出如下：
---------------------------------
1    S         3         0.594021  0.777803  
8    S         4         0.505176  0.505176  
9    S         4         0.559962  0.66944   
2    S         4         0.559962  0.700603  
4    S         6         0.458166  0.572024  
11   S         6         0.459314  0.526363  
6    S         6         0.459314  0.550947  
3    S         7         0.300085  0.300085  
7    S         7         0.34766   0.34766   
10   S         7         0.34766   0.362664  
5    S         7         0.34766   0.362664  
---------------------------------
---------------------------------

