1--4最大流值为：47
最可靠最大流分布概率为 ： 0.0355748
状态划分算法消耗的内存为：4.96875
状态划分算法运行时间(ms) ： 49.5801
---------------------------------
流分布如下: 
---------------------------------
0   12  35  0   0   0   0   0   0   0   
0   0   0   0   12  0   0   0   0   0   
0   0   0   0   35  0   0   0   0   0   
0   0   0   0   0   0   0   0   0   0   
0   0   0   22  0   0   25  0   0   0   
0   0   0   0   0   0   0   0   0   0   
0   0   0   22  0   0   0   0   0   3   
0   0   0   0   0   0   0   0   0   0   
0   0   0   0   0   0   0   0   0   0   
0   0   0   3   0   0   0   0   0   0   
---------------------------------
关键边输出如下：
---------------------------------
2    A         12        0         0         
13   A         25        0.0744889 0.147428  
9    A         25        0.107421  0.168792  
10   A         28        0         0         
1    A         37        0         0         
5    A         41        0         0         
3    A         43        0         0         
17   A         44        0         0         
14   B         47        0         0         
11   b         47        0.0355748 0.0411026 
4    b         47        0.0355748 0.0413772 
6    C         47        0.0355748 0.0439019 
7    C         47        0.0355748 0.0439019 
8    C         47        0.0355748 0.0439019 
12   C         47        0.0355748 0.0439019 
15   C         47        0.0355748 0.0439019 
16   C         47        0.0355748 0.0439019 
18   C         47        0.0355748 0.0439019 
---------------------------------
---------------------------------

1--4最大流值为：47
最可靠最大流分布概率为 ： 0.0355748
状态划分算法消耗的内存为：4.98438
状态划分算法运行时间(ms) ： 49.4917
---------------------------------
流分布如下: 
---------------------------------
0   12  35  0   0   0   0   0   0   0   
0   0   0   0   12  0   0   0   0   0   
0   0   0   0   35  0   0   0   0   0   
0   0   0   0   0   0   0   0   0   0   
0   0   0   22  0   0   25  0   0   0   
0   0   0   0   0   0   0   0   0   0   
0   0   0   22  0   0   0   0   0   3   
0   0   0   0   0   0   0   0   0   0   
0   0   0   0   0   0   0   0   0   0   
0   0   0   3   0   0   0   0   0   0   
---------------------------------
关键边输出如下：
---------------------------------
2    A         12        0         0         
13   A         25        0.0744889 0.147428  
9    A         25        0.107421  0.168792  
10   A         28        0         0         
1    A         37        0         0         
5    A         41        0         0         
3    A         43        0         0         
17   A         44        0         0         
14   B         47        0         0         
11   b         47        0.0355748 0.0411026 
4    b         47        0.0355748 0.0413772 
6    C         47        0.0355748 0.0439019 
7    C         47        0.0355748 0.0439019 
8    C         47        0.0355748 0.0439019 
12   C         47        0.0355748 0.0439019 
15   C         47        0.0355748 0.0439019 
16   C         47        0.0355748 0.0439019 
18   C         47        0.0355748 0.0439019 
---------------------------------
---------------------------------

1--4最大流值为：47
最可靠最大流分布概率为 ： 0.0355748
状态划分算法消耗的内存为：20.7813
状态划分算法运行时间(ms) ： 50.5977
---------------------------------
流分布如下: 
---------------------------------
0   12  35  0   0   0   0   0   0   0   
0   0   0   0   12  0   0   0   0   0   
0   0   0   0   35  0   0   0   0   0   
0   0   0   0   0   0   0   0   0   0   
0   0   0   22  0   0   25  0   0   0   
0   0   0   0   0   0   0   0   0   0   
0   0   0   22  0   0   0   0   0   3   
0   0   0   0   0   0   0   0   0   0   
0   0   0   0   0   0   0   0   0   0   
0   0   0   3   0   0   0   0   0   0   
---------------------------------
关键边输出如下：
---------------------------------
2    A         12        0         0         
13   A         25        0.0744889 0.147428  
9    A         25        0.107421  0.168792  
10   A         28        0         0         
1    A         37        0         0         
5    A         41        0         0         
3    A         43        0         0         
17   A         44        0         0         
14   B         47        0         0         
11   b         47        0.0355748 0.0411026 
4    b         47        0.0355748 0.0413772 
6    C         47        0.0355748 0.0439019 
7    C         47        0.0355748 0.0439019 
8    C         47        0.0355748 0.0439019 
12   C         47        0.0355748 0.0439019 
15   C         47        0.0355748 0.0439019 
16   C         47        0.0355748 0.0439019 
18   C         47        0.0355748 0.0439019 
---------------------------------
---------------------------------

1--4最大流值为：47
最可靠最大流分布概率为 ： 0.0355748
状态划分算法消耗的内存为：20.7969
状态划分算法运行时间(ms) ： 49.652
---------------------------------
流分布如下: 
---------------------------------
0   12  35  0   0   0   0   0   0   0   
0   0   0   0   12  0   0   0   0   0   
0   0   0   0   35  0   0   0   0   0   
0   0   0   0   0   0   0   0   0   0   
0   0   0   22  0   0   25  0   0   0   
0   0   0   0   0   0   0   0   0   0   
0   0   0   22  0   0   0   0   0   3   
0   0   0   0   0   0   0   0   0   0   
0   0   0   0   0   0   0   0   0   0   
0   0   0   3   0   0   0   0   0   0   
---------------------------------
关键边输出如下：
---------------------------------
2    A         12        0         0         
13   A         25        0.0744889 0.147428  
9    A         25        0.107421  0.168792  
10   A         28        0         0         
1    A         37        0         0         
5    A         41        0         0         
3    A         43        0         0         
17   A         44        0         0         
14   B         47        0         0         
11   b         47        0.0355748 0.0411026 
4    b         47        0.0355748 0.0413772 
6    C         47        0.0355748 0.0439019 
7    C         47        0.0355748 0.0439019 
8    C         47        0.0355748 0.0439019 
12   C         47        0.0355748 0.0439019 
15   C         47        0.0355748 0.0439019 
16   C         47        0.0355748 0.0439019 
18   C         47        0.0355748 0.0439019 
---------------------------------
---------------------------------

1--4最大流值为：47
最可靠最大流分布概率为 ： 0.0355748
状态划分算法消耗的内存为：20.793
状态划分算法运行时间(ms) ： 49.2753
---------------------------------
流分布如下: 
---------------------------------
0   12  35  0   0   0   0   0   0   0   
0   0   0   0   12  0   0   0   0   0   
0   0   0   0   35  0   0   0   0   0   
0   0   0   0   0   0   0   0   0   0   
0   0   0   22  0   0   25  0   0   0   
0   0   0   0   0   0   0   0   0   0   
0   0   0   22  0   0   0   0   0   3   
0   0   0   0   0   0   0   0   0   0   
0   0   0   0   0   0   0   0   0   0   
0   0   0   3   0   0   0   0   0   0   
---------------------------------
关键边输出如下：
---------------------------------
2    A         12        0         0         
13   A         25        0.0744889 0.147428  
9    A         25        0.107421  0.168792  
10   A         28        0         0         
1    A         37        0         0         
5    A         41        0         0         
3    A         43        0         0         
17   A         44        0         0         
14   B         47        0         0         
11   b         47        0.0355748 0.0411026 
4    b         47        0.0355748 0.0413772 
6    C         47        0.0355748 0.0439019 
7    C         47        0.0355748 0.0439019 
8    C         47        0.0355748 0.0439019 
12   C         47        0.0355748 0.0439019 
15   C         47        0.0355748 0.0439019 
16   C         47        0.0355748 0.0439019 
18   C         47        0.0355748 0.0439019 
---------------------------------
---------------------------------

1--4最大流值为：47
最可靠最大流分布概率为 ： 0.0355748
状态划分算法消耗的内存为：20.7813
状态划分算法运行时间(ms) ： 49.6556
---------------------------------
流分布如下: 
---------------------------------
0   12  35  0   0   0   0   0   0   0   
0   0   0   0   12  0   0   0   0   0   
0   0   0   0   35  0   0   0   0   0   
0   0   0   0   0   0   0   0   0   0   
0   0   0   22  0   0   25  0   0   0   
0   0   0   0   0   0   0   0   0   0   
0   0   0   22  0   0   0   0   0   3   
0   0   0   0   0   0   0   0   0   0   
0   0   0   0   0   0   0   0   0   0   
0   0   0   3   0   0   0   0   0   0   
---------------------------------
关键边输出如下：
---------------------------------
2    A         12        0         0         
13   A         25        0.0744889 0.147428  
9    A         25        0.107421  0.168792  
10   A         28        0         0         
1    A         37        0         0         
5    A         41        0         0         
3    A         43        0         0         
17   A         44        0         0         
14   B         47        0         0         
11   b         47        0.0355748 0.0411026 
4    b         47        0.0355748 0.0413772 
6    C         47        0.0355748 0.0439019 
7    C         47        0.0355748 0.0439019 
8    C         47        0.0355748 0.0439019 
12   C         47        0.0355748 0.0439019 
15   C         47        0.0355748 0.0439019 
16   C         47        0.0355748 0.0439019 
18   C         47        0.0355748 0.0439019 
---------------------------------
---------------------------------

1--4最大流值为：47
最可靠最大流分布概率为 ： 0.0355748
状态划分算法消耗的内存为：4.97656
状态划分算法运行时间(ms) ： 49.8485
---------------------------------
流分布如下: 
---------------------------------
0   12  35  0   0   0   0   0   0   0   
0   0   0   0   12  0   0   0   0   0   
0   0   0   0   35  0   0   0   0   0   
0   0   0   0   0   0   0   0   0   0   
0   0   0   22  0   0   25  0   0   0   
0   0   0   0   0   0   0   0   0   0   
0   0   0   22  0   0   0   0   0   3   
0   0   0   0   0   0   0   0   0   0   
0   0   0   0   0   0   0   0   0   0   
0   0   0   3   0   0   0   0   0   0   
---------------------------------
关键边输出如下：
---------------------------------
2    A         12        0         0         
13   A         25        0.0744889 0.147428  
9    A         25        0.107421  0.168792  
10   A         28        0         0         
1    A         37        0         0         
5    A         41        0         0         
3    A         43        0         0         
17   A         44        0         0         
14   B         47        0         0         
11   b         47        0.0355748 0.0411026 
4    b         47        0.0355748 0.0413772 
6    C         47        0.0355748 0.0439019 
7    C         47        0.0355748 0.0439019 
8    C         47        0.0355748 0.0439019 
12   C         47        0.0355748 0.0439019 
15   C         47        0.0355748 0.0439019 
16   C         47        0.0355748 0.0439019 
18   C         47        0.0355748 0.0439019 
---------------------------------
---------------------------------

1--4最大流值为：47
最可靠最大流分布概率为 ： 0.0355748
状态划分算法消耗的内存为：4.97656
状态划分算法运行时间(ms) ： 49.1992
---------------------------------
流分布如下: 
---------------------------------
0   12  35  0   0   0   0   0   0   0   
0   0   0   0   12  0   0   0   0   0   
0   0   0   0   35  0   0   0   0   0   
0   0   0   0   0   0   0   0   0   0   
0   0   0   22  0   0   25  0   0   0   
0   0   0   0   0   0   0   0   0   0   
0   0   0   22  0   0   0   0   0   3   
0   0   0   0   0   0   0   0   0   0   
0   0   0   0   0   0   0   0   0   0   
0   0   0   3   0   0   0   0   0   0   
---------------------------------
关键边输出如下：
---------------------------------
2    A         12        0         0         
13   A         25        0.0744889 0.147428  
9    A         25        0.107421  0.168792  
10   A         28        0         0         
1    A         37        0         0         
5    A         41        0         0         
3    A         43        0         0         
17   A         44        0         0         
14   B         47        0         0         
11   b         47        0.0355748 0.0411026 
4    b         47        0.0355748 0.0413772 
6    C         47        0.0355748 0.0439019 
7    C         47        0.0355748 0.0439019 
8    C         47        0.0355748 0.0439019 
12   C         47        0.0355748 0.0439019 
15   C         47        0.0355748 0.0439019 
16   C         47        0.0355748 0.0439019 
18   C         47        0.0355748 0.0439019 
---------------------------------
---------------------------------

1--4最大流值为：47
最可靠最大流分布概率为 ： 0.0355748
状态划分算法消耗的内存为：20.7891
状态划分算法运行时间(ms) ： 49.457
---------------------------------
流分布如下: 
---------------------------------
0   12  35  0   0   0   0   0   0   0   
0   0   0   0   12  0   0   0   0   0   
0   0   0   0   35  0   0   0   0   0   
0   0   0   0   0   0   0   0   0   0   
0   0   0   22  0   0   25  0   0   0   
0   0   0   0   0   0   0   0   0   0   
0   0   0   22  0   0   0   0   0   3   
0   0   0   0   0   0   0   0   0   0   
0   0   0   0   0   0   0   0   0   0   
0   0   0   3   0   0   0   0   0   0   
---------------------------------
关键边输出如下：
---------------------------------
2    A         12        0         0         
13   A         25        0.0744889 0.147428  
9    A         25        0.107421  0.168792  
10   A         28        0         0         
1    A         37        0         0         
5    A         41        0         0         
3    A         43        0         0         
17   A         44        0         0         
14   B         47        0         0         
11   b         47        0.0355748 0.0411026 
4    b         47        0.0355748 0.0413772 
6    C         47        0.0355748 0.0439019 
7    C         47        0.0355748 0.0439019 
8    C         47        0.0355748 0.0439019 
12   C         47        0.0355748 0.0439019 
15   C         47        0.0355748 0.0439019 
16   C         47        0.0355748 0.0439019 
18   C         47        0.0355748 0.0439019 
---------------------------------
---------------------------------

1--4最大流值为：47
最可靠最大流分布概率为 ： 0.0355748
状态划分算法消耗的内存为：20.7969
状态划分算法运行时间(ms) ： 49.4005
---------------------------------
流分布如下: 
---------------------------------
0   12  35  0   0   0   0   0   0   0   
0   0   0   0   12  0   0   0   0   0   
0   0   0   0   35  0   0   0   0   0   
0   0   0   0   0   0   0   0   0   0   
0   0   0   22  0   0   25  0   0   0   
0   0   0   0   0   0   0   0   0   0   
0   0   0   22  0   0   0   0   0   3   
0   0   0   0   0   0   0   0   0   0   
0   0   0   0   0   0   0   0   0   0   
0   0   0   3   0   0   0   0   0   0   
---------------------------------
关键边输出如下：
---------------------------------
2    A         12        0         0         
13   A         25        0.0744889 0.147428  
9    A         25        0.107421  0.168792  
10   A         28        0         0         
1    A         37        0         0         
5    A         41        0         0         
3    A         43        0         0         
17   A         44        0         0         
14   B         47        0         0         
11   b         47        0.0355748 0.0411026 
4    b         47        0.0355748 0.0413772 
6    C         47        0.0355748 0.0439019 
7    C         47        0.0355748 0.0439019 
8    C         47        0.0355748 0.0439019 
12   C         47        0.0355748 0.0439019 
15   C         47        0.0355748 0.0439019 
16   C         47        0.0355748 0.0439019 
18   C         47        0.0355748 0.0439019 
---------------------------------
---------------------------------

