8--1最大流值为：63
最可靠最大流分布概率为 ： 0.0652329
状态划分算法消耗的内存为：5.06641
状态划分算法运行时间(ms) ： 10.8867
---------------------------------
流分布如下: 
---------------------------------
0   0   0   0   0   0   0   0   0   0   
22  0   0   0   0   0   0   0   0   0   
38  0   0   0   0   0   0   0   0   0   
0   0   0   0   0   0   0   0   0   0   
0   0   0   0   0   0   0   0   0   0   
3   0   0   0   0   0   0   0   0   0   
0   0   0   0   0   0   0   0   0   0   
0   22  38  0   0   0   0   0   0   3   
0   0   0   0   0   0   0   0   0   0   
0   0   0   0   0   3   0   0   0   0   
---------------------------------
关键边输出如下：
---------------------------------
5    A         25        0         0         
14   A         37        0         0         
2    A         41        0.148274  0.148274  
13   A         41        0.148274  0.163443  
17   A         60        0.185343  0.185343  
18   A         60        0.185343  0.185343  
10   B         63        0         0         
11   b         63        0         0         
1    C         63        0.0652329 0.0764802 
3    C         63        0.0652329 0.0764802 
4    C         63        0.0652329 0.0764802 
6    C         63        0.0652329 0.0764802 
7    C         63        0.0652329 0.0764802 
8    C         63        0.0652329 0.0764802 
9    C         63        0.0652329 0.0764802 
12   C         63        0.0652329 0.0764802 
15   C         63        0.0652329 0.0764802 
16   C         63        0.0652329 0.0764802 
---------------------------------
---------------------------------

