3--4最大流值为：55
最可靠最大流分布概率为 ： 0.0597624
状态划分算法消耗的内存为：5.94141
状态划分算法运行时间(ms) ： 109.103
---------------------------------
流分布如下: 
---------------------------------
0   0   0   0   0   0   0   0   0   0   
0   0   0   0   0   0   0   0   0   0   
0   0   0   38  0   3   14  0   0   0   
0   0   0   0   0   0   0   0   0   0   
0   0   0   0   0   0   0   0   0   0   
0   0   0   0   0   0   0   0   0   3   
0   0   0   17  0   0   0   0   0   0   
0   0   0   0   0   0   0   0   0   0   
0   0   0   0   0   0   0   0   0   0   
0   0   0   0   0   0   3   0   0   0   
---------------------------------
关键边输出如下：
---------------------------------
5    A         17        0         0         
12   A         38        0         0         
7    A         41        0         0         
18   A         52        0         0         
11   B         55        0.0475751 0.0475751 
6    B         55        0.0475751 0.0811785 
4    b         55        0.0597624 0.0687702 
8    b         55        0.0597624 0.0885026 
15   b         55        0.0597624 0.0893128 
9    b         55        0.0597624 0.092794  
16   b         55        0.0597624 0.092794  
14   b         55        0.0597624 0.092905  
1    b         55        0.0597624 0.0929089 
2    b         55        0.0597624 0.0955092 
3    b         55        0.0597624 0.13668   
10   C         55        0.0597624 0.0929866 
13   C         55        0.0597624 0.0929866 
17   C         55        0.0597624 0.0929866 
---------------------------------
---------------------------------

