6--5最大流值为：26
最可靠最大流分布概率为 ： 0.132277
状态划分算法消耗的内存为：20.8789
状态划分算法运行时间(ms) ： 360.262
---------------------------------
流分布如下: 
---------------------------------
0   0   0   0   13  0   0   0   0   0   0   0   
0   0   0   0   0   0   0   0   0   0   0   0   
0   0   0   0   13  0   0   0   0   0   0   0   
0   0   0   0   0   0   0   0   0   0   0   0   
0   0   0   0   0   0   0   0   0   0   0   0   
0   0   0   0   0   0   13  0   13  0   0   0   
13  0   0   0   0   0   0   0   0   0   0   0   
0   0   0   0   0   0   0   0   0   0   0   0   
0   0   0   0   0   0   0   0   0   0   0   13  
0   0   13  0   0   0   0   0   0   0   0   0   
0   0   0   0   0   0   0   0   0   0   0   0   
0   0   0   0   0   0   0   0   0   13  0   0   
---------------------------------
关键边输出如下：
---------------------------------
1    A         13        0.214936  0.358489  
18   A         13        0.615423  0.665555  
4    A         13        0.615423  0.668847  
11   B         26        0.0686003 0.144563  
14   B         26        0.0686003 0.144563  
12   B         26        0.0724632 0.118602  
17   B         26        0.116865  0.180901  
22   B         26        0.116865  0.201068  
3    b         26        0.132277  0.18397   
15   b         26        0.132277  0.197258  
19   b         26        0.132277  0.206791  
10   b         26        0.132277  0.211118  
13   b         26        0.132277  0.211862  
7    b         26        0.132277  0.212123  
9    b         26        0.132277  0.21225   
20   b         26        0.132277  0.213619  
2    b         26        0.132277  0.214369  
8    b         26        0.132277  0.218845  
21   b         26        0.132277  0.219552  
16   b         26        0.132277  0.219715  
5    C         26        0.132277  0.21978   
6    C         26        0.132277  0.21978   
---------------------------------
---------------------------------

6--5最大流值为：26
最可靠最大流分布概率为 ： 0.132277
状态划分算法消耗的内存为：20.8789
状态划分算法运行时间(ms) ： 361.887
---------------------------------
流分布如下: 
---------------------------------
0   0   0   0   13  0   0   0   0   0   0   0   
0   0   0   0   0   0   0   0   0   0   0   0   
0   0   0   0   13  0   0   0   0   0   0   0   
0   0   0   0   0   0   0   0   0   0   0   0   
0   0   0   0   0   0   0   0   0   0   0   0   
0   0   0   0   0   0   13  0   13  0   0   0   
13  0   0   0   0   0   0   0   0   0   0   0   
0   0   0   0   0   0   0   0   0   0   0   0   
0   0   0   0   0   0   0   0   0   0   0   13  
0   0   13  0   0   0   0   0   0   0   0   0   
0   0   0   0   0   0   0   0   0   0   0   0   
0   0   0   0   0   0   0   0   0   13  0   0   
---------------------------------
关键边输出如下：
---------------------------------
1    A         13        0.214936  0.358489  
18   A         13        0.615423  0.665555  
4    A         13        0.615423  0.668847  
11   B         26        0.0686003 0.144563  
14   B         26        0.0686003 0.144563  
12   B         26        0.0724632 0.118602  
17   B         26        0.116865  0.180901  
22   B         26        0.116865  0.201068  
3    b         26        0.132277  0.18397   
15   b         26        0.132277  0.197258  
19   b         26        0.132277  0.206791  
10   b         26        0.132277  0.211118  
13   b         26        0.132277  0.211862  
7    b         26        0.132277  0.212123  
9    b         26        0.132277  0.21225   
20   b         26        0.132277  0.213619  
2    b         26        0.132277  0.214369  
8    b         26        0.132277  0.218845  
21   b         26        0.132277  0.219552  
16   b         26        0.132277  0.219715  
5    C         26        0.132277  0.21978   
6    C         26        0.132277  0.21978   
---------------------------------
---------------------------------

6--5最大流值为：26
最可靠最大流分布概率为 ： 0.132277
状态划分算法消耗的内存为：5.17188
状态划分算法运行时间(ms) ： 360.812
---------------------------------
流分布如下: 
---------------------------------
0   0   0   0   13  0   0   0   0   0   0   0   
0   0   0   0   0   0   0   0   0   0   0   0   
0   0   0   0   13  0   0   0   0   0   0   0   
0   0   0   0   0   0   0   0   0   0   0   0   
0   0   0   0   0   0   0   0   0   0   0   0   
0   0   0   0   0   0   13  0   13  0   0   0   
13  0   0   0   0   0   0   0   0   0   0   0   
0   0   0   0   0   0   0   0   0   0   0   0   
0   0   0   0   0   0   0   0   0   0   0   13  
0   0   13  0   0   0   0   0   0   0   0   0   
0   0   0   0   0   0   0   0   0   0   0   0   
0   0   0   0   0   0   0   0   0   13  0   0   
---------------------------------
关键边输出如下：
---------------------------------
1    A         13        0.214936  0.358489  
18   A         13        0.615423  0.665555  
4    A         13        0.615423  0.668847  
11   B         26        0.0686003 0.144563  
14   B         26        0.0686003 0.144563  
12   B         26        0.0724632 0.118602  
17   B         26        0.116865  0.180901  
22   B         26        0.116865  0.201068  
3    b         26        0.132277  0.18397   
15   b         26        0.132277  0.197258  
19   b         26        0.132277  0.206791  
10   b         26        0.132277  0.211118  
13   b         26        0.132277  0.211862  
7    b         26        0.132277  0.212123  
9    b         26        0.132277  0.21225   
20   b         26        0.132277  0.213619  
2    b         26        0.132277  0.214369  
8    b         26        0.132277  0.218845  
21   b         26        0.132277  0.219552  
16   b         26        0.132277  0.219715  
5    C         26        0.132277  0.21978   
6    C         26        0.132277  0.21978   
---------------------------------
---------------------------------

6--5最大流值为：26
最可靠最大流分布概率为 ： 0.132277
状态划分算法消耗的内存为：20.875
状态划分算法运行时间(ms) ： 360.801
---------------------------------
流分布如下: 
---------------------------------
0   0   0   0   13  0   0   0   0   0   0   0   
0   0   0   0   0   0   0   0   0   0   0   0   
0   0   0   0   13  0   0   0   0   0   0   0   
0   0   0   0   0   0   0   0   0   0   0   0   
0   0   0   0   0   0   0   0   0   0   0   0   
0   0   0   0   0   0   13  0   13  0   0   0   
13  0   0   0   0   0   0   0   0   0   0   0   
0   0   0   0   0   0   0   0   0   0   0   0   
0   0   0   0   0   0   0   0   0   0   0   13  
0   0   13  0   0   0   0   0   0   0   0   0   
0   0   0   0   0   0   0   0   0   0   0   0   
0   0   0   0   0   0   0   0   0   13  0   0   
---------------------------------
关键边输出如下：
---------------------------------
1    A         13        0.214936  0.358489  
18   A         13        0.615423  0.665555  
4    A         13        0.615423  0.668847  
11   B         26        0.0686003 0.144563  
14   B         26        0.0686003 0.144563  
12   B         26        0.0724632 0.118602  
17   B         26        0.116865  0.180901  
22   B         26        0.116865  0.201068  
3    b         26        0.132277  0.18397   
15   b         26        0.132277  0.197258  
19   b         26        0.132277  0.206791  
10   b         26        0.132277  0.211118  
13   b         26        0.132277  0.211862  
7    b         26        0.132277  0.212123  
9    b         26        0.132277  0.21225   
20   b         26        0.132277  0.213619  
2    b         26        0.132277  0.214369  
8    b         26        0.132277  0.218845  
21   b         26        0.132277  0.219552  
16   b         26        0.132277  0.219715  
5    C         26        0.132277  0.21978   
6    C         26        0.132277  0.21978   
---------------------------------
---------------------------------

6--5最大流值为：26
最可靠最大流分布概率为 ： 0.132277
状态划分算法消耗的内存为：20.875
状态划分算法运行时间(ms) ： 361.039
---------------------------------
流分布如下: 
---------------------------------
0   0   0   0   13  0   0   0   0   0   0   0   
0   0   0   0   0   0   0   0   0   0   0   0   
0   0   0   0   13  0   0   0   0   0   0   0   
0   0   0   0   0   0   0   0   0   0   0   0   
0   0   0   0   0   0   0   0   0   0   0   0   
0   0   0   0   0   0   13  0   13  0   0   0   
13  0   0   0   0   0   0   0   0   0   0   0   
0   0   0   0   0   0   0   0   0   0   0   0   
0   0   0   0   0   0   0   0   0   0   0   13  
0   0   13  0   0   0   0   0   0   0   0   0   
0   0   0   0   0   0   0   0   0   0   0   0   
0   0   0   0   0   0   0   0   0   13  0   0   
---------------------------------
关键边输出如下：
---------------------------------
1    A         13        0.214936  0.358489  
18   A         13        0.615423  0.665555  
4    A         13        0.615423  0.668847  
11   B         26        0.0686003 0.144563  
14   B         26        0.0686003 0.144563  
12   B         26        0.0724632 0.118602  
17   B         26        0.116865  0.180901  
22   B         26        0.116865  0.201068  
3    b         26        0.132277  0.18397   
15   b         26        0.132277  0.197258  
19   b         26        0.132277  0.206791  
10   b         26        0.132277  0.211118  
13   b         26        0.132277  0.211862  
7    b         26        0.132277  0.212123  
9    b         26        0.132277  0.21225   
20   b         26        0.132277  0.213619  
2    b         26        0.132277  0.214369  
8    b         26        0.132277  0.218845  
21   b         26        0.132277  0.219552  
16   b         26        0.132277  0.219715  
5    C         26        0.132277  0.21978   
6    C         26        0.132277  0.21978   
---------------------------------
---------------------------------

6--5最大流值为：26
最可靠最大流分布概率为 ： 0.132277
状态划分算法消耗的内存为：20.8359
状态划分算法运行时间(ms) ： 361.151
---------------------------------
流分布如下: 
---------------------------------
0   0   0   0   13  0   0   0   0   0   0   0   
0   0   0   0   0   0   0   0   0   0   0   0   
0   0   0   0   13  0   0   0   0   0   0   0   
0   0   0   0   0   0   0   0   0   0   0   0   
0   0   0   0   0   0   0   0   0   0   0   0   
0   0   0   0   0   0   13  0   13  0   0   0   
13  0   0   0   0   0   0   0   0   0   0   0   
0   0   0   0   0   0   0   0   0   0   0   0   
0   0   0   0   0   0   0   0   0   0   0   13  
0   0   13  0   0   0   0   0   0   0   0   0   
0   0   0   0   0   0   0   0   0   0   0   0   
0   0   0   0   0   0   0   0   0   13  0   0   
---------------------------------
关键边输出如下：
---------------------------------
1    A         13        0.214936  0.358489  
18   A         13        0.615423  0.665555  
4    A         13        0.615423  0.668847  
11   B         26        0.0686003 0.144563  
14   B         26        0.0686003 0.144563  
12   B         26        0.0724632 0.118602  
17   B         26        0.116865  0.180901  
22   B         26        0.116865  0.201068  
3    b         26        0.132277  0.18397   
15   b         26        0.132277  0.197258  
19   b         26        0.132277  0.206791  
10   b         26        0.132277  0.211118  
13   b         26        0.132277  0.211862  
7    b         26        0.132277  0.212123  
9    b         26        0.132277  0.21225   
20   b         26        0.132277  0.213619  
2    b         26        0.132277  0.214369  
8    b         26        0.132277  0.218845  
21   b         26        0.132277  0.219552  
16   b         26        0.132277  0.219715  
5    C         26        0.132277  0.21978   
6    C         26        0.132277  0.21978   
---------------------------------
---------------------------------

6--5最大流值为：26
最可靠最大流分布概率为 ： 0.132277
状态划分算法消耗的内存为：20.8789
状态划分算法运行时间(ms) ： 359.444
---------------------------------
流分布如下: 
---------------------------------
0   0   0   0   13  0   0   0   0   0   0   0   
0   0   0   0   0   0   0   0   0   0   0   0   
0   0   0   0   13  0   0   0   0   0   0   0   
0   0   0   0   0   0   0   0   0   0   0   0   
0   0   0   0   0   0   0   0   0   0   0   0   
0   0   0   0   0   0   13  0   13  0   0   0   
13  0   0   0   0   0   0   0   0   0   0   0   
0   0   0   0   0   0   0   0   0   0   0   0   
0   0   0   0   0   0   0   0   0   0   0   13  
0   0   13  0   0   0   0   0   0   0   0   0   
0   0   0   0   0   0   0   0   0   0   0   0   
0   0   0   0   0   0   0   0   0   13  0   0   
---------------------------------
关键边输出如下：
---------------------------------
1    A         13        0.214936  0.358489  
18   A         13        0.615423  0.665555  
4    A         13        0.615423  0.668847  
11   B         26        0.0686003 0.144563  
14   B         26        0.0686003 0.144563  
12   B         26        0.0724632 0.118602  
17   B         26        0.116865  0.180901  
22   B         26        0.116865  0.201068  
3    b         26        0.132277  0.18397   
15   b         26        0.132277  0.197258  
19   b         26        0.132277  0.206791  
10   b         26        0.132277  0.211118  
13   b         26        0.132277  0.211862  
7    b         26        0.132277  0.212123  
9    b         26        0.132277  0.21225   
20   b         26        0.132277  0.213619  
2    b         26        0.132277  0.214369  
8    b         26        0.132277  0.218845  
21   b         26        0.132277  0.219552  
16   b         26        0.132277  0.219715  
5    C         26        0.132277  0.21978   
6    C         26        0.132277  0.21978   
---------------------------------
---------------------------------

6--5最大流值为：26
最可靠最大流分布概率为 ： 0.132277
状态划分算法消耗的内存为：20.8711
状态划分算法运行时间(ms) ： 374.966
---------------------------------
流分布如下: 
---------------------------------
0   0   0   0   13  0   0   0   0   0   0   0   
0   0   0   0   0   0   0   0   0   0   0   0   
0   0   0   0   13  0   0   0   0   0   0   0   
0   0   0   0   0   0   0   0   0   0   0   0   
0   0   0   0   0   0   0   0   0   0   0   0   
0   0   0   0   0   0   13  0   13  0   0   0   
13  0   0   0   0   0   0   0   0   0   0   0   
0   0   0   0   0   0   0   0   0   0   0   0   
0   0   0   0   0   0   0   0   0   0   0   13  
0   0   13  0   0   0   0   0   0   0   0   0   
0   0   0   0   0   0   0   0   0   0   0   0   
0   0   0   0   0   0   0   0   0   13  0   0   
---------------------------------
关键边输出如下：
---------------------------------
1    A         13        0.214936  0.358489  
18   A         13        0.615423  0.665555  
4    A         13        0.615423  0.668847  
11   B         26        0.0686003 0.144563  
14   B         26        0.0686003 0.144563  
12   B         26        0.0724632 0.118602  
17   B         26        0.116865  0.180901  
22   B         26        0.116865  0.201068  
3    b         26        0.132277  0.18397   
15   b         26        0.132277  0.197258  
19   b         26        0.132277  0.206791  
10   b         26        0.132277  0.211118  
13   b         26        0.132277  0.211862  
7    b         26        0.132277  0.212123  
9    b         26        0.132277  0.21225   
20   b         26        0.132277  0.213619  
2    b         26        0.132277  0.214369  
8    b         26        0.132277  0.218845  
21   b         26        0.132277  0.219552  
16   b         26        0.132277  0.219715  
5    C         26        0.132277  0.21978   
6    C         26        0.132277  0.21978   
---------------------------------
---------------------------------

6--5最大流值为：26
最可靠最大流分布概率为 ： 0.132277
状态划分算法消耗的内存为：20.8867
状态划分算法运行时间(ms) ： 372.562
---------------------------------
流分布如下: 
---------------------------------
0   0   0   0   13  0   0   0   0   0   0   0   
0   0   0   0   0   0   0   0   0   0   0   0   
0   0   0   0   13  0   0   0   0   0   0   0   
0   0   0   0   0   0   0   0   0   0   0   0   
0   0   0   0   0   0   0   0   0   0   0   0   
0   0   0   0   0   0   13  0   13  0   0   0   
13  0   0   0   0   0   0   0   0   0   0   0   
0   0   0   0   0   0   0   0   0   0   0   0   
0   0   0   0   0   0   0   0   0   0   0   13  
0   0   13  0   0   0   0   0   0   0   0   0   
0   0   0   0   0   0   0   0   0   0   0   0   
0   0   0   0   0   0   0   0   0   13  0   0   
---------------------------------
关键边输出如下：
---------------------------------
1    A         13        0.214936  0.358489  
18   A         13        0.615423  0.665555  
4    A         13        0.615423  0.668847  
11   B         26        0.0686003 0.144563  
14   B         26        0.0686003 0.144563  
12   B         26        0.0724632 0.118602  
17   B         26        0.116865  0.180901  
22   B         26        0.116865  0.201068  
3    b         26        0.132277  0.18397   
15   b         26        0.132277  0.197258  
19   b         26        0.132277  0.206791  
10   b         26        0.132277  0.211118  
13   b         26        0.132277  0.211862  
7    b         26        0.132277  0.212123  
9    b         26        0.132277  0.21225   
20   b         26        0.132277  0.213619  
2    b         26        0.132277  0.214369  
8    b         26        0.132277  0.218845  
21   b         26        0.132277  0.219552  
16   b         26        0.132277  0.219715  
5    C         26        0.132277  0.21978   
6    C         26        0.132277  0.21978   
---------------------------------
---------------------------------

6--5最大流值为：26
最可靠最大流分布概率为 ： 0.132277
状态划分算法消耗的内存为：20.8516
状态划分算法运行时间(ms) ： 365.313
---------------------------------
流分布如下: 
---------------------------------
0   0   0   0   13  0   0   0   0   0   0   0   
0   0   0   0   0   0   0   0   0   0   0   0   
0   0   0   0   13  0   0   0   0   0   0   0   
0   0   0   0   0   0   0   0   0   0   0   0   
0   0   0   0   0   0   0   0   0   0   0   0   
0   0   0   0   0   0   13  0   13  0   0   0   
13  0   0   0   0   0   0   0   0   0   0   0   
0   0   0   0   0   0   0   0   0   0   0   0   
0   0   0   0   0   0   0   0   0   0   0   13  
0   0   13  0   0   0   0   0   0   0   0   0   
0   0   0   0   0   0   0   0   0   0   0   0   
0   0   0   0   0   0   0   0   0   13  0   0   
---------------------------------
关键边输出如下：
---------------------------------
1    A         13        0.214936  0.358489  
18   A         13        0.615423  0.665555  
4    A         13        0.615423  0.668847  
11   B         26        0.0686003 0.144563  
14   B         26        0.0686003 0.144563  
12   B         26        0.0724632 0.118602  
17   B         26        0.116865  0.180901  
22   B         26        0.116865  0.201068  
3    b         26        0.132277  0.18397   
15   b         26        0.132277  0.197258  
19   b         26        0.132277  0.206791  
10   b         26        0.132277  0.211118  
13   b         26        0.132277  0.211862  
7    b         26        0.132277  0.212123  
9    b         26        0.132277  0.21225   
20   b         26        0.132277  0.213619  
2    b         26        0.132277  0.214369  
8    b         26        0.132277  0.218845  
21   b         26        0.132277  0.219552  
16   b         26        0.132277  0.219715  
5    C         26        0.132277  0.21978   
6    C         26        0.132277  0.21978   
---------------------------------
---------------------------------

