12--6最大流值为：62
最可靠最大流分布概率为 ： 0.0330876
状态划分算法消耗的内存为：20.8477
状态划分算法运行时间(ms) ： 114.186
---------------------------------
流分布如下: 
---------------------------------
0   0   0   0   0   5   0   0   0   0   0   0   
0   0   0   0   0   0   29  0   0   0   0   0   
5   0   0   0   0   0   0   0   0   0   0   0   
0   0   0   0   0   0   0   0   0   0   0   0   
0   0   0   0   0   0   0   0   0   0   0   0   
0   0   0   0   0   0   0   0   0   0   0   0   
0   0   0   0   0   0   0   29  0   0   0   0   
0   0   0   0   0   29  0   0   0   0   0   0   
0   0   0   0   0   0   0   0   0   0   0   0   
0   0   0   0   0   0   0   0   0   0   0   0   
0   0   5   0   0   16  0   0   0   0   0   0   
0   29  0   0   0   12  0   0   0   0   21  0   
---------------------------------
关键边输出如下：
---------------------------------
20   A         33        0         0         
22   A         41        0         0         
21   A         50        0         0         
19   A         54        0         0         
5    A         55        0.0190023 0.0261411 
13   A         55        0.0199302 0.0398045 
12   A         55        0.0199302 0.0398045 
18   A         57        0.107355  0.107355  
6    A         57        0.107355  0.107355  
1    A         57        0.107355  0.107355  
11   b         62        0.0330876 0.0330876 
3    b         62        0.0330876 0.0330876 
8    b         62        0.0330876 0.0495766 
4    b         62        0.0330876 0.0555269 
2    C         62        0.0330876 0.0330876 
7    C         62        0.0330876 0.0330876 
9    C         62        0.0330876 0.0330876 
10   C         62        0.0330876 0.0330876 
14   C         62        0.0330876 0.0330876 
15   C         62        0.0330876 0.0330876 
16   C         62        0.0330876 0.0330876 
17   C         62        0.0330876 0.0330876 
---------------------------------
---------------------------------

