7--6最大流值为：27
最可靠最大流分布概率为 ： 0.0693474
状态划分算法消耗的内存为：20.7734
状态划分算法运行时间(ms) ： 19.9134
---------------------------------
流分布如下: 
---------------------------------
0   0   0   0   0   0   0   0   0   0   0   0   
0   0   0   0   0   14  0   0   0   0   0   0   
0   14  0   0   0   0   0   0   0   0   0   0   
0   0   0   0   0   0   0   13  0   0   0   0   
0   0   0   0   0   0   0   0   0   0   0   0   
0   0   0   0   0   0   0   0   0   0   0   0   
0   0   14  0   0   0   0   0   13  0   0   0   
0   0   0   0   0   13  0   0   0   0   0   0   
0   0   0   13  0   0   0   0   0   0   0   0   
0   0   0   0   0   0   0   0   0   0   0   0   
0   0   0   0   0   0   0   0   0   0   0   0   
0   0   0   0   0   0   0   0   0   0   0   0   
---------------------------------
关键边输出如下：
---------------------------------
2    A         13        0         0         
18   A         14        0         0         
14   A         19        0         0         
20   A         20        0.129143  0.191874  
15   A         20        0.129143  0.224435  
9    B         27        0.0664402 0.0664402 
4    B         27        0.0664402 0.092097  
8    b         27        0.0693474 0.0693474 
5    b         27        0.0693474 0.0986979 
1    b         27        0.0693474 0.116918  
3    b         27        0.0693474 0.116918  
6    b         27        0.0693474 0.117452  
21   b         27        0.0693474 0.117452  
7    C         27        0.0693474 0.122031  
10   C         27        0.0693474 0.122031  
11   C         27        0.0693474 0.122031  
12   C         27        0.0693474 0.122031  
13   C         27        0.0693474 0.122031  
16   C         27        0.0693474 0.122031  
17   C         27        0.0693474 0.122031  
19   C         27        0.0693474 0.122031  
22   C         27        0.0693474 0.122031  
---------------------------------
---------------------------------

7--6最大流值为：27
最可靠最大流分布概率为 ： 0.0693474
状态划分算法消耗的内存为：20.7578
状态划分算法运行时间(ms) ： 20.2702
---------------------------------
流分布如下: 
---------------------------------
0   0   0   0   0   0   0   0   0   0   0   0   
0   0   0   0   0   14  0   0   0   0   0   0   
0   14  0   0   0   0   0   0   0   0   0   0   
0   0   0   0   0   0   0   13  0   0   0   0   
0   0   0   0   0   0   0   0   0   0   0   0   
0   0   0   0   0   0   0   0   0   0   0   0   
0   0   14  0   0   0   0   0   13  0   0   0   
0   0   0   0   0   13  0   0   0   0   0   0   
0   0   0   13  0   0   0   0   0   0   0   0   
0   0   0   0   0   0   0   0   0   0   0   0   
0   0   0   0   0   0   0   0   0   0   0   0   
0   0   0   0   0   0   0   0   0   0   0   0   
---------------------------------
关键边输出如下：
---------------------------------
2    A         13        0         0         
18   A         14        0         0         
14   A         19        0         0         
20   A         20        0.129143  0.191874  
15   A         20        0.129143  0.224435  
9    B         27        0.0664402 0.0664402 
4    B         27        0.0664402 0.092097  
8    b         27        0.0693474 0.0693474 
5    b         27        0.0693474 0.0986979 
1    b         27        0.0693474 0.116918  
3    b         27        0.0693474 0.116918  
6    b         27        0.0693474 0.117452  
21   b         27        0.0693474 0.117452  
7    C         27        0.0693474 0.122031  
10   C         27        0.0693474 0.122031  
11   C         27        0.0693474 0.122031  
12   C         27        0.0693474 0.122031  
13   C         27        0.0693474 0.122031  
16   C         27        0.0693474 0.122031  
17   C         27        0.0693474 0.122031  
19   C         27        0.0693474 0.122031  
22   C         27        0.0693474 0.122031  
---------------------------------
---------------------------------

7--6最大流值为：27
最可靠最大流分布概率为 ： 0.0693474
状态划分算法消耗的内存为：20.7578
状态划分算法运行时间(ms) ： 19.7963
---------------------------------
流分布如下: 
---------------------------------
0   0   0   0   0   0   0   0   0   0   0   0   
0   0   0   0   0   14  0   0   0   0   0   0   
0   14  0   0   0   0   0   0   0   0   0   0   
0   0   0   0   0   0   0   13  0   0   0   0   
0   0   0   0   0   0   0   0   0   0   0   0   
0   0   0   0   0   0   0   0   0   0   0   0   
0   0   14  0   0   0   0   0   13  0   0   0   
0   0   0   0   0   13  0   0   0   0   0   0   
0   0   0   13  0   0   0   0   0   0   0   0   
0   0   0   0   0   0   0   0   0   0   0   0   
0   0   0   0   0   0   0   0   0   0   0   0   
0   0   0   0   0   0   0   0   0   0   0   0   
---------------------------------
关键边输出如下：
---------------------------------
2    A         13        0         0         
18   A         14        0         0         
14   A         19        0         0         
20   A         20        0.129143  0.191874  
15   A         20        0.129143  0.224435  
9    B         27        0.0664402 0.0664402 
4    B         27        0.0664402 0.092097  
8    b         27        0.0693474 0.0693474 
5    b         27        0.0693474 0.0986979 
1    b         27        0.0693474 0.116918  
3    b         27        0.0693474 0.116918  
6    b         27        0.0693474 0.117452  
21   b         27        0.0693474 0.117452  
7    C         27        0.0693474 0.122031  
10   C         27        0.0693474 0.122031  
11   C         27        0.0693474 0.122031  
12   C         27        0.0693474 0.122031  
13   C         27        0.0693474 0.122031  
16   C         27        0.0693474 0.122031  
17   C         27        0.0693474 0.122031  
19   C         27        0.0693474 0.122031  
22   C         27        0.0693474 0.122031  
---------------------------------
---------------------------------

7--6最大流值为：27
最可靠最大流分布概率为 ： 0.0693474
状态划分算法消耗的内存为：20.7813
状态划分算法运行时间(ms) ： 20.0399
---------------------------------
流分布如下: 
---------------------------------
0   0   0   0   0   0   0   0   0   0   0   0   
0   0   0   0   0   14  0   0   0   0   0   0   
0   14  0   0   0   0   0   0   0   0   0   0   
0   0   0   0   0   0   0   13  0   0   0   0   
0   0   0   0   0   0   0   0   0   0   0   0   
0   0   0   0   0   0   0   0   0   0   0   0   
0   0   14  0   0   0   0   0   13  0   0   0   
0   0   0   0   0   13  0   0   0   0   0   0   
0   0   0   13  0   0   0   0   0   0   0   0   
0   0   0   0   0   0   0   0   0   0   0   0   
0   0   0   0   0   0   0   0   0   0   0   0   
0   0   0   0   0   0   0   0   0   0   0   0   
---------------------------------
关键边输出如下：
---------------------------------
2    A         13        0         0         
18   A         14        0         0         
14   A         19        0         0         
20   A         20        0.129143  0.191874  
15   A         20        0.129143  0.224435  
9    B         27        0.0664402 0.0664402 
4    B         27        0.0664402 0.092097  
8    b         27        0.0693474 0.0693474 
5    b         27        0.0693474 0.0986979 
1    b         27        0.0693474 0.116918  
3    b         27        0.0693474 0.116918  
6    b         27        0.0693474 0.117452  
21   b         27        0.0693474 0.117452  
7    C         27        0.0693474 0.122031  
10   C         27        0.0693474 0.122031  
11   C         27        0.0693474 0.122031  
12   C         27        0.0693474 0.122031  
13   C         27        0.0693474 0.122031  
16   C         27        0.0693474 0.122031  
17   C         27        0.0693474 0.122031  
19   C         27        0.0693474 0.122031  
22   C         27        0.0693474 0.122031  
---------------------------------
---------------------------------

7--6最大流值为：27
最可靠最大流分布概率为 ： 0.0693474
状态划分算法消耗的内存为：4.97656
状态划分算法运行时间(ms) ： 19.6892
---------------------------------
流分布如下: 
---------------------------------
0   0   0   0   0   0   0   0   0   0   0   0   
0   0   0   0   0   14  0   0   0   0   0   0   
0   14  0   0   0   0   0   0   0   0   0   0   
0   0   0   0   0   0   0   13  0   0   0   0   
0   0   0   0   0   0   0   0   0   0   0   0   
0   0   0   0   0   0   0   0   0   0   0   0   
0   0   14  0   0   0   0   0   13  0   0   0   
0   0   0   0   0   13  0   0   0   0   0   0   
0   0   0   13  0   0   0   0   0   0   0   0   
0   0   0   0   0   0   0   0   0   0   0   0   
0   0   0   0   0   0   0   0   0   0   0   0   
0   0   0   0   0   0   0   0   0   0   0   0   
---------------------------------
关键边输出如下：
---------------------------------
2    A         13        0         0         
18   A         14        0         0         
14   A         19        0         0         
20   A         20        0.129143  0.191874  
15   A         20        0.129143  0.224435  
9    B         27        0.0664402 0.0664402 
4    B         27        0.0664402 0.092097  
8    b         27        0.0693474 0.0693474 
5    b         27        0.0693474 0.0986979 
1    b         27        0.0693474 0.116918  
3    b         27        0.0693474 0.116918  
6    b         27        0.0693474 0.117452  
21   b         27        0.0693474 0.117452  
7    C         27        0.0693474 0.122031  
10   C         27        0.0693474 0.122031  
11   C         27        0.0693474 0.122031  
12   C         27        0.0693474 0.122031  
13   C         27        0.0693474 0.122031  
16   C         27        0.0693474 0.122031  
17   C         27        0.0693474 0.122031  
19   C         27        0.0693474 0.122031  
22   C         27        0.0693474 0.122031  
---------------------------------
---------------------------------

7--6最大流值为：27
最可靠最大流分布概率为 ： 0.0693474
状态划分算法消耗的内存为：20.7734
状态划分算法运行时间(ms) ： 19.9388
---------------------------------
流分布如下: 
---------------------------------
0   0   0   0   0   0   0   0   0   0   0   0   
0   0   0   0   0   14  0   0   0   0   0   0   
0   14  0   0   0   0   0   0   0   0   0   0   
0   0   0   0   0   0   0   13  0   0   0   0   
0   0   0   0   0   0   0   0   0   0   0   0   
0   0   0   0   0   0   0   0   0   0   0   0   
0   0   14  0   0   0   0   0   13  0   0   0   
0   0   0   0   0   13  0   0   0   0   0   0   
0   0   0   13  0   0   0   0   0   0   0   0   
0   0   0   0   0   0   0   0   0   0   0   0   
0   0   0   0   0   0   0   0   0   0   0   0   
0   0   0   0   0   0   0   0   0   0   0   0   
---------------------------------
关键边输出如下：
---------------------------------
2    A         13        0         0         
18   A         14        0         0         
14   A         19        0         0         
20   A         20        0.129143  0.191874  
15   A         20        0.129143  0.224435  
9    B         27        0.0664402 0.0664402 
4    B         27        0.0664402 0.092097  
8    b         27        0.0693474 0.0693474 
5    b         27        0.0693474 0.0986979 
1    b         27        0.0693474 0.116918  
3    b         27        0.0693474 0.116918  
6    b         27        0.0693474 0.117452  
21   b         27        0.0693474 0.117452  
7    C         27        0.0693474 0.122031  
10   C         27        0.0693474 0.122031  
11   C         27        0.0693474 0.122031  
12   C         27        0.0693474 0.122031  
13   C         27        0.0693474 0.122031  
16   C         27        0.0693474 0.122031  
17   C         27        0.0693474 0.122031  
19   C         27        0.0693474 0.122031  
22   C         27        0.0693474 0.122031  
---------------------------------
---------------------------------

7--6最大流值为：27
最可靠最大流分布概率为 ： 0.0693474
状态划分算法消耗的内存为：20.7578
状态划分算法运行时间(ms) ： 19.5286
---------------------------------
流分布如下: 
---------------------------------
0   0   0   0   0   0   0   0   0   0   0   0   
0   0   0   0   0   14  0   0   0   0   0   0   
0   14  0   0   0   0   0   0   0   0   0   0   
0   0   0   0   0   0   0   13  0   0   0   0   
0   0   0   0   0   0   0   0   0   0   0   0   
0   0   0   0   0   0   0   0   0   0   0   0   
0   0   14  0   0   0   0   0   13  0   0   0   
0   0   0   0   0   13  0   0   0   0   0   0   
0   0   0   13  0   0   0   0   0   0   0   0   
0   0   0   0   0   0   0   0   0   0   0   0   
0   0   0   0   0   0   0   0   0   0   0   0   
0   0   0   0   0   0   0   0   0   0   0   0   
---------------------------------
关键边输出如下：
---------------------------------
2    A         13        0         0         
18   A         14        0         0         
14   A         19        0         0         
20   A         20        0.129143  0.191874  
15   A         20        0.129143  0.224435  
9    B         27        0.0664402 0.0664402 
4    B         27        0.0664402 0.092097  
8    b         27        0.0693474 0.0693474 
5    b         27        0.0693474 0.0986979 
1    b         27        0.0693474 0.116918  
3    b         27        0.0693474 0.116918  
6    b         27        0.0693474 0.117452  
21   b         27        0.0693474 0.117452  
7    C         27        0.0693474 0.122031  
10   C         27        0.0693474 0.122031  
11   C         27        0.0693474 0.122031  
12   C         27        0.0693474 0.122031  
13   C         27        0.0693474 0.122031  
16   C         27        0.0693474 0.122031  
17   C         27        0.0693474 0.122031  
19   C         27        0.0693474 0.122031  
22   C         27        0.0693474 0.122031  
---------------------------------
---------------------------------

7--6最大流值为：27
最可靠最大流分布概率为 ： 0.0693474
状态划分算法消耗的内存为：20.7539
状态划分算法运行时间(ms) ： 20.1223
---------------------------------
流分布如下: 
---------------------------------
0   0   0   0   0   0   0   0   0   0   0   0   
0   0   0   0   0   14  0   0   0   0   0   0   
0   14  0   0   0   0   0   0   0   0   0   0   
0   0   0   0   0   0   0   13  0   0   0   0   
0   0   0   0   0   0   0   0   0   0   0   0   
0   0   0   0   0   0   0   0   0   0   0   0   
0   0   14  0   0   0   0   0   13  0   0   0   
0   0   0   0   0   13  0   0   0   0   0   0   
0   0   0   13  0   0   0   0   0   0   0   0   
0   0   0   0   0   0   0   0   0   0   0   0   
0   0   0   0   0   0   0   0   0   0   0   0   
0   0   0   0   0   0   0   0   0   0   0   0   
---------------------------------
关键边输出如下：
---------------------------------
2    A         13        0         0         
18   A         14        0         0         
14   A         19        0         0         
20   A         20        0.129143  0.191874  
15   A         20        0.129143  0.224435  
9    B         27        0.0664402 0.0664402 
4    B         27        0.0664402 0.092097  
8    b         27        0.0693474 0.0693474 
5    b         27        0.0693474 0.0986979 
1    b         27        0.0693474 0.116918  
3    b         27        0.0693474 0.116918  
6    b         27        0.0693474 0.117452  
21   b         27        0.0693474 0.117452  
7    C         27        0.0693474 0.122031  
10   C         27        0.0693474 0.122031  
11   C         27        0.0693474 0.122031  
12   C         27        0.0693474 0.122031  
13   C         27        0.0693474 0.122031  
16   C         27        0.0693474 0.122031  
17   C         27        0.0693474 0.122031  
19   C         27        0.0693474 0.122031  
22   C         27        0.0693474 0.122031  
---------------------------------
---------------------------------

7--6最大流值为：27
最可靠最大流分布概率为 ： 0.0693474
状态划分算法消耗的内存为：20.7695
状态划分算法运行时间(ms) ： 19.7945
---------------------------------
流分布如下: 
---------------------------------
0   0   0   0   0   0   0   0   0   0   0   0   
0   0   0   0   0   14  0   0   0   0   0   0   
0   14  0   0   0   0   0   0   0   0   0   0   
0   0   0   0   0   0   0   13  0   0   0   0   
0   0   0   0   0   0   0   0   0   0   0   0   
0   0   0   0   0   0   0   0   0   0   0   0   
0   0   14  0   0   0   0   0   13  0   0   0   
0   0   0   0   0   13  0   0   0   0   0   0   
0   0   0   13  0   0   0   0   0   0   0   0   
0   0   0   0   0   0   0   0   0   0   0   0   
0   0   0   0   0   0   0   0   0   0   0   0   
0   0   0   0   0   0   0   0   0   0   0   0   
---------------------------------
关键边输出如下：
---------------------------------
2    A         13        0         0         
18   A         14        0         0         
14   A         19        0         0         
20   A         20        0.129143  0.191874  
15   A         20        0.129143  0.224435  
9    B         27        0.0664402 0.0664402 
4    B         27        0.0664402 0.092097  
8    b         27        0.0693474 0.0693474 
5    b         27        0.0693474 0.0986979 
1    b         27        0.0693474 0.116918  
3    b         27        0.0693474 0.116918  
6    b         27        0.0693474 0.117452  
21   b         27        0.0693474 0.117452  
7    C         27        0.0693474 0.122031  
10   C         27        0.0693474 0.122031  
11   C         27        0.0693474 0.122031  
12   C         27        0.0693474 0.122031  
13   C         27        0.0693474 0.122031  
16   C         27        0.0693474 0.122031  
17   C         27        0.0693474 0.122031  
19   C         27        0.0693474 0.122031  
22   C         27        0.0693474 0.122031  
---------------------------------
---------------------------------

7--6最大流值为：27
最可靠最大流分布概率为 ： 0.0693474
状态划分算法消耗的内存为：4.98438
状态划分算法运行时间(ms) ： 20.039
---------------------------------
流分布如下: 
---------------------------------
0   0   0   0   0   0   0   0   0   0   0   0   
0   0   0   0   0   14  0   0   0   0   0   0   
0   14  0   0   0   0   0   0   0   0   0   0   
0   0   0   0   0   0   0   13  0   0   0   0   
0   0   0   0   0   0   0   0   0   0   0   0   
0   0   0   0   0   0   0   0   0   0   0   0   
0   0   14  0   0   0   0   0   13  0   0   0   
0   0   0   0   0   13  0   0   0   0   0   0   
0   0   0   13  0   0   0   0   0   0   0   0   
0   0   0   0   0   0   0   0   0   0   0   0   
0   0   0   0   0   0   0   0   0   0   0   0   
0   0   0   0   0   0   0   0   0   0   0   0   
---------------------------------
关键边输出如下：
---------------------------------
2    A         13        0         0         
18   A         14        0         0         
14   A         19        0         0         
20   A         20        0.129143  0.191874  
15   A         20        0.129143  0.224435  
9    B         27        0.0664402 0.0664402 
4    B         27        0.0664402 0.092097  
8    b         27        0.0693474 0.0693474 
5    b         27        0.0693474 0.0986979 
1    b         27        0.0693474 0.116918  
3    b         27        0.0693474 0.116918  
6    b         27        0.0693474 0.117452  
21   b         27        0.0693474 0.117452  
7    C         27        0.0693474 0.122031  
10   C         27        0.0693474 0.122031  
11   C         27        0.0693474 0.122031  
12   C         27        0.0693474 0.122031  
13   C         27        0.0693474 0.122031  
16   C         27        0.0693474 0.122031  
17   C         27        0.0693474 0.122031  
19   C         27        0.0693474 0.122031  
22   C         27        0.0693474 0.122031  
---------------------------------
---------------------------------

