12--2最大流值为：29
最可靠最大流分布概率为 ： 0.17837
状态划分算法消耗的内存为：20.7813
状态划分算法运行时间(ms) ： 19.7399
---------------------------------
流分布如下: 
---------------------------------
0   0   0   0   0   0   0   0   0   0   0   0   0   0   
0   0   0   0   0   0   0   0   0   0   0   0   0   0   
0   0   0   0   0   0   18  0   0   0   0   0   0   0   
0   0   0   0   0   0   0   0   0   0   0   0   0   0   
0   0   0   0   0   0   0   0   0   0   0   0   0   0   
0   0   0   0   0   0   0   0   0   0   0   0   0   0   
0   0   0   0   0   0   0   0   0   0   0   0   0   18  
0   0   0   0   0   0   0   0   0   0   0   0   0   0   
0   0   0   0   0   0   0   0   0   0   0   0   0   0   
0   11  0   0   0   0   0   0   0   0   0   0   0   0   
0   0   0   0   0   0   0   0   0   0   0   0   0   0   
0   0   18  0   0   0   0   0   0   11  0   0   0   0   
0   0   0   0   0   0   0   0   0   0   0   0   0   0   
0   18  0   0   0   0   0   0   0   0   0   0   0   0   
---------------------------------
关键边输出如下：
---------------------------------
6    A         11        0.708625  0.800464  
14   A         11        0.708625  0.800464  
25   A         11        0.708625  0.844908  
17   A         18        0         0         
19   A         24        0         0         
22   B         29        0         0         
10   b         29        0.17837   0.17837   
11   b         29        0.17837   0.17837   
20   b         29        0.17837   0.192243  
5    b         29        0.17837   0.201487  
26   b         29        0.17837   0.201487  
1    C         29        0.17837   0.206725  
2    C         29        0.17837   0.206725  
3    C         29        0.17837   0.206725  
4    C         29        0.17837   0.206725  
7    C         29        0.17837   0.206725  
8    C         29        0.17837   0.206725  
9    C         29        0.17837   0.206725  
12   C         29        0.17837   0.206725  
13   C         29        0.17837   0.206725  
15   C         29        0.17837   0.206725  
16   C         29        0.17837   0.206725  
18   C         29        0.17837   0.206725  
21   C         29        0.17837   0.206725  
23   C         29        0.17837   0.206725  
24   C         29        0.17837   0.206725  
---------------------------------
---------------------------------

12--2最大流值为：29
最可靠最大流分布概率为 ： 0.17837
状态划分算法消耗的内存为：20.7734
状态划分算法运行时间(ms) ： 19.8621
---------------------------------
流分布如下: 
---------------------------------
0   0   0   0   0   0   0   0   0   0   0   0   0   0   
0   0   0   0   0   0   0   0   0   0   0   0   0   0   
0   0   0   0   0   0   18  0   0   0   0   0   0   0   
0   0   0   0   0   0   0   0   0   0   0   0   0   0   
0   0   0   0   0   0   0   0   0   0   0   0   0   0   
0   0   0   0   0   0   0   0   0   0   0   0   0   0   
0   0   0   0   0   0   0   0   0   0   0   0   0   18  
0   0   0   0   0   0   0   0   0   0   0   0   0   0   
0   0   0   0   0   0   0   0   0   0   0   0   0   0   
0   11  0   0   0   0   0   0   0   0   0   0   0   0   
0   0   0   0   0   0   0   0   0   0   0   0   0   0   
0   0   18  0   0   0   0   0   0   11  0   0   0   0   
0   0   0   0   0   0   0   0   0   0   0   0   0   0   
0   18  0   0   0   0   0   0   0   0   0   0   0   0   
---------------------------------
关键边输出如下：
---------------------------------
6    A         11        0.708625  0.800464  
14   A         11        0.708625  0.800464  
25   A         11        0.708625  0.844908  
17   A         18        0         0         
19   A         24        0         0         
22   B         29        0         0         
10   b         29        0.17837   0.17837   
11   b         29        0.17837   0.17837   
20   b         29        0.17837   0.192243  
5    b         29        0.17837   0.201487  
26   b         29        0.17837   0.201487  
1    C         29        0.17837   0.206725  
2    C         29        0.17837   0.206725  
3    C         29        0.17837   0.206725  
4    C         29        0.17837   0.206725  
7    C         29        0.17837   0.206725  
8    C         29        0.17837   0.206725  
9    C         29        0.17837   0.206725  
12   C         29        0.17837   0.206725  
13   C         29        0.17837   0.206725  
15   C         29        0.17837   0.206725  
16   C         29        0.17837   0.206725  
18   C         29        0.17837   0.206725  
21   C         29        0.17837   0.206725  
23   C         29        0.17837   0.206725  
24   C         29        0.17837   0.206725  
---------------------------------
---------------------------------

12--2最大流值为：29
最可靠最大流分布概率为 ： 0.17837
状态划分算法消耗的内存为：20.7891
状态划分算法运行时间(ms) ： 19.7728
---------------------------------
流分布如下: 
---------------------------------
0   0   0   0   0   0   0   0   0   0   0   0   0   0   
0   0   0   0   0   0   0   0   0   0   0   0   0   0   
0   0   0   0   0   0   18  0   0   0   0   0   0   0   
0   0   0   0   0   0   0   0   0   0   0   0   0   0   
0   0   0   0   0   0   0   0   0   0   0   0   0   0   
0   0   0   0   0   0   0   0   0   0   0   0   0   0   
0   0   0   0   0   0   0   0   0   0   0   0   0   18  
0   0   0   0   0   0   0   0   0   0   0   0   0   0   
0   0   0   0   0   0   0   0   0   0   0   0   0   0   
0   11  0   0   0   0   0   0   0   0   0   0   0   0   
0   0   0   0   0   0   0   0   0   0   0   0   0   0   
0   0   18  0   0   0   0   0   0   11  0   0   0   0   
0   0   0   0   0   0   0   0   0   0   0   0   0   0   
0   18  0   0   0   0   0   0   0   0   0   0   0   0   
---------------------------------
关键边输出如下：
---------------------------------
6    A         11        0.708625  0.800464  
14   A         11        0.708625  0.800464  
25   A         11        0.708625  0.844908  
17   A         18        0         0         
19   A         24        0         0         
22   B         29        0         0         
10   b         29        0.17837   0.17837   
11   b         29        0.17837   0.17837   
20   b         29        0.17837   0.192243  
5    b         29        0.17837   0.201487  
26   b         29        0.17837   0.201487  
1    C         29        0.17837   0.206725  
2    C         29        0.17837   0.206725  
3    C         29        0.17837   0.206725  
4    C         29        0.17837   0.206725  
7    C         29        0.17837   0.206725  
8    C         29        0.17837   0.206725  
9    C         29        0.17837   0.206725  
12   C         29        0.17837   0.206725  
13   C         29        0.17837   0.206725  
15   C         29        0.17837   0.206725  
16   C         29        0.17837   0.206725  
18   C         29        0.17837   0.206725  
21   C         29        0.17837   0.206725  
23   C         29        0.17837   0.206725  
24   C         29        0.17837   0.206725  
---------------------------------
---------------------------------

12--2最大流值为：29
最可靠最大流分布概率为 ： 0.17837
状态划分算法消耗的内存为：20.7891
状态划分算法运行时间(ms) ： 19.6991
---------------------------------
流分布如下: 
---------------------------------
0   0   0   0   0   0   0   0   0   0   0   0   0   0   
0   0   0   0   0   0   0   0   0   0   0   0   0   0   
0   0   0   0   0   0   18  0   0   0   0   0   0   0   
0   0   0   0   0   0   0   0   0   0   0   0   0   0   
0   0   0   0   0   0   0   0   0   0   0   0   0   0   
0   0   0   0   0   0   0   0   0   0   0   0   0   0   
0   0   0   0   0   0   0   0   0   0   0   0   0   18  
0   0   0   0   0   0   0   0   0   0   0   0   0   0   
0   0   0   0   0   0   0   0   0   0   0   0   0   0   
0   11  0   0   0   0   0   0   0   0   0   0   0   0   
0   0   0   0   0   0   0   0   0   0   0   0   0   0   
0   0   18  0   0   0   0   0   0   11  0   0   0   0   
0   0   0   0   0   0   0   0   0   0   0   0   0   0   
0   18  0   0   0   0   0   0   0   0   0   0   0   0   
---------------------------------
关键边输出如下：
---------------------------------
6    A         11        0.708625  0.800464  
14   A         11        0.708625  0.800464  
25   A         11        0.708625  0.844908  
17   A         18        0         0         
19   A         24        0         0         
22   B         29        0         0         
10   b         29        0.17837   0.17837   
11   b         29        0.17837   0.17837   
20   b         29        0.17837   0.192243  
5    b         29        0.17837   0.201487  
26   b         29        0.17837   0.201487  
1    C         29        0.17837   0.206725  
2    C         29        0.17837   0.206725  
3    C         29        0.17837   0.206725  
4    C         29        0.17837   0.206725  
7    C         29        0.17837   0.206725  
8    C         29        0.17837   0.206725  
9    C         29        0.17837   0.206725  
12   C         29        0.17837   0.206725  
13   C         29        0.17837   0.206725  
15   C         29        0.17837   0.206725  
16   C         29        0.17837   0.206725  
18   C         29        0.17837   0.206725  
21   C         29        0.17837   0.206725  
23   C         29        0.17837   0.206725  
24   C         29        0.17837   0.206725  
---------------------------------
---------------------------------

12--2最大流值为：29
最可靠最大流分布概率为 ： 0.17837
状态划分算法消耗的内存为：4.97266
状态划分算法运行时间(ms) ： 19.7408
---------------------------------
流分布如下: 
---------------------------------
0   0   0   0   0   0   0   0   0   0   0   0   0   0   
0   0   0   0   0   0   0   0   0   0   0   0   0   0   
0   0   0   0   0   0   18  0   0   0   0   0   0   0   
0   0   0   0   0   0   0   0   0   0   0   0   0   0   
0   0   0   0   0   0   0   0   0   0   0   0   0   0   
0   0   0   0   0   0   0   0   0   0   0   0   0   0   
0   0   0   0   0   0   0   0   0   0   0   0   0   18  
0   0   0   0   0   0   0   0   0   0   0   0   0   0   
0   0   0   0   0   0   0   0   0   0   0   0   0   0   
0   11  0   0   0   0   0   0   0   0   0   0   0   0   
0   0   0   0   0   0   0   0   0   0   0   0   0   0   
0   0   18  0   0   0   0   0   0   11  0   0   0   0   
0   0   0   0   0   0   0   0   0   0   0   0   0   0   
0   18  0   0   0   0   0   0   0   0   0   0   0   0   
---------------------------------
关键边输出如下：
---------------------------------
6    A         11        0.708625  0.800464  
14   A         11        0.708625  0.800464  
25   A         11        0.708625  0.844908  
17   A         18        0         0         
19   A         24        0         0         
22   B         29        0         0         
10   b         29        0.17837   0.17837   
11   b         29        0.17837   0.17837   
20   b         29        0.17837   0.192243  
5    b         29        0.17837   0.201487  
26   b         29        0.17837   0.201487  
1    C         29        0.17837   0.206725  
2    C         29        0.17837   0.206725  
3    C         29        0.17837   0.206725  
4    C         29        0.17837   0.206725  
7    C         29        0.17837   0.206725  
8    C         29        0.17837   0.206725  
9    C         29        0.17837   0.206725  
12   C         29        0.17837   0.206725  
13   C         29        0.17837   0.206725  
15   C         29        0.17837   0.206725  
16   C         29        0.17837   0.206725  
18   C         29        0.17837   0.206725  
21   C         29        0.17837   0.206725  
23   C         29        0.17837   0.206725  
24   C         29        0.17837   0.206725  
---------------------------------
---------------------------------

12--2最大流值为：29
最可靠最大流分布概率为 ： 0.17837
状态划分算法消耗的内存为：20.7852
状态划分算法运行时间(ms) ： 19.79
---------------------------------
流分布如下: 
---------------------------------
0   0   0   0   0   0   0   0   0   0   0   0   0   0   
0   0   0   0   0   0   0   0   0   0   0   0   0   0   
0   0   0   0   0   0   18  0   0   0   0   0   0   0   
0   0   0   0   0   0   0   0   0   0   0   0   0   0   
0   0   0   0   0   0   0   0   0   0   0   0   0   0   
0   0   0   0   0   0   0   0   0   0   0   0   0   0   
0   0   0   0   0   0   0   0   0   0   0   0   0   18  
0   0   0   0   0   0   0   0   0   0   0   0   0   0   
0   0   0   0   0   0   0   0   0   0   0   0   0   0   
0   11  0   0   0   0   0   0   0   0   0   0   0   0   
0   0   0   0   0   0   0   0   0   0   0   0   0   0   
0   0   18  0   0   0   0   0   0   11  0   0   0   0   
0   0   0   0   0   0   0   0   0   0   0   0   0   0   
0   18  0   0   0   0   0   0   0   0   0   0   0   0   
---------------------------------
关键边输出如下：
---------------------------------
6    A         11        0.708625  0.800464  
14   A         11        0.708625  0.800464  
25   A         11        0.708625  0.844908  
17   A         18        0         0         
19   A         24        0         0         
22   B         29        0         0         
10   b         29        0.17837   0.17837   
11   b         29        0.17837   0.17837   
20   b         29        0.17837   0.192243  
5    b         29        0.17837   0.201487  
26   b         29        0.17837   0.201487  
1    C         29        0.17837   0.206725  
2    C         29        0.17837   0.206725  
3    C         29        0.17837   0.206725  
4    C         29        0.17837   0.206725  
7    C         29        0.17837   0.206725  
8    C         29        0.17837   0.206725  
9    C         29        0.17837   0.206725  
12   C         29        0.17837   0.206725  
13   C         29        0.17837   0.206725  
15   C         29        0.17837   0.206725  
16   C         29        0.17837   0.206725  
18   C         29        0.17837   0.206725  
21   C         29        0.17837   0.206725  
23   C         29        0.17837   0.206725  
24   C         29        0.17837   0.206725  
---------------------------------
---------------------------------

12--2最大流值为：29
最可靠最大流分布概率为 ： 0.17837
状态划分算法消耗的内存为：20.8047
状态划分算法运行时间(ms) ： 19.5968
---------------------------------
流分布如下: 
---------------------------------
0   0   0   0   0   0   0   0   0   0   0   0   0   0   
0   0   0   0   0   0   0   0   0   0   0   0   0   0   
0   0   0   0   0   0   18  0   0   0   0   0   0   0   
0   0   0   0   0   0   0   0   0   0   0   0   0   0   
0   0   0   0   0   0   0   0   0   0   0   0   0   0   
0   0   0   0   0   0   0   0   0   0   0   0   0   0   
0   0   0   0   0   0   0   0   0   0   0   0   0   18  
0   0   0   0   0   0   0   0   0   0   0   0   0   0   
0   0   0   0   0   0   0   0   0   0   0   0   0   0   
0   11  0   0   0   0   0   0   0   0   0   0   0   0   
0   0   0   0   0   0   0   0   0   0   0   0   0   0   
0   0   18  0   0   0   0   0   0   11  0   0   0   0   
0   0   0   0   0   0   0   0   0   0   0   0   0   0   
0   18  0   0   0   0   0   0   0   0   0   0   0   0   
---------------------------------
关键边输出如下：
---------------------------------
6    A         11        0.708625  0.800464  
14   A         11        0.708625  0.800464  
25   A         11        0.708625  0.844908  
17   A         18        0         0         
19   A         24        0         0         
22   B         29        0         0         
10   b         29        0.17837   0.17837   
11   b         29        0.17837   0.17837   
20   b         29        0.17837   0.192243  
5    b         29        0.17837   0.201487  
26   b         29        0.17837   0.201487  
1    C         29        0.17837   0.206725  
2    C         29        0.17837   0.206725  
3    C         29        0.17837   0.206725  
4    C         29        0.17837   0.206725  
7    C         29        0.17837   0.206725  
8    C         29        0.17837   0.206725  
9    C         29        0.17837   0.206725  
12   C         29        0.17837   0.206725  
13   C         29        0.17837   0.206725  
15   C         29        0.17837   0.206725  
16   C         29        0.17837   0.206725  
18   C         29        0.17837   0.206725  
21   C         29        0.17837   0.206725  
23   C         29        0.17837   0.206725  
24   C         29        0.17837   0.206725  
---------------------------------
---------------------------------

12--2最大流值为：29
最可靠最大流分布概率为 ： 0.17837
状态划分算法消耗的内存为：20.7578
状态划分算法运行时间(ms) ： 19.7209
---------------------------------
流分布如下: 
---------------------------------
0   0   0   0   0   0   0   0   0   0   0   0   0   0   
0   0   0   0   0   0   0   0   0   0   0   0   0   0   
0   0   0   0   0   0   18  0   0   0   0   0   0   0   
0   0   0   0   0   0   0   0   0   0   0   0   0   0   
0   0   0   0   0   0   0   0   0   0   0   0   0   0   
0   0   0   0   0   0   0   0   0   0   0   0   0   0   
0   0   0   0   0   0   0   0   0   0   0   0   0   18  
0   0   0   0   0   0   0   0   0   0   0   0   0   0   
0   0   0   0   0   0   0   0   0   0   0   0   0   0   
0   11  0   0   0   0   0   0   0   0   0   0   0   0   
0   0   0   0   0   0   0   0   0   0   0   0   0   0   
0   0   18  0   0   0   0   0   0   11  0   0   0   0   
0   0   0   0   0   0   0   0   0   0   0   0   0   0   
0   18  0   0   0   0   0   0   0   0   0   0   0   0   
---------------------------------
关键边输出如下：
---------------------------------
6    A         11        0.708625  0.800464  
14   A         11        0.708625  0.800464  
25   A         11        0.708625  0.844908  
17   A         18        0         0         
19   A         24        0         0         
22   B         29        0         0         
10   b         29        0.17837   0.17837   
11   b         29        0.17837   0.17837   
20   b         29        0.17837   0.192243  
5    b         29        0.17837   0.201487  
26   b         29        0.17837   0.201487  
1    C         29        0.17837   0.206725  
2    C         29        0.17837   0.206725  
3    C         29        0.17837   0.206725  
4    C         29        0.17837   0.206725  
7    C         29        0.17837   0.206725  
8    C         29        0.17837   0.206725  
9    C         29        0.17837   0.206725  
12   C         29        0.17837   0.206725  
13   C         29        0.17837   0.206725  
15   C         29        0.17837   0.206725  
16   C         29        0.17837   0.206725  
18   C         29        0.17837   0.206725  
21   C         29        0.17837   0.206725  
23   C         29        0.17837   0.206725  
24   C         29        0.17837   0.206725  
---------------------------------
---------------------------------

12--2最大流值为：29
最可靠最大流分布概率为 ： 0.17837
状态划分算法消耗的内存为：20.793
状态划分算法运行时间(ms) ： 19.5241
---------------------------------
流分布如下: 
---------------------------------
0   0   0   0   0   0   0   0   0   0   0   0   0   0   
0   0   0   0   0   0   0   0   0   0   0   0   0   0   
0   0   0   0   0   0   18  0   0   0   0   0   0   0   
0   0   0   0   0   0   0   0   0   0   0   0   0   0   
0   0   0   0   0   0   0   0   0   0   0   0   0   0   
0   0   0   0   0   0   0   0   0   0   0   0   0   0   
0   0   0   0   0   0   0   0   0   0   0   0   0   18  
0   0   0   0   0   0   0   0   0   0   0   0   0   0   
0   0   0   0   0   0   0   0   0   0   0   0   0   0   
0   11  0   0   0   0   0   0   0   0   0   0   0   0   
0   0   0   0   0   0   0   0   0   0   0   0   0   0   
0   0   18  0   0   0   0   0   0   11  0   0   0   0   
0   0   0   0   0   0   0   0   0   0   0   0   0   0   
0   18  0   0   0   0   0   0   0   0   0   0   0   0   
---------------------------------
关键边输出如下：
---------------------------------
6    A         11        0.708625  0.800464  
14   A         11        0.708625  0.800464  
25   A         11        0.708625  0.844908  
17   A         18        0         0         
19   A         24        0         0         
22   B         29        0         0         
10   b         29        0.17837   0.17837   
11   b         29        0.17837   0.17837   
20   b         29        0.17837   0.192243  
5    b         29        0.17837   0.201487  
26   b         29        0.17837   0.201487  
1    C         29        0.17837   0.206725  
2    C         29        0.17837   0.206725  
3    C         29        0.17837   0.206725  
4    C         29        0.17837   0.206725  
7    C         29        0.17837   0.206725  
8    C         29        0.17837   0.206725  
9    C         29        0.17837   0.206725  
12   C         29        0.17837   0.206725  
13   C         29        0.17837   0.206725  
15   C         29        0.17837   0.206725  
16   C         29        0.17837   0.206725  
18   C         29        0.17837   0.206725  
21   C         29        0.17837   0.206725  
23   C         29        0.17837   0.206725  
24   C         29        0.17837   0.206725  
---------------------------------
---------------------------------

12--2最大流值为：29
最可靠最大流分布概率为 ： 0.17837
状态划分算法消耗的内存为：20.7734
状态划分算法运行时间(ms) ： 19.457
---------------------------------
流分布如下: 
---------------------------------
0   0   0   0   0   0   0   0   0   0   0   0   0   0   
0   0   0   0   0   0   0   0   0   0   0   0   0   0   
0   0   0   0   0   0   18  0   0   0   0   0   0   0   
0   0   0   0   0   0   0   0   0   0   0   0   0   0   
0   0   0   0   0   0   0   0   0   0   0   0   0   0   
0   0   0   0   0   0   0   0   0   0   0   0   0   0   
0   0   0   0   0   0   0   0   0   0   0   0   0   18  
0   0   0   0   0   0   0   0   0   0   0   0   0   0   
0   0   0   0   0   0   0   0   0   0   0   0   0   0   
0   11  0   0   0   0   0   0   0   0   0   0   0   0   
0   0   0   0   0   0   0   0   0   0   0   0   0   0   
0   0   18  0   0   0   0   0   0   11  0   0   0   0   
0   0   0   0   0   0   0   0   0   0   0   0   0   0   
0   18  0   0   0   0   0   0   0   0   0   0   0   0   
---------------------------------
关键边输出如下：
---------------------------------
6    A         11        0.708625  0.800464  
14   A         11        0.708625  0.800464  
25   A         11        0.708625  0.844908  
17   A         18        0         0         
19   A         24        0         0         
22   B         29        0         0         
10   b         29        0.17837   0.17837   
11   b         29        0.17837   0.17837   
20   b         29        0.17837   0.192243  
5    b         29        0.17837   0.201487  
26   b         29        0.17837   0.201487  
1    C         29        0.17837   0.206725  
2    C         29        0.17837   0.206725  
3    C         29        0.17837   0.206725  
4    C         29        0.17837   0.206725  
7    C         29        0.17837   0.206725  
8    C         29        0.17837   0.206725  
9    C         29        0.17837   0.206725  
12   C         29        0.17837   0.206725  
13   C         29        0.17837   0.206725  
15   C         29        0.17837   0.206725  
16   C         29        0.17837   0.206725  
18   C         29        0.17837   0.206725  
21   C         29        0.17837   0.206725  
23   C         29        0.17837   0.206725  
24   C         29        0.17837   0.206725  
---------------------------------
---------------------------------

