7--3最大流值为：32
最可靠最大流分布概率为 ： 0.0355738
状态划分算法消耗的内存为：20.7695
状态划分算法运行时间(ms) ： 73.6612
---------------------------------
流分布如下: 
---------------------------------
0   0   0   0   0   0   0   0   0   0   0   0   0   0   
0   0   0   0   0   0   0   0   9   0   0   0   0   0   
0   0   0   0   0   0   0   0   0   0   0   0   0   0   
0   0   0   0   0   0   0   0   0   0   0   0   0   0   
0   0   0   0   0   0   0   0   0   0   0   0   0   0   
0   0   0   0   0   0   0   0   0   0   0   0   0   0   
0   0   0   0   0   0   0   0   0   0   4   0   19  9   
0   0   0   0   0   0   0   0   0   0   0   0   0   0   
0   0   9   0   0   0   0   0   0   0   0   0   0   0   
0   0   0   0   0   0   0   0   0   0   0   0   0   0   
0   0   4   0   0   0   0   0   0   0   0   0   0   0   
0   0   19  0   0   0   0   0   0   0   0   0   0   0   
0   0   0   0   0   0   0   0   0   0   0   19  0   0   
0   9   0   0   0   0   0   0   0   0   0   0   0   0   
---------------------------------
关键边输出如下：
---------------------------------
13   A         13        0.134388  0.259978  
24   A         13        0.134388  0.259978  
19   A         13        0.134388  0.330378  
14   A         23        0.143942  0.143942  
16   A         23        0.143942  0.16661   
18   A         28        0         0         
25   B         32        0.0293028 0.0402621 
4    B         32        0.0310144 0.0400472 
12   B         32        0.0310144 0.0413117 
3    b         32        0.0355738 0.0424984 
11   b         32        0.0355738 0.0424984 
9    b         32        0.0355738 0.0490631 
2    b         32        0.0355738 0.0583927 
7    b         32        0.0355738 0.0583927 
17   b         32        0.0355738 0.0593044 
26   b         32        0.0355738 0.0593044 
1    C         32        0.0355738 0.0688187 
5    C         32        0.0355738 0.0688187 
6    C         32        0.0355738 0.0688187 
8    C         32        0.0355738 0.0688187 
10   C         32        0.0355738 0.0688187 
15   C         32        0.0355738 0.0688187 
20   C         32        0.0355738 0.0688187 
21   C         32        0.0355738 0.0688187 
22   C         32        0.0355738 0.0688187 
23   C         32        0.0355738 0.0688187 
---------------------------------
---------------------------------

7--3最大流值为：32
最可靠最大流分布概率为 ： 0.0355738
状态划分算法消耗的内存为：20.7969
状态划分算法运行时间(ms) ： 73.5181
---------------------------------
流分布如下: 
---------------------------------
0   0   0   0   0   0   0   0   0   0   0   0   0   0   
0   0   0   0   0   0   0   0   9   0   0   0   0   0   
0   0   0   0   0   0   0   0   0   0   0   0   0   0   
0   0   0   0   0   0   0   0   0   0   0   0   0   0   
0   0   0   0   0   0   0   0   0   0   0   0   0   0   
0   0   0   0   0   0   0   0   0   0   0   0   0   0   
0   0   0   0   0   0   0   0   0   0   4   0   19  9   
0   0   0   0   0   0   0   0   0   0   0   0   0   0   
0   0   9   0   0   0   0   0   0   0   0   0   0   0   
0   0   0   0   0   0   0   0   0   0   0   0   0   0   
0   0   4   0   0   0   0   0   0   0   0   0   0   0   
0   0   19  0   0   0   0   0   0   0   0   0   0   0   
0   0   0   0   0   0   0   0   0   0   0   19  0   0   
0   9   0   0   0   0   0   0   0   0   0   0   0   0   
---------------------------------
关键边输出如下：
---------------------------------
13   A         13        0.134388  0.259978  
24   A         13        0.134388  0.259978  
19   A         13        0.134388  0.330378  
14   A         23        0.143942  0.143942  
16   A         23        0.143942  0.16661   
18   A         28        0         0         
25   B         32        0.0293028 0.0402621 
4    B         32        0.0310144 0.0400472 
12   B         32        0.0310144 0.0413117 
3    b         32        0.0355738 0.0424984 
11   b         32        0.0355738 0.0424984 
9    b         32        0.0355738 0.0490631 
2    b         32        0.0355738 0.0583927 
7    b         32        0.0355738 0.0583927 
17   b         32        0.0355738 0.0593044 
26   b         32        0.0355738 0.0593044 
1    C         32        0.0355738 0.0688187 
5    C         32        0.0355738 0.0688187 
6    C         32        0.0355738 0.0688187 
8    C         32        0.0355738 0.0688187 
10   C         32        0.0355738 0.0688187 
15   C         32        0.0355738 0.0688187 
20   C         32        0.0355738 0.0688187 
21   C         32        0.0355738 0.0688187 
22   C         32        0.0355738 0.0688187 
23   C         32        0.0355738 0.0688187 
---------------------------------
---------------------------------

7--3最大流值为：32
最可靠最大流分布概率为 ： 0.0355738
状态划分算法消耗的内存为：20.7656
状态划分算法运行时间(ms) ： 73.7285
---------------------------------
流分布如下: 
---------------------------------
0   0   0   0   0   0   0   0   0   0   0   0   0   0   
0   0   0   0   0   0   0   0   9   0   0   0   0   0   
0   0   0   0   0   0   0   0   0   0   0   0   0   0   
0   0   0   0   0   0   0   0   0   0   0   0   0   0   
0   0   0   0   0   0   0   0   0   0   0   0   0   0   
0   0   0   0   0   0   0   0   0   0   0   0   0   0   
0   0   0   0   0   0   0   0   0   0   4   0   19  9   
0   0   0   0   0   0   0   0   0   0   0   0   0   0   
0   0   9   0   0   0   0   0   0   0   0   0   0   0   
0   0   0   0   0   0   0   0   0   0   0   0   0   0   
0   0   4   0   0   0   0   0   0   0   0   0   0   0   
0   0   19  0   0   0   0   0   0   0   0   0   0   0   
0   0   0   0   0   0   0   0   0   0   0   19  0   0   
0   9   0   0   0   0   0   0   0   0   0   0   0   0   
---------------------------------
关键边输出如下：
---------------------------------
13   A         13        0.134388  0.259978  
24   A         13        0.134388  0.259978  
19   A         13        0.134388  0.330378  
14   A         23        0.143942  0.143942  
16   A         23        0.143942  0.16661   
18   A         28        0         0         
25   B         32        0.0293028 0.0402621 
4    B         32        0.0310144 0.0400472 
12   B         32        0.0310144 0.0413117 
3    b         32        0.0355738 0.0424984 
11   b         32        0.0355738 0.0424984 
9    b         32        0.0355738 0.0490631 
2    b         32        0.0355738 0.0583927 
7    b         32        0.0355738 0.0583927 
17   b         32        0.0355738 0.0593044 
26   b         32        0.0355738 0.0593044 
1    C         32        0.0355738 0.0688187 
5    C         32        0.0355738 0.0688187 
6    C         32        0.0355738 0.0688187 
8    C         32        0.0355738 0.0688187 
10   C         32        0.0355738 0.0688187 
15   C         32        0.0355738 0.0688187 
20   C         32        0.0355738 0.0688187 
21   C         32        0.0355738 0.0688187 
22   C         32        0.0355738 0.0688187 
23   C         32        0.0355738 0.0688187 
---------------------------------
---------------------------------

7--3最大流值为：32
最可靠最大流分布概率为 ： 0.0355738
状态划分算法消耗的内存为：20.7734
状态划分算法运行时间(ms) ： 73.0937
---------------------------------
流分布如下: 
---------------------------------
0   0   0   0   0   0   0   0   0   0   0   0   0   0   
0   0   0   0   0   0   0   0   9   0   0   0   0   0   
0   0   0   0   0   0   0   0   0   0   0   0   0   0   
0   0   0   0   0   0   0   0   0   0   0   0   0   0   
0   0   0   0   0   0   0   0   0   0   0   0   0   0   
0   0   0   0   0   0   0   0   0   0   0   0   0   0   
0   0   0   0   0   0   0   0   0   0   4   0   19  9   
0   0   0   0   0   0   0   0   0   0   0   0   0   0   
0   0   9   0   0   0   0   0   0   0   0   0   0   0   
0   0   0   0   0   0   0   0   0   0   0   0   0   0   
0   0   4   0   0   0   0   0   0   0   0   0   0   0   
0   0   19  0   0   0   0   0   0   0   0   0   0   0   
0   0   0   0   0   0   0   0   0   0   0   19  0   0   
0   9   0   0   0   0   0   0   0   0   0   0   0   0   
---------------------------------
关键边输出如下：
---------------------------------
13   A         13        0.134388  0.259978  
24   A         13        0.134388  0.259978  
19   A         13        0.134388  0.330378  
14   A         23        0.143942  0.143942  
16   A         23        0.143942  0.16661   
18   A         28        0         0         
25   B         32        0.0293028 0.0402621 
4    B         32        0.0310144 0.0400472 
12   B         32        0.0310144 0.0413117 
3    b         32        0.0355738 0.0424984 
11   b         32        0.0355738 0.0424984 
9    b         32        0.0355738 0.0490631 
2    b         32        0.0355738 0.0583927 
7    b         32        0.0355738 0.0583927 
17   b         32        0.0355738 0.0593044 
26   b         32        0.0355738 0.0593044 
1    C         32        0.0355738 0.0688187 
5    C         32        0.0355738 0.0688187 
6    C         32        0.0355738 0.0688187 
8    C         32        0.0355738 0.0688187 
10   C         32        0.0355738 0.0688187 
15   C         32        0.0355738 0.0688187 
20   C         32        0.0355738 0.0688187 
21   C         32        0.0355738 0.0688187 
22   C         32        0.0355738 0.0688187 
23   C         32        0.0355738 0.0688187 
---------------------------------
---------------------------------

7--3最大流值为：32
最可靠最大流分布概率为 ： 0.0355738
状态划分算法消耗的内存为：20.8086
状态划分算法运行时间(ms) ： 73.714
---------------------------------
流分布如下: 
---------------------------------
0   0   0   0   0   0   0   0   0   0   0   0   0   0   
0   0   0   0   0   0   0   0   9   0   0   0   0   0   
0   0   0   0   0   0   0   0   0   0   0   0   0   0   
0   0   0   0   0   0   0   0   0   0   0   0   0   0   
0   0   0   0   0   0   0   0   0   0   0   0   0   0   
0   0   0   0   0   0   0   0   0   0   0   0   0   0   
0   0   0   0   0   0   0   0   0   0   4   0   19  9   
0   0   0   0   0   0   0   0   0   0   0   0   0   0   
0   0   9   0   0   0   0   0   0   0   0   0   0   0   
0   0   0   0   0   0   0   0   0   0   0   0   0   0   
0   0   4   0   0   0   0   0   0   0   0   0   0   0   
0   0   19  0   0   0   0   0   0   0   0   0   0   0   
0   0   0   0   0   0   0   0   0   0   0   19  0   0   
0   9   0   0   0   0   0   0   0   0   0   0   0   0   
---------------------------------
关键边输出如下：
---------------------------------
13   A         13        0.134388  0.259978  
24   A         13        0.134388  0.259978  
19   A         13        0.134388  0.330378  
14   A         23        0.143942  0.143942  
16   A         23        0.143942  0.16661   
18   A         28        0         0         
25   B         32        0.0293028 0.0402621 
4    B         32        0.0310144 0.0400472 
12   B         32        0.0310144 0.0413117 
3    b         32        0.0355738 0.0424984 
11   b         32        0.0355738 0.0424984 
9    b         32        0.0355738 0.0490631 
2    b         32        0.0355738 0.0583927 
7    b         32        0.0355738 0.0583927 
17   b         32        0.0355738 0.0593044 
26   b         32        0.0355738 0.0593044 
1    C         32        0.0355738 0.0688187 
5    C         32        0.0355738 0.0688187 
6    C         32        0.0355738 0.0688187 
8    C         32        0.0355738 0.0688187 
10   C         32        0.0355738 0.0688187 
15   C         32        0.0355738 0.0688187 
20   C         32        0.0355738 0.0688187 
21   C         32        0.0355738 0.0688187 
22   C         32        0.0355738 0.0688187 
23   C         32        0.0355738 0.0688187 
---------------------------------
---------------------------------

7--3最大流值为：32
最可靠最大流分布概率为 ： 0.0355738
状态划分算法消耗的内存为：20.793
状态划分算法运行时间(ms) ： 73.6723
---------------------------------
流分布如下: 
---------------------------------
0   0   0   0   0   0   0   0   0   0   0   0   0   0   
0   0   0   0   0   0   0   0   9   0   0   0   0   0   
0   0   0   0   0   0   0   0   0   0   0   0   0   0   
0   0   0   0   0   0   0   0   0   0   0   0   0   0   
0   0   0   0   0   0   0   0   0   0   0   0   0   0   
0   0   0   0   0   0   0   0   0   0   0   0   0   0   
0   0   0   0   0   0   0   0   0   0   4   0   19  9   
0   0   0   0   0   0   0   0   0   0   0   0   0   0   
0   0   9   0   0   0   0   0   0   0   0   0   0   0   
0   0   0   0   0   0   0   0   0   0   0   0   0   0   
0   0   4   0   0   0   0   0   0   0   0   0   0   0   
0   0   19  0   0   0   0   0   0   0   0   0   0   0   
0   0   0   0   0   0   0   0   0   0   0   19  0   0   
0   9   0   0   0   0   0   0   0   0   0   0   0   0   
---------------------------------
关键边输出如下：
---------------------------------
13   A         13        0.134388  0.259978  
24   A         13        0.134388  0.259978  
19   A         13        0.134388  0.330378  
14   A         23        0.143942  0.143942  
16   A         23        0.143942  0.16661   
18   A         28        0         0         
25   B         32        0.0293028 0.0402621 
4    B         32        0.0310144 0.0400472 
12   B         32        0.0310144 0.0413117 
3    b         32        0.0355738 0.0424984 
11   b         32        0.0355738 0.0424984 
9    b         32        0.0355738 0.0490631 
2    b         32        0.0355738 0.0583927 
7    b         32        0.0355738 0.0583927 
17   b         32        0.0355738 0.0593044 
26   b         32        0.0355738 0.0593044 
1    C         32        0.0355738 0.0688187 
5    C         32        0.0355738 0.0688187 
6    C         32        0.0355738 0.0688187 
8    C         32        0.0355738 0.0688187 
10   C         32        0.0355738 0.0688187 
15   C         32        0.0355738 0.0688187 
20   C         32        0.0355738 0.0688187 
21   C         32        0.0355738 0.0688187 
22   C         32        0.0355738 0.0688187 
23   C         32        0.0355738 0.0688187 
---------------------------------
---------------------------------

7--3最大流值为：32
最可靠最大流分布概率为 ： 0.0355738
状态划分算法消耗的内存为：20.8008
状态划分算法运行时间(ms) ： 73.2709
---------------------------------
流分布如下: 
---------------------------------
0   0   0   0   0   0   0   0   0   0   0   0   0   0   
0   0   0   0   0   0   0   0   9   0   0   0   0   0   
0   0   0   0   0   0   0   0   0   0   0   0   0   0   
0   0   0   0   0   0   0   0   0   0   0   0   0   0   
0   0   0   0   0   0   0   0   0   0   0   0   0   0   
0   0   0   0   0   0   0   0   0   0   0   0   0   0   
0   0   0   0   0   0   0   0   0   0   4   0   19  9   
0   0   0   0   0   0   0   0   0   0   0   0   0   0   
0   0   9   0   0   0   0   0   0   0   0   0   0   0   
0   0   0   0   0   0   0   0   0   0   0   0   0   0   
0   0   4   0   0   0   0   0   0   0   0   0   0   0   
0   0   19  0   0   0   0   0   0   0   0   0   0   0   
0   0   0   0   0   0   0   0   0   0   0   19  0   0   
0   9   0   0   0   0   0   0   0   0   0   0   0   0   
---------------------------------
关键边输出如下：
---------------------------------
13   A         13        0.134388  0.259978  
24   A         13        0.134388  0.259978  
19   A         13        0.134388  0.330378  
14   A         23        0.143942  0.143942  
16   A         23        0.143942  0.16661   
18   A         28        0         0         
25   B         32        0.0293028 0.0402621 
4    B         32        0.0310144 0.0400472 
12   B         32        0.0310144 0.0413117 
3    b         32        0.0355738 0.0424984 
11   b         32        0.0355738 0.0424984 
9    b         32        0.0355738 0.0490631 
2    b         32        0.0355738 0.0583927 
7    b         32        0.0355738 0.0583927 
17   b         32        0.0355738 0.0593044 
26   b         32        0.0355738 0.0593044 
1    C         32        0.0355738 0.0688187 
5    C         32        0.0355738 0.0688187 
6    C         32        0.0355738 0.0688187 
8    C         32        0.0355738 0.0688187 
10   C         32        0.0355738 0.0688187 
15   C         32        0.0355738 0.0688187 
20   C         32        0.0355738 0.0688187 
21   C         32        0.0355738 0.0688187 
22   C         32        0.0355738 0.0688187 
23   C         32        0.0355738 0.0688187 
---------------------------------
---------------------------------

7--3最大流值为：32
最可靠最大流分布概率为 ： 0.0355738
状态划分算法消耗的内存为：20.793
状态划分算法运行时间(ms) ： 73.8824
---------------------------------
流分布如下: 
---------------------------------
0   0   0   0   0   0   0   0   0   0   0   0   0   0   
0   0   0   0   0   0   0   0   9   0   0   0   0   0   
0   0   0   0   0   0   0   0   0   0   0   0   0   0   
0   0   0   0   0   0   0   0   0   0   0   0   0   0   
0   0   0   0   0   0   0   0   0   0   0   0   0   0   
0   0   0   0   0   0   0   0   0   0   0   0   0   0   
0   0   0   0   0   0   0   0   0   0   4   0   19  9   
0   0   0   0   0   0   0   0   0   0   0   0   0   0   
0   0   9   0   0   0   0   0   0   0   0   0   0   0   
0   0   0   0   0   0   0   0   0   0   0   0   0   0   
0   0   4   0   0   0   0   0   0   0   0   0   0   0   
0   0   19  0   0   0   0   0   0   0   0   0   0   0   
0   0   0   0   0   0   0   0   0   0   0   19  0   0   
0   9   0   0   0   0   0   0   0   0   0   0   0   0   
---------------------------------
关键边输出如下：
---------------------------------
13   A         13        0.134388  0.259978  
24   A         13        0.134388  0.259978  
19   A         13        0.134388  0.330378  
14   A         23        0.143942  0.143942  
16   A         23        0.143942  0.16661   
18   A         28        0         0         
25   B         32        0.0293028 0.0402621 
4    B         32        0.0310144 0.0400472 
12   B         32        0.0310144 0.0413117 
3    b         32        0.0355738 0.0424984 
11   b         32        0.0355738 0.0424984 
9    b         32        0.0355738 0.0490631 
2    b         32        0.0355738 0.0583927 
7    b         32        0.0355738 0.0583927 
17   b         32        0.0355738 0.0593044 
26   b         32        0.0355738 0.0593044 
1    C         32        0.0355738 0.0688187 
5    C         32        0.0355738 0.0688187 
6    C         32        0.0355738 0.0688187 
8    C         32        0.0355738 0.0688187 
10   C         32        0.0355738 0.0688187 
15   C         32        0.0355738 0.0688187 
20   C         32        0.0355738 0.0688187 
21   C         32        0.0355738 0.0688187 
22   C         32        0.0355738 0.0688187 
23   C         32        0.0355738 0.0688187 
---------------------------------
---------------------------------

7--3最大流值为：32
最可靠最大流分布概率为 ： 0.0355738
状态划分算法消耗的内存为：20.793
状态划分算法运行时间(ms) ： 73.4961
---------------------------------
流分布如下: 
---------------------------------
0   0   0   0   0   0   0   0   0   0   0   0   0   0   
0   0   0   0   0   0   0   0   9   0   0   0   0   0   
0   0   0   0   0   0   0   0   0   0   0   0   0   0   
0   0   0   0   0   0   0   0   0   0   0   0   0   0   
0   0   0   0   0   0   0   0   0   0   0   0   0   0   
0   0   0   0   0   0   0   0   0   0   0   0   0   0   
0   0   0   0   0   0   0   0   0   0   4   0   19  9   
0   0   0   0   0   0   0   0   0   0   0   0   0   0   
0   0   9   0   0   0   0   0   0   0   0   0   0   0   
0   0   0   0   0   0   0   0   0   0   0   0   0   0   
0   0   4   0   0   0   0   0   0   0   0   0   0   0   
0   0   19  0   0   0   0   0   0   0   0   0   0   0   
0   0   0   0   0   0   0   0   0   0   0   19  0   0   
0   9   0   0   0   0   0   0   0   0   0   0   0   0   
---------------------------------
关键边输出如下：
---------------------------------
13   A         13        0.134388  0.259978  
24   A         13        0.134388  0.259978  
19   A         13        0.134388  0.330378  
14   A         23        0.143942  0.143942  
16   A         23        0.143942  0.16661   
18   A         28        0         0         
25   B         32        0.0293028 0.0402621 
4    B         32        0.0310144 0.0400472 
12   B         32        0.0310144 0.0413117 
3    b         32        0.0355738 0.0424984 
11   b         32        0.0355738 0.0424984 
9    b         32        0.0355738 0.0490631 
2    b         32        0.0355738 0.0583927 
7    b         32        0.0355738 0.0583927 
17   b         32        0.0355738 0.0593044 
26   b         32        0.0355738 0.0593044 
1    C         32        0.0355738 0.0688187 
5    C         32        0.0355738 0.0688187 
6    C         32        0.0355738 0.0688187 
8    C         32        0.0355738 0.0688187 
10   C         32        0.0355738 0.0688187 
15   C         32        0.0355738 0.0688187 
20   C         32        0.0355738 0.0688187 
21   C         32        0.0355738 0.0688187 
22   C         32        0.0355738 0.0688187 
23   C         32        0.0355738 0.0688187 
---------------------------------
---------------------------------

7--3最大流值为：32
最可靠最大流分布概率为 ： 0.0355738
状态划分算法消耗的内存为：20.7969
状态划分算法运行时间(ms) ： 73.3518
---------------------------------
流分布如下: 
---------------------------------
0   0   0   0   0   0   0   0   0   0   0   0   0   0   
0   0   0   0   0   0   0   0   9   0   0   0   0   0   
0   0   0   0   0   0   0   0   0   0   0   0   0   0   
0   0   0   0   0   0   0   0   0   0   0   0   0   0   
0   0   0   0   0   0   0   0   0   0   0   0   0   0   
0   0   0   0   0   0   0   0   0   0   0   0   0   0   
0   0   0   0   0   0   0   0   0   0   4   0   19  9   
0   0   0   0   0   0   0   0   0   0   0   0   0   0   
0   0   9   0   0   0   0   0   0   0   0   0   0   0   
0   0   0   0   0   0   0   0   0   0   0   0   0   0   
0   0   4   0   0   0   0   0   0   0   0   0   0   0   
0   0   19  0   0   0   0   0   0   0   0   0   0   0   
0   0   0   0   0   0   0   0   0   0   0   19  0   0   
0   9   0   0   0   0   0   0   0   0   0   0   0   0   
---------------------------------
关键边输出如下：
---------------------------------
13   A         13        0.134388  0.259978  
24   A         13        0.134388  0.259978  
19   A         13        0.134388  0.330378  
14   A         23        0.143942  0.143942  
16   A         23        0.143942  0.16661   
18   A         28        0         0         
25   B         32        0.0293028 0.0402621 
4    B         32        0.0310144 0.0400472 
12   B         32        0.0310144 0.0413117 
3    b         32        0.0355738 0.0424984 
11   b         32        0.0355738 0.0424984 
9    b         32        0.0355738 0.0490631 
2    b         32        0.0355738 0.0583927 
7    b         32        0.0355738 0.0583927 
17   b         32        0.0355738 0.0593044 
26   b         32        0.0355738 0.0593044 
1    C         32        0.0355738 0.0688187 
5    C         32        0.0355738 0.0688187 
6    C         32        0.0355738 0.0688187 
8    C         32        0.0355738 0.0688187 
10   C         32        0.0355738 0.0688187 
15   C         32        0.0355738 0.0688187 
20   C         32        0.0355738 0.0688187 
21   C         32        0.0355738 0.0688187 
22   C         32        0.0355738 0.0688187 
23   C         32        0.0355738 0.0688187 
---------------------------------
---------------------------------

