12--10最大流值为：81
最可靠最大流分布概率为 ： 0.023357
状态划分算法消耗的内存为：20.7852
状态划分算法运行时间(ms) ： 36.6442
---------------------------------
流分布如下: 
---------------------------------
0   0   0   0   0   0   0   0   0   0   0   0   0   0   
0   0   0   0   0   0   0   0   0   0   0   0   0   0   
0   0   0   0   0   0   24  0   0   0   0   0   0   0   
0   0   0   0   0   0   0   0   0   19  0   0   0   0   
0   0   0   19  0   0   0   0   0   0   0   0   0   0   
0   0   0   0   0   0   0   0   0   0   0   0   0   0   
0   0   0   0   0   0   0   0   0   0   0   0   1   23  
0   0   0   0   0   0   0   0   0   1   0   0   0   0   
0   0   0   0   0   0   0   0   0   0   0   0   0   0   
0   0   0   0   0   0   0   0   0   0   0   0   0   0   
0   0   0   0   0   0   0   0   0   0   0   0   0   0   
0   0   24  0   19  0   0   0   0   38  0   0   0   0   
0   0   0   0   0   0   0   1   0   0   0   0   0   0   
0   0   0   0   0   0   0   0   0   23  0   0   0   0   
---------------------------------
关键边输出如下：
---------------------------------
22   A         43        0         0         
6    A         57        0         0         
14   A         58        0.0396284 0.0553475 
26   A         58        0.0396284 0.0638271 
11   A         62        0.0736843 0.0736843 
10   A         62        0.0736843 0.0943009 
19   A         66        0         0         
20   A         71        0         0         
13   A         80        0.0467281 0.0467281 
23   A         80        0.0467281 0.0467281 
15   A         80        0.0467281 0.0467281 
1    C         81        0.023357  0.023357  
2    C         81        0.023357  0.023357  
3    C         81        0.023357  0.023357  
4    C         81        0.023357  0.023357  
5    C         81        0.023357  0.023357  
7    C         81        0.023357  0.023357  
8    C         81        0.023357  0.023357  
9    C         81        0.023357  0.023357  
12   C         81        0.023357  0.023357  
16   C         81        0.023357  0.023357  
17   C         81        0.023357  0.023357  
18   C         81        0.023357  0.023357  
21   C         81        0.023357  0.023357  
24   C         81        0.023357  0.023357  
25   C         81        0.023357  0.023357  
---------------------------------
---------------------------------

12--10最大流值为：81
最可靠最大流分布概率为 ： 0.023357
状态划分算法消耗的内存为：4.90234
状态划分算法运行时间(ms) ： 36.4583
---------------------------------
流分布如下: 
---------------------------------
0   0   0   0   0   0   0   0   0   0   0   0   0   0   
0   0   0   0   0   0   0   0   0   0   0   0   0   0   
0   0   0   0   0   0   24  0   0   0   0   0   0   0   
0   0   0   0   0   0   0   0   0   19  0   0   0   0   
0   0   0   19  0   0   0   0   0   0   0   0   0   0   
0   0   0   0   0   0   0   0   0   0   0   0   0   0   
0   0   0   0   0   0   0   0   0   0   0   0   1   23  
0   0   0   0   0   0   0   0   0   1   0   0   0   0   
0   0   0   0   0   0   0   0   0   0   0   0   0   0   
0   0   0   0   0   0   0   0   0   0   0   0   0   0   
0   0   0   0   0   0   0   0   0   0   0   0   0   0   
0   0   24  0   19  0   0   0   0   38  0   0   0   0   
0   0   0   0   0   0   0   1   0   0   0   0   0   0   
0   0   0   0   0   0   0   0   0   23  0   0   0   0   
---------------------------------
关键边输出如下：
---------------------------------
22   A         43        0         0         
6    A         57        0         0         
14   A         58        0.0396284 0.0553475 
26   A         58        0.0396284 0.0638271 
11   A         62        0.0736843 0.0736843 
10   A         62        0.0736843 0.0943009 
19   A         66        0         0         
20   A         71        0         0         
13   A         80        0.0467281 0.0467281 
23   A         80        0.0467281 0.0467281 
15   A         80        0.0467281 0.0467281 
1    C         81        0.023357  0.023357  
2    C         81        0.023357  0.023357  
3    C         81        0.023357  0.023357  
4    C         81        0.023357  0.023357  
5    C         81        0.023357  0.023357  
7    C         81        0.023357  0.023357  
8    C         81        0.023357  0.023357  
9    C         81        0.023357  0.023357  
12   C         81        0.023357  0.023357  
16   C         81        0.023357  0.023357  
17   C         81        0.023357  0.023357  
18   C         81        0.023357  0.023357  
21   C         81        0.023357  0.023357  
24   C         81        0.023357  0.023357  
25   C         81        0.023357  0.023357  
---------------------------------
---------------------------------

12--10最大流值为：81
最可靠最大流分布概率为 ： 0.023357
状态划分算法消耗的内存为：20.7656
状态划分算法运行时间(ms) ： 36.8824
---------------------------------
流分布如下: 
---------------------------------
0   0   0   0   0   0   0   0   0   0   0   0   0   0   
0   0   0   0   0   0   0   0   0   0   0   0   0   0   
0   0   0   0   0   0   24  0   0   0   0   0   0   0   
0   0   0   0   0   0   0   0   0   19  0   0   0   0   
0   0   0   19  0   0   0   0   0   0   0   0   0   0   
0   0   0   0   0   0   0   0   0   0   0   0   0   0   
0   0   0   0   0   0   0   0   0   0   0   0   1   23  
0   0   0   0   0   0   0   0   0   1   0   0   0   0   
0   0   0   0   0   0   0   0   0   0   0   0   0   0   
0   0   0   0   0   0   0   0   0   0   0   0   0   0   
0   0   0   0   0   0   0   0   0   0   0   0   0   0   
0   0   24  0   19  0   0   0   0   38  0   0   0   0   
0   0   0   0   0   0   0   1   0   0   0   0   0   0   
0   0   0   0   0   0   0   0   0   23  0   0   0   0   
---------------------------------
关键边输出如下：
---------------------------------
22   A         43        0         0         
6    A         57        0         0         
14   A         58        0.0396284 0.0553475 
26   A         58        0.0396284 0.0638271 
11   A         62        0.0736843 0.0736843 
10   A         62        0.0736843 0.0943009 
19   A         66        0         0         
20   A         71        0         0         
13   A         80        0.0467281 0.0467281 
23   A         80        0.0467281 0.0467281 
15   A         80        0.0467281 0.0467281 
1    C         81        0.023357  0.023357  
2    C         81        0.023357  0.023357  
3    C         81        0.023357  0.023357  
4    C         81        0.023357  0.023357  
5    C         81        0.023357  0.023357  
7    C         81        0.023357  0.023357  
8    C         81        0.023357  0.023357  
9    C         81        0.023357  0.023357  
12   C         81        0.023357  0.023357  
16   C         81        0.023357  0.023357  
17   C         81        0.023357  0.023357  
18   C         81        0.023357  0.023357  
21   C         81        0.023357  0.023357  
24   C         81        0.023357  0.023357  
25   C         81        0.023357  0.023357  
---------------------------------
---------------------------------

12--10最大流值为：81
最可靠最大流分布概率为 ： 0.023357
状态划分算法消耗的内存为：20.7813
状态划分算法运行时间(ms) ： 36.7882
---------------------------------
流分布如下: 
---------------------------------
0   0   0   0   0   0   0   0   0   0   0   0   0   0   
0   0   0   0   0   0   0   0   0   0   0   0   0   0   
0   0   0   0   0   0   24  0   0   0   0   0   0   0   
0   0   0   0   0   0   0   0   0   19  0   0   0   0   
0   0   0   19  0   0   0   0   0   0   0   0   0   0   
0   0   0   0   0   0   0   0   0   0   0   0   0   0   
0   0   0   0   0   0   0   0   0   0   0   0   1   23  
0   0   0   0   0   0   0   0   0   1   0   0   0   0   
0   0   0   0   0   0   0   0   0   0   0   0   0   0   
0   0   0   0   0   0   0   0   0   0   0   0   0   0   
0   0   0   0   0   0   0   0   0   0   0   0   0   0   
0   0   24  0   19  0   0   0   0   38  0   0   0   0   
0   0   0   0   0   0   0   1   0   0   0   0   0   0   
0   0   0   0   0   0   0   0   0   23  0   0   0   0   
---------------------------------
关键边输出如下：
---------------------------------
22   A         43        0         0         
6    A         57        0         0         
14   A         58        0.0396284 0.0553475 
26   A         58        0.0396284 0.0638271 
11   A         62        0.0736843 0.0736843 
10   A         62        0.0736843 0.0943009 
19   A         66        0         0         
20   A         71        0         0         
13   A         80        0.0467281 0.0467281 
23   A         80        0.0467281 0.0467281 
15   A         80        0.0467281 0.0467281 
1    C         81        0.023357  0.023357  
2    C         81        0.023357  0.023357  
3    C         81        0.023357  0.023357  
4    C         81        0.023357  0.023357  
5    C         81        0.023357  0.023357  
7    C         81        0.023357  0.023357  
8    C         81        0.023357  0.023357  
9    C         81        0.023357  0.023357  
12   C         81        0.023357  0.023357  
16   C         81        0.023357  0.023357  
17   C         81        0.023357  0.023357  
18   C         81        0.023357  0.023357  
21   C         81        0.023357  0.023357  
24   C         81        0.023357  0.023357  
25   C         81        0.023357  0.023357  
---------------------------------
---------------------------------

12--10最大流值为：81
最可靠最大流分布概率为 ： 0.023357
状态划分算法消耗的内存为：20.8047
状态划分算法运行时间(ms) ： 36.7218
---------------------------------
流分布如下: 
---------------------------------
0   0   0   0   0   0   0   0   0   0   0   0   0   0   
0   0   0   0   0   0   0   0   0   0   0   0   0   0   
0   0   0   0   0   0   24  0   0   0   0   0   0   0   
0   0   0   0   0   0   0   0   0   19  0   0   0   0   
0   0   0   19  0   0   0   0   0   0   0   0   0   0   
0   0   0   0   0   0   0   0   0   0   0   0   0   0   
0   0   0   0   0   0   0   0   0   0   0   0   1   23  
0   0   0   0   0   0   0   0   0   1   0   0   0   0   
0   0   0   0   0   0   0   0   0   0   0   0   0   0   
0   0   0   0   0   0   0   0   0   0   0   0   0   0   
0   0   0   0   0   0   0   0   0   0   0   0   0   0   
0   0   24  0   19  0   0   0   0   38  0   0   0   0   
0   0   0   0   0   0   0   1   0   0   0   0   0   0   
0   0   0   0   0   0   0   0   0   23  0   0   0   0   
---------------------------------
关键边输出如下：
---------------------------------
22   A         43        0         0         
6    A         57        0         0         
14   A         58        0.0396284 0.0553475 
26   A         58        0.0396284 0.0638271 
11   A         62        0.0736843 0.0736843 
10   A         62        0.0736843 0.0943009 
19   A         66        0         0         
20   A         71        0         0         
13   A         80        0.0467281 0.0467281 
23   A         80        0.0467281 0.0467281 
15   A         80        0.0467281 0.0467281 
1    C         81        0.023357  0.023357  
2    C         81        0.023357  0.023357  
3    C         81        0.023357  0.023357  
4    C         81        0.023357  0.023357  
5    C         81        0.023357  0.023357  
7    C         81        0.023357  0.023357  
8    C         81        0.023357  0.023357  
9    C         81        0.023357  0.023357  
12   C         81        0.023357  0.023357  
16   C         81        0.023357  0.023357  
17   C         81        0.023357  0.023357  
18   C         81        0.023357  0.023357  
21   C         81        0.023357  0.023357  
24   C         81        0.023357  0.023357  
25   C         81        0.023357  0.023357  
---------------------------------
---------------------------------

12--10最大流值为：81
最可靠最大流分布概率为 ： 0.023357
状态划分算法消耗的内存为：20.7969
状态划分算法运行时间(ms) ： 38.8993
---------------------------------
流分布如下: 
---------------------------------
0   0   0   0   0   0   0   0   0   0   0   0   0   0   
0   0   0   0   0   0   0   0   0   0   0   0   0   0   
0   0   0   0   0   0   24  0   0   0   0   0   0   0   
0   0   0   0   0   0   0   0   0   19  0   0   0   0   
0   0   0   19  0   0   0   0   0   0   0   0   0   0   
0   0   0   0   0   0   0   0   0   0   0   0   0   0   
0   0   0   0   0   0   0   0   0   0   0   0   1   23  
0   0   0   0   0   0   0   0   0   1   0   0   0   0   
0   0   0   0   0   0   0   0   0   0   0   0   0   0   
0   0   0   0   0   0   0   0   0   0   0   0   0   0   
0   0   0   0   0   0   0   0   0   0   0   0   0   0   
0   0   24  0   19  0   0   0   0   38  0   0   0   0   
0   0   0   0   0   0   0   1   0   0   0   0   0   0   
0   0   0   0   0   0   0   0   0   23  0   0   0   0   
---------------------------------
关键边输出如下：
---------------------------------
22   A         43        0         0         
6    A         57        0         0         
14   A         58        0.0396284 0.0553475 
26   A         58        0.0396284 0.0638271 
11   A         62        0.0736843 0.0736843 
10   A         62        0.0736843 0.0943009 
19   A         66        0         0         
20   A         71        0         0         
13   A         80        0.0467281 0.0467281 
23   A         80        0.0467281 0.0467281 
15   A         80        0.0467281 0.0467281 
1    C         81        0.023357  0.023357  
2    C         81        0.023357  0.023357  
3    C         81        0.023357  0.023357  
4    C         81        0.023357  0.023357  
5    C         81        0.023357  0.023357  
7    C         81        0.023357  0.023357  
8    C         81        0.023357  0.023357  
9    C         81        0.023357  0.023357  
12   C         81        0.023357  0.023357  
16   C         81        0.023357  0.023357  
17   C         81        0.023357  0.023357  
18   C         81        0.023357  0.023357  
21   C         81        0.023357  0.023357  
24   C         81        0.023357  0.023357  
25   C         81        0.023357  0.023357  
---------------------------------
---------------------------------

12--10最大流值为：81
最可靠最大流分布概率为 ： 0.023357
状态划分算法消耗的内存为：4.94922
状态划分算法运行时间(ms) ： 36.576
---------------------------------
流分布如下: 
---------------------------------
0   0   0   0   0   0   0   0   0   0   0   0   0   0   
0   0   0   0   0   0   0   0   0   0   0   0   0   0   
0   0   0   0   0   0   24  0   0   0   0   0   0   0   
0   0   0   0   0   0   0   0   0   19  0   0   0   0   
0   0   0   19  0   0   0   0   0   0   0   0   0   0   
0   0   0   0   0   0   0   0   0   0   0   0   0   0   
0   0   0   0   0   0   0   0   0   0   0   0   1   23  
0   0   0   0   0   0   0   0   0   1   0   0   0   0   
0   0   0   0   0   0   0   0   0   0   0   0   0   0   
0   0   0   0   0   0   0   0   0   0   0   0   0   0   
0   0   0   0   0   0   0   0   0   0   0   0   0   0   
0   0   24  0   19  0   0   0   0   38  0   0   0   0   
0   0   0   0   0   0   0   1   0   0   0   0   0   0   
0   0   0   0   0   0   0   0   0   23  0   0   0   0   
---------------------------------
关键边输出如下：
---------------------------------
22   A         43        0         0         
6    A         57        0         0         
14   A         58        0.0396284 0.0553475 
26   A         58        0.0396284 0.0638271 
11   A         62        0.0736843 0.0736843 
10   A         62        0.0736843 0.0943009 
19   A         66        0         0         
20   A         71        0         0         
13   A         80        0.0467281 0.0467281 
23   A         80        0.0467281 0.0467281 
15   A         80        0.0467281 0.0467281 
1    C         81        0.023357  0.023357  
2    C         81        0.023357  0.023357  
3    C         81        0.023357  0.023357  
4    C         81        0.023357  0.023357  
5    C         81        0.023357  0.023357  
7    C         81        0.023357  0.023357  
8    C         81        0.023357  0.023357  
9    C         81        0.023357  0.023357  
12   C         81        0.023357  0.023357  
16   C         81        0.023357  0.023357  
17   C         81        0.023357  0.023357  
18   C         81        0.023357  0.023357  
21   C         81        0.023357  0.023357  
24   C         81        0.023357  0.023357  
25   C         81        0.023357  0.023357  
---------------------------------
---------------------------------

12--10最大流值为：81
最可靠最大流分布概率为 ： 0.023357
状态划分算法消耗的内存为：20.8086
状态划分算法运行时间(ms) ： 36.7275
---------------------------------
流分布如下: 
---------------------------------
0   0   0   0   0   0   0   0   0   0   0   0   0   0   
0   0   0   0   0   0   0   0   0   0   0   0   0   0   
0   0   0   0   0   0   24  0   0   0   0   0   0   0   
0   0   0   0   0   0   0   0   0   19  0   0   0   0   
0   0   0   19  0   0   0   0   0   0   0   0   0   0   
0   0   0   0   0   0   0   0   0   0   0   0   0   0   
0   0   0   0   0   0   0   0   0   0   0   0   1   23  
0   0   0   0   0   0   0   0   0   1   0   0   0   0   
0   0   0   0   0   0   0   0   0   0   0   0   0   0   
0   0   0   0   0   0   0   0   0   0   0   0   0   0   
0   0   0   0   0   0   0   0   0   0   0   0   0   0   
0   0   24  0   19  0   0   0   0   38  0   0   0   0   
0   0   0   0   0   0   0   1   0   0   0   0   0   0   
0   0   0   0   0   0   0   0   0   23  0   0   0   0   
---------------------------------
关键边输出如下：
---------------------------------
22   A         43        0         0         
6    A         57        0         0         
14   A         58        0.0396284 0.0553475 
26   A         58        0.0396284 0.0638271 
11   A         62        0.0736843 0.0736843 
10   A         62        0.0736843 0.0943009 
19   A         66        0         0         
20   A         71        0         0         
13   A         80        0.0467281 0.0467281 
23   A         80        0.0467281 0.0467281 
15   A         80        0.0467281 0.0467281 
1    C         81        0.023357  0.023357  
2    C         81        0.023357  0.023357  
3    C         81        0.023357  0.023357  
4    C         81        0.023357  0.023357  
5    C         81        0.023357  0.023357  
7    C         81        0.023357  0.023357  
8    C         81        0.023357  0.023357  
9    C         81        0.023357  0.023357  
12   C         81        0.023357  0.023357  
16   C         81        0.023357  0.023357  
17   C         81        0.023357  0.023357  
18   C         81        0.023357  0.023357  
21   C         81        0.023357  0.023357  
24   C         81        0.023357  0.023357  
25   C         81        0.023357  0.023357  
---------------------------------
---------------------------------

12--10最大流值为：81
最可靠最大流分布概率为 ： 0.023357
状态划分算法消耗的内存为：20.7617
状态划分算法运行时间(ms) ： 36.4993
---------------------------------
流分布如下: 
---------------------------------
0   0   0   0   0   0   0   0   0   0   0   0   0   0   
0   0   0   0   0   0   0   0   0   0   0   0   0   0   
0   0   0   0   0   0   24  0   0   0   0   0   0   0   
0   0   0   0   0   0   0   0   0   19  0   0   0   0   
0   0   0   19  0   0   0   0   0   0   0   0   0   0   
0   0   0   0   0   0   0   0   0   0   0   0   0   0   
0   0   0   0   0   0   0   0   0   0   0   0   1   23  
0   0   0   0   0   0   0   0   0   1   0   0   0   0   
0   0   0   0   0   0   0   0   0   0   0   0   0   0   
0   0   0   0   0   0   0   0   0   0   0   0   0   0   
0   0   0   0   0   0   0   0   0   0   0   0   0   0   
0   0   24  0   19  0   0   0   0   38  0   0   0   0   
0   0   0   0   0   0   0   1   0   0   0   0   0   0   
0   0   0   0   0   0   0   0   0   23  0   0   0   0   
---------------------------------
关键边输出如下：
---------------------------------
22   A         43        0         0         
6    A         57        0         0         
14   A         58        0.0396284 0.0553475 
26   A         58        0.0396284 0.0638271 
11   A         62        0.0736843 0.0736843 
10   A         62        0.0736843 0.0943009 
19   A         66        0         0         
20   A         71        0         0         
13   A         80        0.0467281 0.0467281 
23   A         80        0.0467281 0.0467281 
15   A         80        0.0467281 0.0467281 
1    C         81        0.023357  0.023357  
2    C         81        0.023357  0.023357  
3    C         81        0.023357  0.023357  
4    C         81        0.023357  0.023357  
5    C         81        0.023357  0.023357  
7    C         81        0.023357  0.023357  
8    C         81        0.023357  0.023357  
9    C         81        0.023357  0.023357  
12   C         81        0.023357  0.023357  
16   C         81        0.023357  0.023357  
17   C         81        0.023357  0.023357  
18   C         81        0.023357  0.023357  
21   C         81        0.023357  0.023357  
24   C         81        0.023357  0.023357  
25   C         81        0.023357  0.023357  
---------------------------------
---------------------------------

12--10最大流值为：81
最可靠最大流分布概率为 ： 0.023357
状态划分算法消耗的内存为：20.7695
状态划分算法运行时间(ms) ： 38.6862
---------------------------------
流分布如下: 
---------------------------------
0   0   0   0   0   0   0   0   0   0   0   0   0   0   
0   0   0   0   0   0   0   0   0   0   0   0   0   0   
0   0   0   0   0   0   24  0   0   0   0   0   0   0   
0   0   0   0   0   0   0   0   0   19  0   0   0   0   
0   0   0   19  0   0   0   0   0   0   0   0   0   0   
0   0   0   0   0   0   0   0   0   0   0   0   0   0   
0   0   0   0   0   0   0   0   0   0   0   0   1   23  
0   0   0   0   0   0   0   0   0   1   0   0   0   0   
0   0   0   0   0   0   0   0   0   0   0   0   0   0   
0   0   0   0   0   0   0   0   0   0   0   0   0   0   
0   0   0   0   0   0   0   0   0   0   0   0   0   0   
0   0   24  0   19  0   0   0   0   38  0   0   0   0   
0   0   0   0   0   0   0   1   0   0   0   0   0   0   
0   0   0   0   0   0   0   0   0   23  0   0   0   0   
---------------------------------
关键边输出如下：
---------------------------------
22   A         43        0         0         
6    A         57        0         0         
14   A         58        0.0396284 0.0553475 
26   A         58        0.0396284 0.0638271 
11   A         62        0.0736843 0.0736843 
10   A         62        0.0736843 0.0943009 
19   A         66        0         0         
20   A         71        0         0         
13   A         80        0.0467281 0.0467281 
23   A         80        0.0467281 0.0467281 
15   A         80        0.0467281 0.0467281 
1    C         81        0.023357  0.023357  
2    C         81        0.023357  0.023357  
3    C         81        0.023357  0.023357  
4    C         81        0.023357  0.023357  
5    C         81        0.023357  0.023357  
7    C         81        0.023357  0.023357  
8    C         81        0.023357  0.023357  
9    C         81        0.023357  0.023357  
12   C         81        0.023357  0.023357  
16   C         81        0.023357  0.023357  
17   C         81        0.023357  0.023357  
18   C         81        0.023357  0.023357  
21   C         81        0.023357  0.023357  
24   C         81        0.023357  0.023357  
25   C         81        0.023357  0.023357  
---------------------------------
---------------------------------

