3--1最大流值为：80
最可靠最大流分布概率为 ： 0.27254
状态划分算法消耗的内存为：4.96094
状态划分算法运行时间(ms) ： 4.17997
---------------------------------
流分布如下: 
---------------------------------
0   0   0   0   0   0   
0   0   0   0   0   0   
20  0   0   0   37  23  
0   0   0   0   0   0   
33  0   0   0   0   4   
27  0   0   0   0   0   
---------------------------------
关键边输出如下：
---------------------------------
4    A         43        0         0         
7    A         47        0         0         
10   A         53        0         0         
5    A         59        0         0         
3    A         60        0         0         
9    B         80        0         0         
2    b         80        0.27254   0.27254   
8    b         80        0.27254   0.27254   
1    C         80        0.27254   0.30803   
6    C         80        0.27254   0.30803   
---------------------------------
---------------------------------

3--1最大流值为：80
最可靠最大流分布概率为 ： 0.27254
状态划分算法消耗的内存为：20.7813
状态划分算法运行时间(ms) ： 3.00096
---------------------------------
流分布如下: 
---------------------------------
0   0   0   0   0   0   
0   0   0   0   0   0   
20  0   0   0   37  23  
0   0   0   0   0   0   
33  0   0   0   0   4   
27  0   0   0   0   0   
---------------------------------
关键边输出如下：
---------------------------------
4    A         43        0         0         
7    A         47        0         0         
10   A         53        0         0         
5    A         59        0         0         
3    A         60        0         0         
9    B         80        0         0         
2    b         80        0.27254   0.27254   
8    b         80        0.27254   0.27254   
1    C         80        0.27254   0.30803   
6    C         80        0.27254   0.30803   
---------------------------------
---------------------------------

3--1最大流值为：80
最可靠最大流分布概率为 ： 0.27254
状态划分算法消耗的内存为：20.7852
状态划分算法运行时间(ms) ： 2.93637
---------------------------------
流分布如下: 
---------------------------------
0   0   0   0   0   0   
0   0   0   0   0   0   
20  0   0   0   37  23  
0   0   0   0   0   0   
33  0   0   0   0   4   
27  0   0   0   0   0   
---------------------------------
关键边输出如下：
---------------------------------
4    A         43        0         0         
7    A         47        0         0         
10   A         53        0         0         
5    A         59        0         0         
3    A         60        0         0         
9    B         80        0         0         
2    b         80        0.27254   0.27254   
8    b         80        0.27254   0.27254   
1    C         80        0.27254   0.30803   
6    C         80        0.27254   0.30803   
---------------------------------
---------------------------------

3--1最大流值为：80
最可靠最大流分布概率为 ： 0.27254
状态划分算法消耗的内存为：20.7852
状态划分算法运行时间(ms) ： 2.98376
---------------------------------
流分布如下: 
---------------------------------
0   0   0   0   0   0   
0   0   0   0   0   0   
20  0   0   0   37  23  
0   0   0   0   0   0   
33  0   0   0   0   4   
27  0   0   0   0   0   
---------------------------------
关键边输出如下：
---------------------------------
4    A         43        0         0         
7    A         47        0         0         
10   A         53        0         0         
5    A         59        0         0         
3    A         60        0         0         
9    B         80        0         0         
2    b         80        0.27254   0.27254   
8    b         80        0.27254   0.27254   
1    C         80        0.27254   0.30803   
6    C         80        0.27254   0.30803   
---------------------------------
---------------------------------

3--1最大流值为：80
最可靠最大流分布概率为 ： 0.27254
状态划分算法消耗的内存为：20.7813
状态划分算法运行时间(ms) ： 2.8929
---------------------------------
流分布如下: 
---------------------------------
0   0   0   0   0   0   
0   0   0   0   0   0   
20  0   0   0   37  23  
0   0   0   0   0   0   
33  0   0   0   0   4   
27  0   0   0   0   0   
---------------------------------
关键边输出如下：
---------------------------------
4    A         43        0         0         
7    A         47        0         0         
10   A         53        0         0         
5    A         59        0         0         
3    A         60        0         0         
9    B         80        0         0         
2    b         80        0.27254   0.27254   
8    b         80        0.27254   0.27254   
1    C         80        0.27254   0.30803   
6    C         80        0.27254   0.30803   
---------------------------------
---------------------------------

3--1最大流值为：80
最可靠最大流分布概率为 ： 0.27254
状态划分算法消耗的内存为：20.7813
状态划分算法运行时间(ms) ： 2.92882
---------------------------------
流分布如下: 
---------------------------------
0   0   0   0   0   0   
0   0   0   0   0   0   
20  0   0   0   37  23  
0   0   0   0   0   0   
33  0   0   0   0   4   
27  0   0   0   0   0   
---------------------------------
关键边输出如下：
---------------------------------
4    A         43        0         0         
7    A         47        0         0         
10   A         53        0         0         
5    A         59        0         0         
3    A         60        0         0         
9    B         80        0         0         
2    b         80        0.27254   0.27254   
8    b         80        0.27254   0.27254   
1    C         80        0.27254   0.30803   
6    C         80        0.27254   0.30803   
---------------------------------
---------------------------------

3--1最大流值为：80
最可靠最大流分布概率为 ： 0.27254
状态划分算法消耗的内存为：20.793
状态划分算法运行时间(ms) ： 2.8923
---------------------------------
流分布如下: 
---------------------------------
0   0   0   0   0   0   
0   0   0   0   0   0   
20  0   0   0   37  23  
0   0   0   0   0   0   
33  0   0   0   0   4   
27  0   0   0   0   0   
---------------------------------
关键边输出如下：
---------------------------------
4    A         43        0         0         
7    A         47        0         0         
10   A         53        0         0         
5    A         59        0         0         
3    A         60        0         0         
9    B         80        0         0         
2    b         80        0.27254   0.27254   
8    b         80        0.27254   0.27254   
1    C         80        0.27254   0.30803   
6    C         80        0.27254   0.30803   
---------------------------------
---------------------------------

3--1最大流值为：80
最可靠最大流分布概率为 ： 0.27254
状态划分算法消耗的内存为：20.7539
状态划分算法运行时间(ms) ： 2.91373
---------------------------------
流分布如下: 
---------------------------------
0   0   0   0   0   0   
0   0   0   0   0   0   
20  0   0   0   37  23  
0   0   0   0   0   0   
33  0   0   0   0   4   
27  0   0   0   0   0   
---------------------------------
关键边输出如下：
---------------------------------
4    A         43        0         0         
7    A         47        0         0         
10   A         53        0         0         
5    A         59        0         0         
3    A         60        0         0         
9    B         80        0         0         
2    b         80        0.27254   0.27254   
8    b         80        0.27254   0.27254   
1    C         80        0.27254   0.30803   
6    C         80        0.27254   0.30803   
---------------------------------
---------------------------------

3--1最大流值为：80
最可靠最大流分布概率为 ： 0.27254
状态划分算法消耗的内存为：20.7656
状态划分算法运行时间(ms) ： 3.16034
---------------------------------
流分布如下: 
---------------------------------
0   0   0   0   0   0   
0   0   0   0   0   0   
20  0   0   0   37  23  
0   0   0   0   0   0   
33  0   0   0   0   4   
27  0   0   0   0   0   
---------------------------------
关键边输出如下：
---------------------------------
4    A         43        0         0         
7    A         47        0         0         
10   A         53        0         0         
5    A         59        0         0         
3    A         60        0         0         
9    B         80        0         0         
2    b         80        0.27254   0.27254   
8    b         80        0.27254   0.27254   
1    C         80        0.27254   0.30803   
6    C         80        0.27254   0.30803   
---------------------------------
---------------------------------

3--1最大流值为：80
最可靠最大流分布概率为 ： 0.27254
状态划分算法消耗的内存为：20.7813
状态划分算法运行时间(ms) ： 2.94693
---------------------------------
流分布如下: 
---------------------------------
0   0   0   0   0   0   
0   0   0   0   0   0   
20  0   0   0   37  23  
0   0   0   0   0   0   
33  0   0   0   0   4   
27  0   0   0   0   0   
---------------------------------
关键边输出如下：
---------------------------------
4    A         43        0         0         
7    A         47        0         0         
10   A         53        0         0         
5    A         59        0         0         
3    A         60        0         0         
9    B         80        0         0         
2    b         80        0.27254   0.27254   
8    b         80        0.27254   0.27254   
1    C         80        0.27254   0.30803   
6    C         80        0.27254   0.30803   
---------------------------------
---------------------------------

