5--2最大流值为：35
最可靠最大流分布概率为 ： 0.252686
状态划分算法消耗的内存为：20.7734
状态划分算法运行时间(ms) ： 2.57988
---------------------------------
流分布如下: 
---------------------------------
0   8   0   0   0   0   
0   0   0   0   0   0   
0   0   0   0   0   8   
0   0   0   0   0   0   
0   0   8   0   0   27  
8   27  0   0   0   0   
---------------------------------
关键边输出如下：
---------------------------------
10   A         8         0         0         
8    A         23        0         0         
7    A         27        0.60213   0.60213   
1    A         27        0.60213   0.60213   
9    A         27        0.60213   0.60213   
5    A         27        0.60213   0.60213   
2    C         35        0.252686  0.252686  
3    C         35        0.252686  0.252686  
4    C         35        0.252686  0.252686  
6    C         35        0.252686  0.252686  
---------------------------------
---------------------------------

5--2最大流值为：35
最可靠最大流分布概率为 ： 0.252686
状态划分算法消耗的内存为：20.7422
状态划分算法运行时间(ms) ： 2.52102
---------------------------------
流分布如下: 
---------------------------------
0   8   0   0   0   0   
0   0   0   0   0   0   
0   0   0   0   0   8   
0   0   0   0   0   0   
0   0   8   0   0   27  
8   27  0   0   0   0   
---------------------------------
关键边输出如下：
---------------------------------
10   A         8         0         0         
8    A         23        0         0         
7    A         27        0.60213   0.60213   
1    A         27        0.60213   0.60213   
9    A         27        0.60213   0.60213   
5    A         27        0.60213   0.60213   
2    C         35        0.252686  0.252686  
3    C         35        0.252686  0.252686  
4    C         35        0.252686  0.252686  
6    C         35        0.252686  0.252686  
---------------------------------
---------------------------------

5--2最大流值为：35
最可靠最大流分布概率为 ： 0.252686
状态划分算法消耗的内存为：20.75
状态划分算法运行时间(ms) ： 2.52042
---------------------------------
流分布如下: 
---------------------------------
0   8   0   0   0   0   
0   0   0   0   0   0   
0   0   0   0   0   8   
0   0   0   0   0   0   
0   0   8   0   0   27  
8   27  0   0   0   0   
---------------------------------
关键边输出如下：
---------------------------------
10   A         8         0         0         
8    A         23        0         0         
7    A         27        0.60213   0.60213   
1    A         27        0.60213   0.60213   
9    A         27        0.60213   0.60213   
5    A         27        0.60213   0.60213   
2    C         35        0.252686  0.252686  
3    C         35        0.252686  0.252686  
4    C         35        0.252686  0.252686  
6    C         35        0.252686  0.252686  
---------------------------------
---------------------------------

5--2最大流值为：35
最可靠最大流分布概率为 ： 0.252686
状态划分算法消耗的内存为：4.89844
状态划分算法运行时间(ms) ： 2.5829
---------------------------------
流分布如下: 
---------------------------------
0   8   0   0   0   0   
0   0   0   0   0   0   
0   0   0   0   0   8   
0   0   0   0   0   0   
0   0   8   0   0   27  
8   27  0   0   0   0   
---------------------------------
关键边输出如下：
---------------------------------
10   A         8         0         0         
8    A         23        0         0         
7    A         27        0.60213   0.60213   
1    A         27        0.60213   0.60213   
9    A         27        0.60213   0.60213   
5    A         27        0.60213   0.60213   
2    C         35        0.252686  0.252686  
3    C         35        0.252686  0.252686  
4    C         35        0.252686  0.252686  
6    C         35        0.252686  0.252686  
---------------------------------
---------------------------------

5--2最大流值为：35
最可靠最大流分布概率为 ： 0.252686
状态划分算法消耗的内存为：20.7773
状态划分算法运行时间(ms) ： 2.52042
---------------------------------
流分布如下: 
---------------------------------
0   8   0   0   0   0   
0   0   0   0   0   0   
0   0   0   0   0   8   
0   0   0   0   0   0   
0   0   8   0   0   27  
8   27  0   0   0   0   
---------------------------------
关键边输出如下：
---------------------------------
10   A         8         0         0         
8    A         23        0         0         
7    A         27        0.60213   0.60213   
1    A         27        0.60213   0.60213   
9    A         27        0.60213   0.60213   
5    A         27        0.60213   0.60213   
2    C         35        0.252686  0.252686  
3    C         35        0.252686  0.252686  
4    C         35        0.252686  0.252686  
6    C         35        0.252686  0.252686  
---------------------------------
---------------------------------

5--2最大流值为：35
最可靠最大流分布概率为 ： 0.252686
状态划分算法消耗的内存为：4.92578
状态划分算法运行时间(ms) ： 2.55181
---------------------------------
流分布如下: 
---------------------------------
0   8   0   0   0   0   
0   0   0   0   0   0   
0   0   0   0   0   8   
0   0   0   0   0   0   
0   0   8   0   0   27  
8   27  0   0   0   0   
---------------------------------
关键边输出如下：
---------------------------------
10   A         8         0         0         
8    A         23        0         0         
7    A         27        0.60213   0.60213   
1    A         27        0.60213   0.60213   
9    A         27        0.60213   0.60213   
5    A         27        0.60213   0.60213   
2    C         35        0.252686  0.252686  
3    C         35        0.252686  0.252686  
4    C         35        0.252686  0.252686  
6    C         35        0.252686  0.252686  
---------------------------------
---------------------------------

5--2最大流值为：35
最可靠最大流分布概率为 ： 0.252686
状态划分算法消耗的内存为：20.7813
状态划分算法运行时间(ms) ： 3.37253
---------------------------------
流分布如下: 
---------------------------------
0   8   0   0   0   0   
0   0   0   0   0   0   
0   0   0   0   0   8   
0   0   0   0   0   0   
0   0   8   0   0   27  
8   27  0   0   0   0   
---------------------------------
关键边输出如下：
---------------------------------
10   A         8         0         0         
8    A         23        0         0         
7    A         27        0.60213   0.60213   
1    A         27        0.60213   0.60213   
9    A         27        0.60213   0.60213   
5    A         27        0.60213   0.60213   
2    C         35        0.252686  0.252686  
3    C         35        0.252686  0.252686  
4    C         35        0.252686  0.252686  
6    C         35        0.252686  0.252686  
---------------------------------
---------------------------------

5--2最大流值为：35
最可靠最大流分布概率为 ： 0.252686
状态划分算法消耗的内存为：20.7891
状态划分算法运行时间(ms) ： 2.57264
---------------------------------
流分布如下: 
---------------------------------
0   8   0   0   0   0   
0   0   0   0   0   0   
0   0   0   0   0   8   
0   0   0   0   0   0   
0   0   8   0   0   27  
8   27  0   0   0   0   
---------------------------------
关键边输出如下：
---------------------------------
10   A         8         0         0         
8    A         23        0         0         
7    A         27        0.60213   0.60213   
1    A         27        0.60213   0.60213   
9    A         27        0.60213   0.60213   
5    A         27        0.60213   0.60213   
2    C         35        0.252686  0.252686  
3    C         35        0.252686  0.252686  
4    C         35        0.252686  0.252686  
6    C         35        0.252686  0.252686  
---------------------------------
---------------------------------

5--2最大流值为：35
最可靠最大流分布概率为 ： 0.252686
状态划分算法消耗的内存为：20.7813
状态划分算法运行时间(ms) ： 2.51619
---------------------------------
流分布如下: 
---------------------------------
0   8   0   0   0   0   
0   0   0   0   0   0   
0   0   0   0   0   8   
0   0   0   0   0   0   
0   0   8   0   0   27  
8   27  0   0   0   0   
---------------------------------
关键边输出如下：
---------------------------------
10   A         8         0         0         
8    A         23        0         0         
7    A         27        0.60213   0.60213   
1    A         27        0.60213   0.60213   
9    A         27        0.60213   0.60213   
5    A         27        0.60213   0.60213   
2    C         35        0.252686  0.252686  
3    C         35        0.252686  0.252686  
4    C         35        0.252686  0.252686  
6    C         35        0.252686  0.252686  
---------------------------------
---------------------------------

5--2最大流值为：35
最可靠最大流分布概率为 ： 0.252686
状态划分算法消耗的内存为：20.7891
状态划分算法运行时间(ms) ： 2.54427
---------------------------------
流分布如下: 
---------------------------------
0   8   0   0   0   0   
0   0   0   0   0   0   
0   0   0   0   0   8   
0   0   0   0   0   0   
0   0   8   0   0   27  
8   27  0   0   0   0   
---------------------------------
关键边输出如下：
---------------------------------
10   A         8         0         0         
8    A         23        0         0         
7    A         27        0.60213   0.60213   
1    A         27        0.60213   0.60213   
9    A         27        0.60213   0.60213   
5    A         27        0.60213   0.60213   
2    C         35        0.252686  0.252686  
3    C         35        0.252686  0.252686  
4    C         35        0.252686  0.252686  
6    C         35        0.252686  0.252686  
---------------------------------
---------------------------------

