5--1最大流值为：76
最可靠最大流分布概率为 ： 0.115151
状态划分算法消耗的内存为：20.7695
状态划分算法运行时间(ms) ： 3.60405
---------------------------------
流分布如下: 
---------------------------------
0   0   0   0   0   0   
22  0   0   0   0   0   
0   0   0   0   0   0   
32  0   0   0   0   0   
22  22  0   32  0   0   
0   0   0   0   0   0   
---------------------------------
关键边输出如下：
---------------------------------
7    A         44        0.359729  0.359729  
10   A         44        0.359729  0.359729  
9    A         54        0.164846  0.164846  
1    A         54        0.164846  0.164846  
8    A         54        0.223604  0.223604  
2    C         76        0.115151  0.115151  
3    C         76        0.115151  0.115151  
4    C         76        0.115151  0.115151  
5    C         76        0.115151  0.115151  
6    C         76        0.115151  0.115151  
---------------------------------
---------------------------------

5--1最大流值为：76
最可靠最大流分布概率为 ： 0.115151
状态划分算法消耗的内存为：4.92578
状态划分算法运行时间(ms) ： 3.67046
---------------------------------
流分布如下: 
---------------------------------
0   0   0   0   0   0   
22  0   0   0   0   0   
0   0   0   0   0   0   
32  0   0   0   0   0   
22  22  0   32  0   0   
0   0   0   0   0   0   
---------------------------------
关键边输出如下：
---------------------------------
7    A         44        0.359729  0.359729  
10   A         44        0.359729  0.359729  
9    A         54        0.164846  0.164846  
1    A         54        0.164846  0.164846  
8    A         54        0.223604  0.223604  
2    C         76        0.115151  0.115151  
3    C         76        0.115151  0.115151  
4    C         76        0.115151  0.115151  
5    C         76        0.115151  0.115151  
6    C         76        0.115151  0.115151  
---------------------------------
---------------------------------

5--1最大流值为：76
最可靠最大流分布概率为 ： 0.115151
状态划分算法消耗的内存为：4.89453
状态划分算法运行时间(ms) ： 3.61914
---------------------------------
流分布如下: 
---------------------------------
0   0   0   0   0   0   
22  0   0   0   0   0   
0   0   0   0   0   0   
32  0   0   0   0   0   
22  22  0   32  0   0   
0   0   0   0   0   0   
---------------------------------
关键边输出如下：
---------------------------------
7    A         44        0.359729  0.359729  
10   A         44        0.359729  0.359729  
9    A         54        0.164846  0.164846  
1    A         54        0.164846  0.164846  
8    A         54        0.223604  0.223604  
2    C         76        0.115151  0.115151  
3    C         76        0.115151  0.115151  
4    C         76        0.115151  0.115151  
5    C         76        0.115151  0.115151  
6    C         76        0.115151  0.115151  
---------------------------------
---------------------------------

5--1最大流值为：76
最可靠最大流分布概率为 ： 0.115151
状态划分算法消耗的内存为：4.92188
状态划分算法运行时间(ms) ： 3.57175
---------------------------------
流分布如下: 
---------------------------------
0   0   0   0   0   0   
22  0   0   0   0   0   
0   0   0   0   0   0   
32  0   0   0   0   0   
22  22  0   32  0   0   
0   0   0   0   0   0   
---------------------------------
关键边输出如下：
---------------------------------
7    A         44        0.359729  0.359729  
10   A         44        0.359729  0.359729  
9    A         54        0.164846  0.164846  
1    A         54        0.164846  0.164846  
8    A         54        0.223604  0.223604  
2    C         76        0.115151  0.115151  
3    C         76        0.115151  0.115151  
4    C         76        0.115151  0.115151  
5    C         76        0.115151  0.115151  
6    C         76        0.115151  0.115151  
---------------------------------
---------------------------------

5--1最大流值为：76
最可靠最大流分布概率为 ： 0.115151
状态划分算法消耗的内存为：20.7813
状态划分算法运行时间(ms) ： 3.59258
---------------------------------
流分布如下: 
---------------------------------
0   0   0   0   0   0   
22  0   0   0   0   0   
0   0   0   0   0   0   
32  0   0   0   0   0   
22  22  0   32  0   0   
0   0   0   0   0   0   
---------------------------------
关键边输出如下：
---------------------------------
7    A         44        0.359729  0.359729  
10   A         44        0.359729  0.359729  
9    A         54        0.164846  0.164846  
1    A         54        0.164846  0.164846  
8    A         54        0.223604  0.223604  
2    C         76        0.115151  0.115151  
3    C         76        0.115151  0.115151  
4    C         76        0.115151  0.115151  
5    C         76        0.115151  0.115151  
6    C         76        0.115151  0.115151  
---------------------------------
---------------------------------

5--1最大流值为：76
最可靠最大流分布概率为 ： 0.115151
状态划分算法消耗的内存为：20.7813
状态划分算法运行时间(ms) ： 3.58685
---------------------------------
流分布如下: 
---------------------------------
0   0   0   0   0   0   
22  0   0   0   0   0   
0   0   0   0   0   0   
32  0   0   0   0   0   
22  22  0   32  0   0   
0   0   0   0   0   0   
---------------------------------
关键边输出如下：
---------------------------------
7    A         44        0.359729  0.359729  
10   A         44        0.359729  0.359729  
9    A         54        0.164846  0.164846  
1    A         54        0.164846  0.164846  
8    A         54        0.223604  0.223604  
2    C         76        0.115151  0.115151  
3    C         76        0.115151  0.115151  
4    C         76        0.115151  0.115151  
5    C         76        0.115151  0.115151  
6    C         76        0.115151  0.115151  
---------------------------------
---------------------------------

5--1最大流值为：76
最可靠最大流分布概率为 ： 0.115151
状态划分算法消耗的内存为：20.75
状态划分算法运行时间(ms) ： 3.58262
---------------------------------
流分布如下: 
---------------------------------
0   0   0   0   0   0   
22  0   0   0   0   0   
0   0   0   0   0   0   
32  0   0   0   0   0   
22  22  0   32  0   0   
0   0   0   0   0   0   
---------------------------------
关键边输出如下：
---------------------------------
7    A         44        0.359729  0.359729  
10   A         44        0.359729  0.359729  
9    A         54        0.164846  0.164846  
1    A         54        0.164846  0.164846  
8    A         54        0.223604  0.223604  
2    C         76        0.115151  0.115151  
3    C         76        0.115151  0.115151  
4    C         76        0.115151  0.115151  
5    C         76        0.115151  0.115151  
6    C         76        0.115151  0.115151  
---------------------------------
---------------------------------

5--1最大流值为：76
最可靠最大流分布概率为 ： 0.115151
状态划分算法消耗的内存为：20.7813
状态划分算法运行时间(ms) ： 3.60375
---------------------------------
流分布如下: 
---------------------------------
0   0   0   0   0   0   
22  0   0   0   0   0   
0   0   0   0   0   0   
32  0   0   0   0   0   
22  22  0   32  0   0   
0   0   0   0   0   0   
---------------------------------
关键边输出如下：
---------------------------------
7    A         44        0.359729  0.359729  
10   A         44        0.359729  0.359729  
9    A         54        0.164846  0.164846  
1    A         54        0.164846  0.164846  
8    A         54        0.223604  0.223604  
2    C         76        0.115151  0.115151  
3    C         76        0.115151  0.115151  
4    C         76        0.115151  0.115151  
5    C         76        0.115151  0.115151  
6    C         76        0.115151  0.115151  
---------------------------------
---------------------------------

5--1最大流值为：76
最可靠最大流分布概率为 ： 0.115151
状态划分算法消耗的内存为：20.7969
状态划分算法运行时间(ms) ： 3.59137
---------------------------------
流分布如下: 
---------------------------------
0   0   0   0   0   0   
22  0   0   0   0   0   
0   0   0   0   0   0   
32  0   0   0   0   0   
22  22  0   32  0   0   
0   0   0   0   0   0   
---------------------------------
关键边输出如下：
---------------------------------
7    A         44        0.359729  0.359729  
10   A         44        0.359729  0.359729  
9    A         54        0.164846  0.164846  
1    A         54        0.164846  0.164846  
8    A         54        0.223604  0.223604  
2    C         76        0.115151  0.115151  
3    C         76        0.115151  0.115151  
4    C         76        0.115151  0.115151  
5    C         76        0.115151  0.115151  
6    C         76        0.115151  0.115151  
---------------------------------
---------------------------------

5--1最大流值为：76
最可靠最大流分布概率为 ： 0.115151
状态划分算法消耗的内存为：20.7813
状态划分算法运行时间(ms) ： 3.58805
---------------------------------
流分布如下: 
---------------------------------
0   0   0   0   0   0   
22  0   0   0   0   0   
0   0   0   0   0   0   
32  0   0   0   0   0   
22  22  0   32  0   0   
0   0   0   0   0   0   
---------------------------------
关键边输出如下：
---------------------------------
7    A         44        0.359729  0.359729  
10   A         44        0.359729  0.359729  
9    A         54        0.164846  0.164846  
1    A         54        0.164846  0.164846  
8    A         54        0.223604  0.223604  
2    C         76        0.115151  0.115151  
3    C         76        0.115151  0.115151  
4    C         76        0.115151  0.115151  
5    C         76        0.115151  0.115151  
6    C         76        0.115151  0.115151  
---------------------------------
---------------------------------

