3--2最大流值为：8
最可靠最大流分布概率为 ： 0.530255
状态划分算法消耗的内存为：20.7969
状态划分算法运行时间(ms) ： 5.57602
---------------------------------
流分布如下: 
---------------------------------
0   0   0   0   0   0   0   0   
0   0   0   0   0   0   0   0   
0   0   0   0   0   0   8   0   
0   0   0   0   0   0   0   0   
0   0   0   0   0   0   0   0   
0   8   0   0   0   0   0   0   
0   0   0   0   0   0   0   8   
0   0   0   0   0   8   0   0   
---------------------------------
关键边输出如下：
---------------------------------
8    A         0         0         0         
14   A         7         0         0         
6    B         8         0.383286  0.488394  
12   B         8         0.464306  0.487384  
2    b         8         0.530255  0.556611  
10   b         8         0.530255  0.556611  
11   b         8         0.530255  0.556611  
5    b         8         0.530255  0.675667  
7    b         8         0.530255  0.675667  
1    C         8         0.530255  0.709251  
3    C         8         0.530255  0.709251  
4    C         8         0.530255  0.709251  
9    C         8         0.530255  0.709251  
13   C         8         0.530255  0.709251  
---------------------------------
---------------------------------

3--2最大流值为：8
最可靠最大流分布概率为 ： 0.530255
状态划分算法消耗的内存为：20.7695
状态划分算法运行时间(ms) ： 5.46614
---------------------------------
流分布如下: 
---------------------------------
0   0   0   0   0   0   0   0   
0   0   0   0   0   0   0   0   
0   0   0   0   0   0   8   0   
0   0   0   0   0   0   0   0   
0   0   0   0   0   0   0   0   
0   8   0   0   0   0   0   0   
0   0   0   0   0   0   0   8   
0   0   0   0   0   8   0   0   
---------------------------------
关键边输出如下：
---------------------------------
8    A         0         0         0         
14   A         7         0         0         
6    B         8         0.383286  0.488394  
12   B         8         0.464306  0.487384  
2    b         8         0.530255  0.556611  
10   b         8         0.530255  0.556611  
11   b         8         0.530255  0.556611  
5    b         8         0.530255  0.675667  
7    b         8         0.530255  0.675667  
1    C         8         0.530255  0.709251  
3    C         8         0.530255  0.709251  
4    C         8         0.530255  0.709251  
9    C         8         0.530255  0.709251  
13   C         8         0.530255  0.709251  
---------------------------------
---------------------------------

3--2最大流值为：8
最可靠最大流分布概率为 ： 0.530255
状态划分算法消耗的内存为：20.7891
状态划分算法运行时间(ms) ： 5.50327
---------------------------------
流分布如下: 
---------------------------------
0   0   0   0   0   0   0   0   
0   0   0   0   0   0   0   0   
0   0   0   0   0   0   8   0   
0   0   0   0   0   0   0   0   
0   0   0   0   0   0   0   0   
0   8   0   0   0   0   0   0   
0   0   0   0   0   0   0   8   
0   0   0   0   0   8   0   0   
---------------------------------
关键边输出如下：
---------------------------------
8    A         0         0         0         
14   A         7         0         0         
6    B         8         0.383286  0.488394  
12   B         8         0.464306  0.487384  
2    b         8         0.530255  0.556611  
10   b         8         0.530255  0.556611  
11   b         8         0.530255  0.556611  
5    b         8         0.530255  0.675667  
7    b         8         0.530255  0.675667  
1    C         8         0.530255  0.709251  
3    C         8         0.530255  0.709251  
4    C         8         0.530255  0.709251  
9    C         8         0.530255  0.709251  
13   C         8         0.530255  0.709251  
---------------------------------
---------------------------------

3--2最大流值为：8
最可靠最大流分布概率为 ： 0.530255
状态划分算法消耗的内存为：4.97656
状态划分算法运行时间(ms) ： 5.60922
---------------------------------
流分布如下: 
---------------------------------
0   0   0   0   0   0   0   0   
0   0   0   0   0   0   0   0   
0   0   0   0   0   0   8   0   
0   0   0   0   0   0   0   0   
0   0   0   0   0   0   0   0   
0   8   0   0   0   0   0   0   
0   0   0   0   0   0   0   8   
0   0   0   0   0   8   0   0   
---------------------------------
关键边输出如下：
---------------------------------
8    A         0         0         0         
14   A         7         0         0         
6    B         8         0.383286  0.488394  
12   B         8         0.464306  0.487384  
2    b         8         0.530255  0.556611  
10   b         8         0.530255  0.556611  
11   b         8         0.530255  0.556611  
5    b         8         0.530255  0.675667  
7    b         8         0.530255  0.675667  
1    C         8         0.530255  0.709251  
3    C         8         0.530255  0.709251  
4    C         8         0.530255  0.709251  
9    C         8         0.530255  0.709251  
13   C         8         0.530255  0.709251  
---------------------------------
---------------------------------

3--2最大流值为：8
最可靠最大流分布概率为 ： 0.530255
状态划分算法消耗的内存为：4.94141
状态划分算法运行时间(ms) ： 5.63729
---------------------------------
流分布如下: 
---------------------------------
0   0   0   0   0   0   0   0   
0   0   0   0   0   0   0   0   
0   0   0   0   0   0   8   0   
0   0   0   0   0   0   0   0   
0   0   0   0   0   0   0   0   
0   8   0   0   0   0   0   0   
0   0   0   0   0   0   0   8   
0   0   0   0   0   8   0   0   
---------------------------------
关键边输出如下：
---------------------------------
8    A         0         0         0         
14   A         7         0         0         
6    B         8         0.383286  0.488394  
12   B         8         0.464306  0.487384  
2    b         8         0.530255  0.556611  
10   b         8         0.530255  0.556611  
11   b         8         0.530255  0.556611  
5    b         8         0.530255  0.675667  
7    b         8         0.530255  0.675667  
1    C         8         0.530255  0.709251  
3    C         8         0.530255  0.709251  
4    C         8         0.530255  0.709251  
9    C         8         0.530255  0.709251  
13   C         8         0.530255  0.709251  
---------------------------------
---------------------------------

3--2最大流值为：8
最可靠最大流分布概率为 ： 0.530255
状态划分算法消耗的内存为：20.7617
状态划分算法运行时间(ms) ： 5.87998
---------------------------------
流分布如下: 
---------------------------------
0   0   0   0   0   0   0   0   
0   0   0   0   0   0   0   0   
0   0   0   0   0   0   8   0   
0   0   0   0   0   0   0   0   
0   0   0   0   0   0   0   0   
0   8   0   0   0   0   0   0   
0   0   0   0   0   0   0   8   
0   0   0   0   0   8   0   0   
---------------------------------
关键边输出如下：
---------------------------------
8    A         0         0         0         
14   A         7         0         0         
6    B         8         0.383286  0.488394  
12   B         8         0.464306  0.487384  
2    b         8         0.530255  0.556611  
10   b         8         0.530255  0.556611  
11   b         8         0.530255  0.556611  
5    b         8         0.530255  0.675667  
7    b         8         0.530255  0.675667  
1    C         8         0.530255  0.709251  
3    C         8         0.530255  0.709251  
4    C         8         0.530255  0.709251  
9    C         8         0.530255  0.709251  
13   C         8         0.530255  0.709251  
---------------------------------
---------------------------------

3--2最大流值为：8
最可靠最大流分布概率为 ： 0.530255
状态划分算法消耗的内存为：20.7852
状态划分算法运行时间(ms) ： 5.70007
---------------------------------
流分布如下: 
---------------------------------
0   0   0   0   0   0   0   0   
0   0   0   0   0   0   0   0   
0   0   0   0   0   0   8   0   
0   0   0   0   0   0   0   0   
0   0   0   0   0   0   0   0   
0   8   0   0   0   0   0   0   
0   0   0   0   0   0   0   8   
0   0   0   0   0   8   0   0   
---------------------------------
关键边输出如下：
---------------------------------
8    A         0         0         0         
14   A         7         0         0         
6    B         8         0.383286  0.488394  
12   B         8         0.464306  0.487384  
2    b         8         0.530255  0.556611  
10   b         8         0.530255  0.556611  
11   b         8         0.530255  0.556611  
5    b         8         0.530255  0.675667  
7    b         8         0.530255  0.675667  
1    C         8         0.530255  0.709251  
3    C         8         0.530255  0.709251  
4    C         8         0.530255  0.709251  
9    C         8         0.530255  0.709251  
13   C         8         0.530255  0.709251  
---------------------------------
---------------------------------

3--2最大流值为：8
最可靠最大流分布概率为 ： 0.530255
状态划分算法消耗的内存为：4.97266
状态划分算法运行时间(ms) ： 5.62341
---------------------------------
流分布如下: 
---------------------------------
0   0   0   0   0   0   0   0   
0   0   0   0   0   0   0   0   
0   0   0   0   0   0   8   0   
0   0   0   0   0   0   0   0   
0   0   0   0   0   0   0   0   
0   8   0   0   0   0   0   0   
0   0   0   0   0   0   0   8   
0   0   0   0   0   8   0   0   
---------------------------------
关键边输出如下：
---------------------------------
8    A         0         0         0         
14   A         7         0         0         
6    B         8         0.383286  0.488394  
12   B         8         0.464306  0.487384  
2    b         8         0.530255  0.556611  
10   b         8         0.530255  0.556611  
11   b         8         0.530255  0.556611  
5    b         8         0.530255  0.675667  
7    b         8         0.530255  0.675667  
1    C         8         0.530255  0.709251  
3    C         8         0.530255  0.709251  
4    C         8         0.530255  0.709251  
9    C         8         0.530255  0.709251  
13   C         8         0.530255  0.709251  
---------------------------------
---------------------------------

3--2最大流值为：8
最可靠最大流分布概率为 ： 0.530255
状态划分算法消耗的内存为：20.75
状态划分算法运行时间(ms) ： 5.64152
---------------------------------
流分布如下: 
---------------------------------
0   0   0   0   0   0   0   0   
0   0   0   0   0   0   0   0   
0   0   0   0   0   0   8   0   
0   0   0   0   0   0   0   0   
0   0   0   0   0   0   0   0   
0   8   0   0   0   0   0   0   
0   0   0   0   0   0   0   8   
0   0   0   0   0   8   0   0   
---------------------------------
关键边输出如下：
---------------------------------
8    A         0         0         0         
14   A         7         0         0         
6    B         8         0.383286  0.488394  
12   B         8         0.464306  0.487384  
2    b         8         0.530255  0.556611  
10   b         8         0.530255  0.556611  
11   b         8         0.530255  0.556611  
5    b         8         0.530255  0.675667  
7    b         8         0.530255  0.675667  
1    C         8         0.530255  0.709251  
3    C         8         0.530255  0.709251  
4    C         8         0.530255  0.709251  
9    C         8         0.530255  0.709251  
13   C         8         0.530255  0.709251  
---------------------------------
---------------------------------

3--2最大流值为：8
最可靠最大流分布概率为 ： 0.530255
状态划分算法消耗的内存为：20.793
状态划分算法运行时间(ms) ： 5.61012
---------------------------------
流分布如下: 
---------------------------------
0   0   0   0   0   0   0   0   
0   0   0   0   0   0   0   0   
0   0   0   0   0   0   8   0   
0   0   0   0   0   0   0   0   
0   0   0   0   0   0   0   0   
0   8   0   0   0   0   0   0   
0   0   0   0   0   0   0   8   
0   0   0   0   0   8   0   0   
---------------------------------
关键边输出如下：
---------------------------------
8    A         0         0         0         
14   A         7         0         0         
6    B         8         0.383286  0.488394  
12   B         8         0.464306  0.487384  
2    b         8         0.530255  0.556611  
10   b         8         0.530255  0.556611  
11   b         8         0.530255  0.556611  
5    b         8         0.530255  0.675667  
7    b         8         0.530255  0.675667  
1    C         8         0.530255  0.709251  
3    C         8         0.530255  0.709251  
4    C         8         0.530255  0.709251  
9    C         8         0.530255  0.709251  
13   C         8         0.530255  0.709251  
---------------------------------
---------------------------------

