4--8最大流值为：30
最可靠最大流分布概率为 ： 0.501316
状态划分算法消耗的内存为：4.96484
状态划分算法运行时间(ms) ： 9.45988
---------------------------------
流分布如下: 
---------------------------------
0   0   0   0   0   0   0   0   
0   0   0   0   30  0   0   0   
0   0   0   0   0   0   0   0   
0   30  0   0   0   0   0   0   
0   0   0   0   0   0   0   30  
0   0   0   0   0   0   0   0   
0   0   0   0   0   0   0   0   
0   0   0   0   0   0   0   0   
---------------------------------
关键边输出如下：
---------------------------------
11   A         0         0         0         
5    A         29        0         0         
9    B         30        0         0         
1    b         30        0.501316  0.501316  
7    b         30        0.501316  0.501316  
10   b         30        0.501316  0.501316  
12   b         30        0.501316  0.501316  
8    b         30        0.501316  0.523177  
6    b         30        0.501316  0.534744  
2    b         30        0.501316  0.539607  
13   b         30        0.501316  0.539607  
3    C         30        0.501316  0.539607  
4    C         30        0.501316  0.539607  
14   C         30        0.501316  0.539607  
---------------------------------
---------------------------------

4--8最大流值为：30
最可靠最大流分布概率为 ： 0.501316
状态划分算法消耗的内存为：20.7852
状态划分算法运行时间(ms) ： 9.13509
---------------------------------
流分布如下: 
---------------------------------
0   0   0   0   0   0   0   0   
0   0   0   0   30  0   0   0   
0   0   0   0   0   0   0   0   
0   30  0   0   0   0   0   0   
0   0   0   0   0   0   0   30  
0   0   0   0   0   0   0   0   
0   0   0   0   0   0   0   0   
0   0   0   0   0   0   0   0   
---------------------------------
关键边输出如下：
---------------------------------
11   A         0         0         0         
5    A         29        0         0         
9    B         30        0         0         
1    b         30        0.501316  0.501316  
7    b         30        0.501316  0.501316  
10   b         30        0.501316  0.501316  
12   b         30        0.501316  0.501316  
8    b         30        0.501316  0.523177  
6    b         30        0.501316  0.534744  
2    b         30        0.501316  0.539607  
13   b         30        0.501316  0.539607  
3    C         30        0.501316  0.539607  
4    C         30        0.501316  0.539607  
14   C         30        0.501316  0.539607  
---------------------------------
---------------------------------

4--8最大流值为：30
最可靠最大流分布概率为 ： 0.501316
状态划分算法消耗的内存为：20.7852
状态划分算法运行时间(ms) ： 9.0708
---------------------------------
流分布如下: 
---------------------------------
0   0   0   0   0   0   0   0   
0   0   0   0   30  0   0   0   
0   0   0   0   0   0   0   0   
0   30  0   0   0   0   0   0   
0   0   0   0   0   0   0   30  
0   0   0   0   0   0   0   0   
0   0   0   0   0   0   0   0   
0   0   0   0   0   0   0   0   
---------------------------------
关键边输出如下：
---------------------------------
11   A         0         0         0         
5    A         29        0         0         
9    B         30        0         0         
1    b         30        0.501316  0.501316  
7    b         30        0.501316  0.501316  
10   b         30        0.501316  0.501316  
12   b         30        0.501316  0.501316  
8    b         30        0.501316  0.523177  
6    b         30        0.501316  0.534744  
2    b         30        0.501316  0.539607  
13   b         30        0.501316  0.539607  
3    C         30        0.501316  0.539607  
4    C         30        0.501316  0.539607  
14   C         30        0.501316  0.539607  
---------------------------------
---------------------------------

4--8最大流值为：30
最可靠最大流分布概率为 ： 0.501316
状态划分算法消耗的内存为：4.98438
状态划分算法运行时间(ms) ： 9.28903
---------------------------------
流分布如下: 
---------------------------------
0   0   0   0   0   0   0   0   
0   0   0   0   30  0   0   0   
0   0   0   0   0   0   0   0   
0   30  0   0   0   0   0   0   
0   0   0   0   0   0   0   30  
0   0   0   0   0   0   0   0   
0   0   0   0   0   0   0   0   
0   0   0   0   0   0   0   0   
---------------------------------
关键边输出如下：
---------------------------------
11   A         0         0         0         
5    A         29        0         0         
9    B         30        0         0         
1    b         30        0.501316  0.501316  
7    b         30        0.501316  0.501316  
10   b         30        0.501316  0.501316  
12   b         30        0.501316  0.501316  
8    b         30        0.501316  0.523177  
6    b         30        0.501316  0.534744  
2    b         30        0.501316  0.539607  
13   b         30        0.501316  0.539607  
3    C         30        0.501316  0.539607  
4    C         30        0.501316  0.539607  
14   C         30        0.501316  0.539607  
---------------------------------
---------------------------------

4--8最大流值为：30
最可靠最大流分布概率为 ： 0.501316
状态划分算法消耗的内存为：4.98047
状态划分算法运行时间(ms) ： 9.09766
---------------------------------
流分布如下: 
---------------------------------
0   0   0   0   0   0   0   0   
0   0   0   0   30  0   0   0   
0   0   0   0   0   0   0   0   
0   30  0   0   0   0   0   0   
0   0   0   0   0   0   0   30  
0   0   0   0   0   0   0   0   
0   0   0   0   0   0   0   0   
0   0   0   0   0   0   0   0   
---------------------------------
关键边输出如下：
---------------------------------
11   A         0         0         0         
5    A         29        0         0         
9    B         30        0         0         
1    b         30        0.501316  0.501316  
7    b         30        0.501316  0.501316  
10   b         30        0.501316  0.501316  
12   b         30        0.501316  0.501316  
8    b         30        0.501316  0.523177  
6    b         30        0.501316  0.534744  
2    b         30        0.501316  0.539607  
13   b         30        0.501316  0.539607  
3    C         30        0.501316  0.539607  
4    C         30        0.501316  0.539607  
14   C         30        0.501316  0.539607  
---------------------------------
---------------------------------

4--8最大流值为：30
最可靠最大流分布概率为 ： 0.501316
状态划分算法消耗的内存为：20.7539
状态划分算法运行时间(ms) ： 9.2507
---------------------------------
流分布如下: 
---------------------------------
0   0   0   0   0   0   0   0   
0   0   0   0   30  0   0   0   
0   0   0   0   0   0   0   0   
0   30  0   0   0   0   0   0   
0   0   0   0   0   0   0   30  
0   0   0   0   0   0   0   0   
0   0   0   0   0   0   0   0   
0   0   0   0   0   0   0   0   
---------------------------------
关键边输出如下：
---------------------------------
11   A         0         0         0         
5    A         29        0         0         
9    B         30        0         0         
1    b         30        0.501316  0.501316  
7    b         30        0.501316  0.501316  
10   b         30        0.501316  0.501316  
12   b         30        0.501316  0.501316  
8    b         30        0.501316  0.523177  
6    b         30        0.501316  0.534744  
2    b         30        0.501316  0.539607  
13   b         30        0.501316  0.539607  
3    C         30        0.501316  0.539607  
4    C         30        0.501316  0.539607  
14   C         30        0.501316  0.539607  
---------------------------------
---------------------------------

4--8最大流值为：30
最可靠最大流分布概率为 ： 0.501316
状态划分算法消耗的内存为：4.95703
状态划分算法运行时间(ms) ： 9.22806
---------------------------------
流分布如下: 
---------------------------------
0   0   0   0   0   0   0   0   
0   0   0   0   30  0   0   0   
0   0   0   0   0   0   0   0   
0   30  0   0   0   0   0   0   
0   0   0   0   0   0   0   30  
0   0   0   0   0   0   0   0   
0   0   0   0   0   0   0   0   
0   0   0   0   0   0   0   0   
---------------------------------
关键边输出如下：
---------------------------------
11   A         0         0         0         
5    A         29        0         0         
9    B         30        0         0         
1    b         30        0.501316  0.501316  
7    b         30        0.501316  0.501316  
10   b         30        0.501316  0.501316  
12   b         30        0.501316  0.501316  
8    b         30        0.501316  0.523177  
6    b         30        0.501316  0.534744  
2    b         30        0.501316  0.539607  
13   b         30        0.501316  0.539607  
3    C         30        0.501316  0.539607  
4    C         30        0.501316  0.539607  
14   C         30        0.501316  0.539607  
---------------------------------
---------------------------------

4--8最大流值为：30
最可靠最大流分布概率为 ： 0.501316
状态划分算法消耗的内存为：4.97656
状态划分算法运行时间(ms) ： 9.43784
---------------------------------
流分布如下: 
---------------------------------
0   0   0   0   0   0   0   0   
0   0   0   0   30  0   0   0   
0   0   0   0   0   0   0   0   
0   30  0   0   0   0   0   0   
0   0   0   0   0   0   0   30  
0   0   0   0   0   0   0   0   
0   0   0   0   0   0   0   0   
0   0   0   0   0   0   0   0   
---------------------------------
关键边输出如下：
---------------------------------
11   A         0         0         0         
5    A         29        0         0         
9    B         30        0         0         
1    b         30        0.501316  0.501316  
7    b         30        0.501316  0.501316  
10   b         30        0.501316  0.501316  
12   b         30        0.501316  0.501316  
8    b         30        0.501316  0.523177  
6    b         30        0.501316  0.534744  
2    b         30        0.501316  0.539607  
13   b         30        0.501316  0.539607  
3    C         30        0.501316  0.539607  
4    C         30        0.501316  0.539607  
14   C         30        0.501316  0.539607  
---------------------------------
---------------------------------

4--8最大流值为：30
最可靠最大流分布概率为 ： 0.501316
状态划分算法消耗的内存为：4.98438
状态划分算法运行时间(ms) ： 9.42335
---------------------------------
流分布如下: 
---------------------------------
0   0   0   0   0   0   0   0   
0   0   0   0   30  0   0   0   
0   0   0   0   0   0   0   0   
0   30  0   0   0   0   0   0   
0   0   0   0   0   0   0   30  
0   0   0   0   0   0   0   0   
0   0   0   0   0   0   0   0   
0   0   0   0   0   0   0   0   
---------------------------------
关键边输出如下：
---------------------------------
11   A         0         0         0         
5    A         29        0         0         
9    B         30        0         0         
1    b         30        0.501316  0.501316  
7    b         30        0.501316  0.501316  
10   b         30        0.501316  0.501316  
12   b         30        0.501316  0.501316  
8    b         30        0.501316  0.523177  
6    b         30        0.501316  0.534744  
2    b         30        0.501316  0.539607  
13   b         30        0.501316  0.539607  
3    C         30        0.501316  0.539607  
4    C         30        0.501316  0.539607  
14   C         30        0.501316  0.539607  
---------------------------------
---------------------------------

4--8最大流值为：30
最可靠最大流分布概率为 ： 0.501316
状态划分算法消耗的内存为：20.7813
状态划分算法运行时间(ms) ： 9.19757
---------------------------------
流分布如下: 
---------------------------------
0   0   0   0   0   0   0   0   
0   0   0   0   30  0   0   0   
0   0   0   0   0   0   0   0   
0   30  0   0   0   0   0   0   
0   0   0   0   0   0   0   30  
0   0   0   0   0   0   0   0   
0   0   0   0   0   0   0   0   
0   0   0   0   0   0   0   0   
---------------------------------
关键边输出如下：
---------------------------------
11   A         0         0         0         
5    A         29        0         0         
9    B         30        0         0         
1    b         30        0.501316  0.501316  
7    b         30        0.501316  0.501316  
10   b         30        0.501316  0.501316  
12   b         30        0.501316  0.501316  
8    b         30        0.501316  0.523177  
6    b         30        0.501316  0.534744  
2    b         30        0.501316  0.539607  
13   b         30        0.501316  0.539607  
3    C         30        0.501316  0.539607  
4    C         30        0.501316  0.539607  
14   C         30        0.501316  0.539607  
---------------------------------
---------------------------------

