8--3最大流值为：57
最可靠最大流分布概率为 ： 0.0748666
状态划分算法消耗的内存为：4.94141
状态划分算法运行时间(ms) ： 10.3476
---------------------------------
流分布如下: 
---------------------------------
0   20  0   0   0   12  0   0   
0   0   20  0   0   0   0   0   
0   0   0   0   0   0   0   0   
0   0   21  0   0   0   0   0   
0   0   0   0   0   0   0   0   
0   0   12  0   0   0   0   0   
0   0   0   0   0   0   0   0   
32  0   4   21  0   0   0   0   
---------------------------------
关键边输出如下：
---------------------------------
12   A         25        0         0         
6    A         36        0.161919  0.161919  
14   A         36        0.161919  0.161919  
4    A         37        0.137641  0.137641  
1    A         37        0.137641  0.152026  
2    A         45        0.127068  0.127068  
10   A         45        0.127068  0.127068  
13   A         53        0         0         
3    C         57        0.0748666 0.0748666 
5    C         57        0.0748666 0.0748666 
7    C         57        0.0748666 0.0748666 
8    C         57        0.0748666 0.0748666 
9    C         57        0.0748666 0.0748666 
11   C         57        0.0748666 0.0748666 
---------------------------------
---------------------------------

8--3最大流值为：57
最可靠最大流分布概率为 ： 0.0748666
状态划分算法消耗的内存为：20.7617
状态划分算法运行时间(ms) ： 10.4554
---------------------------------
流分布如下: 
---------------------------------
0   20  0   0   0   12  0   0   
0   0   20  0   0   0   0   0   
0   0   0   0   0   0   0   0   
0   0   21  0   0   0   0   0   
0   0   0   0   0   0   0   0   
0   0   12  0   0   0   0   0   
0   0   0   0   0   0   0   0   
32  0   4   21  0   0   0   0   
---------------------------------
关键边输出如下：
---------------------------------
12   A         25        0         0         
6    A         36        0.161919  0.161919  
14   A         36        0.161919  0.161919  
4    A         37        0.137641  0.137641  
1    A         37        0.137641  0.152026  
2    A         45        0.127068  0.127068  
10   A         45        0.127068  0.127068  
13   A         53        0         0         
3    C         57        0.0748666 0.0748666 
5    C         57        0.0748666 0.0748666 
7    C         57        0.0748666 0.0748666 
8    C         57        0.0748666 0.0748666 
9    C         57        0.0748666 0.0748666 
11   C         57        0.0748666 0.0748666 
---------------------------------
---------------------------------

8--3最大流值为：57
最可靠最大流分布概率为 ： 0.0748666
状态划分算法消耗的内存为：20.7656
状态划分算法运行时间(ms) ： 10.3793
---------------------------------
流分布如下: 
---------------------------------
0   20  0   0   0   12  0   0   
0   0   20  0   0   0   0   0   
0   0   0   0   0   0   0   0   
0   0   21  0   0   0   0   0   
0   0   0   0   0   0   0   0   
0   0   12  0   0   0   0   0   
0   0   0   0   0   0   0   0   
32  0   4   21  0   0   0   0   
---------------------------------
关键边输出如下：
---------------------------------
12   A         25        0         0         
6    A         36        0.161919  0.161919  
14   A         36        0.161919  0.161919  
4    A         37        0.137641  0.137641  
1    A         37        0.137641  0.152026  
2    A         45        0.127068  0.127068  
10   A         45        0.127068  0.127068  
13   A         53        0         0         
3    C         57        0.0748666 0.0748666 
5    C         57        0.0748666 0.0748666 
7    C         57        0.0748666 0.0748666 
8    C         57        0.0748666 0.0748666 
9    C         57        0.0748666 0.0748666 
11   C         57        0.0748666 0.0748666 
---------------------------------
---------------------------------

8--3最大流值为：57
最可靠最大流分布概率为 ： 0.0748666
状态划分算法消耗的内存为：4.90625
状态划分算法运行时间(ms) ： 10.3171
---------------------------------
流分布如下: 
---------------------------------
0   20  0   0   0   12  0   0   
0   0   20  0   0   0   0   0   
0   0   0   0   0   0   0   0   
0   0   21  0   0   0   0   0   
0   0   0   0   0   0   0   0   
0   0   12  0   0   0   0   0   
0   0   0   0   0   0   0   0   
32  0   4   21  0   0   0   0   
---------------------------------
关键边输出如下：
---------------------------------
12   A         25        0         0         
6    A         36        0.161919  0.161919  
14   A         36        0.161919  0.161919  
4    A         37        0.137641  0.137641  
1    A         37        0.137641  0.152026  
2    A         45        0.127068  0.127068  
10   A         45        0.127068  0.127068  
13   A         53        0         0         
3    C         57        0.0748666 0.0748666 
5    C         57        0.0748666 0.0748666 
7    C         57        0.0748666 0.0748666 
8    C         57        0.0748666 0.0748666 
9    C         57        0.0748666 0.0748666 
11   C         57        0.0748666 0.0748666 
---------------------------------
---------------------------------

8--3最大流值为：57
最可靠最大流分布概率为 ： 0.0748666
状态划分算法消耗的内存为：20.7891
状态划分算法运行时间(ms) ： 10.4309
---------------------------------
流分布如下: 
---------------------------------
0   20  0   0   0   12  0   0   
0   0   20  0   0   0   0   0   
0   0   0   0   0   0   0   0   
0   0   21  0   0   0   0   0   
0   0   0   0   0   0   0   0   
0   0   12  0   0   0   0   0   
0   0   0   0   0   0   0   0   
32  0   4   21  0   0   0   0   
---------------------------------
关键边输出如下：
---------------------------------
12   A         25        0         0         
6    A         36        0.161919  0.161919  
14   A         36        0.161919  0.161919  
4    A         37        0.137641  0.137641  
1    A         37        0.137641  0.152026  
2    A         45        0.127068  0.127068  
10   A         45        0.127068  0.127068  
13   A         53        0         0         
3    C         57        0.0748666 0.0748666 
5    C         57        0.0748666 0.0748666 
7    C         57        0.0748666 0.0748666 
8    C         57        0.0748666 0.0748666 
9    C         57        0.0748666 0.0748666 
11   C         57        0.0748666 0.0748666 
---------------------------------
---------------------------------

8--3最大流值为：57
最可靠最大流分布概率为 ： 0.0748666
状态划分算法消耗的内存为：20.7852
状态划分算法运行时间(ms) ： 10.5103
---------------------------------
流分布如下: 
---------------------------------
0   20  0   0   0   12  0   0   
0   0   20  0   0   0   0   0   
0   0   0   0   0   0   0   0   
0   0   21  0   0   0   0   0   
0   0   0   0   0   0   0   0   
0   0   12  0   0   0   0   0   
0   0   0   0   0   0   0   0   
32  0   4   21  0   0   0   0   
---------------------------------
关键边输出如下：
---------------------------------
12   A         25        0         0         
6    A         36        0.161919  0.161919  
14   A         36        0.161919  0.161919  
4    A         37        0.137641  0.137641  
1    A         37        0.137641  0.152026  
2    A         45        0.127068  0.127068  
10   A         45        0.127068  0.127068  
13   A         53        0         0         
3    C         57        0.0748666 0.0748666 
5    C         57        0.0748666 0.0748666 
7    C         57        0.0748666 0.0748666 
8    C         57        0.0748666 0.0748666 
9    C         57        0.0748666 0.0748666 
11   C         57        0.0748666 0.0748666 
---------------------------------
---------------------------------

8--3最大流值为：57
最可靠最大流分布概率为 ： 0.0748666
状态划分算法消耗的内存为：4.89844
状态划分算法运行时间(ms) ： 10.3072
---------------------------------
流分布如下: 
---------------------------------
0   20  0   0   0   12  0   0   
0   0   20  0   0   0   0   0   
0   0   0   0   0   0   0   0   
0   0   21  0   0   0   0   0   
0   0   0   0   0   0   0   0   
0   0   12  0   0   0   0   0   
0   0   0   0   0   0   0   0   
32  0   4   21  0   0   0   0   
---------------------------------
关键边输出如下：
---------------------------------
12   A         25        0         0         
6    A         36        0.161919  0.161919  
14   A         36        0.161919  0.161919  
4    A         37        0.137641  0.137641  
1    A         37        0.137641  0.152026  
2    A         45        0.127068  0.127068  
10   A         45        0.127068  0.127068  
13   A         53        0         0         
3    C         57        0.0748666 0.0748666 
5    C         57        0.0748666 0.0748666 
7    C         57        0.0748666 0.0748666 
8    C         57        0.0748666 0.0748666 
9    C         57        0.0748666 0.0748666 
11   C         57        0.0748666 0.0748666 
---------------------------------
---------------------------------

8--3最大流值为：57
最可靠最大流分布概率为 ： 0.0748666
状态划分算法消耗的内存为：20.7891
状态划分算法运行时间(ms) ： 11.3057
---------------------------------
流分布如下: 
---------------------------------
0   20  0   0   0   12  0   0   
0   0   20  0   0   0   0   0   
0   0   0   0   0   0   0   0   
0   0   21  0   0   0   0   0   
0   0   0   0   0   0   0   0   
0   0   12  0   0   0   0   0   
0   0   0   0   0   0   0   0   
32  0   4   21  0   0   0   0   
---------------------------------
关键边输出如下：
---------------------------------
12   A         25        0         0         
6    A         36        0.161919  0.161919  
14   A         36        0.161919  0.161919  
4    A         37        0.137641  0.137641  
1    A         37        0.137641  0.152026  
2    A         45        0.127068  0.127068  
10   A         45        0.127068  0.127068  
13   A         53        0         0         
3    C         57        0.0748666 0.0748666 
5    C         57        0.0748666 0.0748666 
7    C         57        0.0748666 0.0748666 
8    C         57        0.0748666 0.0748666 
9    C         57        0.0748666 0.0748666 
11   C         57        0.0748666 0.0748666 
---------------------------------
---------------------------------

8--3最大流值为：57
最可靠最大流分布概率为 ： 0.0748666
状态划分算法消耗的内存为：4.92969
状态划分算法运行时间(ms) ： 10.1928
---------------------------------
流分布如下: 
---------------------------------
0   20  0   0   0   12  0   0   
0   0   20  0   0   0   0   0   
0   0   0   0   0   0   0   0   
0   0   21  0   0   0   0   0   
0   0   0   0   0   0   0   0   
0   0   12  0   0   0   0   0   
0   0   0   0   0   0   0   0   
32  0   4   21  0   0   0   0   
---------------------------------
关键边输出如下：
---------------------------------
12   A         25        0         0         
6    A         36        0.161919  0.161919  
14   A         36        0.161919  0.161919  
4    A         37        0.137641  0.137641  
1    A         37        0.137641  0.152026  
2    A         45        0.127068  0.127068  
10   A         45        0.127068  0.127068  
13   A         53        0         0         
3    C         57        0.0748666 0.0748666 
5    C         57        0.0748666 0.0748666 
7    C         57        0.0748666 0.0748666 
8    C         57        0.0748666 0.0748666 
9    C         57        0.0748666 0.0748666 
11   C         57        0.0748666 0.0748666 
---------------------------------
---------------------------------

8--3最大流值为：57
最可靠最大流分布概率为 ： 0.0748666
状态划分算法消耗的内存为：4.9375
状态划分算法运行时间(ms) ： 10.2571
---------------------------------
流分布如下: 
---------------------------------
0   20  0   0   0   12  0   0   
0   0   20  0   0   0   0   0   
0   0   0   0   0   0   0   0   
0   0   21  0   0   0   0   0   
0   0   0   0   0   0   0   0   
0   0   12  0   0   0   0   0   
0   0   0   0   0   0   0   0   
32  0   4   21  0   0   0   0   
---------------------------------
关键边输出如下：
---------------------------------
12   A         25        0         0         
6    A         36        0.161919  0.161919  
14   A         36        0.161919  0.161919  
4    A         37        0.137641  0.137641  
1    A         37        0.137641  0.152026  
2    A         45        0.127068  0.127068  
10   A         45        0.127068  0.127068  
13   A         53        0         0         
3    C         57        0.0748666 0.0748666 
5    C         57        0.0748666 0.0748666 
7    C         57        0.0748666 0.0748666 
8    C         57        0.0748666 0.0748666 
9    C         57        0.0748666 0.0748666 
11   C         57        0.0748666 0.0748666 
---------------------------------
---------------------------------

