g    #    4
s    8    14
e    1    5    25    0.565745    1
e    1    7    12    0.677158    2
e    2    1    33    0.563811    3
e    2    3    20    0.961438    4
e    2    5    37    0.85895    5
e    3    1    36    0.508487    6
e    3    6    20    0.829523    7
e    4    1    22    0.777522    8
e    4    2    33    0.728042    9
e    4    3    32    0.870085    10
e    5    8    30    0.801654    11
e    6    2    39    0.562252    12
e    7    5    4    0.898615    13
e    8    6    21    0.909306    14
g    #    0



