g    #    1
s    14    26
e    1    8    5    0.737241    1
e    1    11    8    0.563757    2
e    2    5    19    0.557873    3
e    2    9    31    0.876464    4
e    3    5    40    0.853342    5
e    3    7    2    0.762761    6
e    4    1    33    0.572966    7
e    4    8    18    0.741421    8
e    4    9    22    0.52563    9
e    4    10    9    0.840273    10
e    5    4    4    0.603786    11
e    7    11    13    0.97086    12
e    7    13    27    0.699002    13
e    7    14    6    0.970096    14
e    8    10    4    0.786104    15
e    9    3    27    0.75673    16
e    10    2    35    0.864576    17
e    11    3    33    0.505478    18
e    12    3    32    0.709817    19
e    12    5    24    0.52671    20
e    12    9    38    0.584533    21
e    12    10    6    0.750842    22
e    13    8    3    0.78615    23
e    13    12    10    0.621963    24
e    14    2    1    0.857289    25
e    14    10    20    0.599709    26
g    #    2
s    14    26
e    1    8    5    0.737241    1
e    1    11    8    0.563757    2
e    2    5    19    0.557873    3
e    2    9    31    0.876464    4
e    3    5    40    0.853342    5
e    3    7    2    0.762761    6
e    4    1    33    0.572966    7
e    4    8    18    0.741421    8
e    4    9    22    0.52563    9
e    4    10    9    0.840273    10
e    5    4    4    0.603786    11
e    7    11    13    0.97086    12
e    7    13    27    0.699002    13
e    7    14    6    0.970096    14
e    8    10    4    0.786104    15
e    9    3    27    0.75673    16
e    10    2    35    0.864576    17
e    11    3    33    0.505478    18
e    12    3    32    0.709817    19
e    12    5    24    0.52671    20
e    12    9    38    0.584533    21
e    12    10    6    0.750842    22
e    13    8    3    0.78615    23
e    13    12    10    0.621963    24
e    14    2    1    0.857289    25
e    14    10    20    0.599709    26
g    #    3
s    14    26
e    1    8    5    0.737241    1
e    1    11    8    0.563757    2
e    2    5    19    0.557873    3
e    2    9    31    0.876464    4
e    3    5    40    0.853342    5
e    3    7    2    0.762761    6
e    4    1    33    0.572966    7
e    4    8    18    0.741421    8
e    4    9    22    0.52563    9
e    4    10    9    0.840273    10
e    5    4    4    0.603786    11
e    7    11    13    0.97086    12
e    7    13    27    0.699002    13
e    7    14    6    0.970096    14
e    8    10    4    0.786104    15
e    9    3    27    0.75673    16
e    10    2    35    0.864576    17
e    11    3    33    0.505478    18
e    12    3    32    0.709817    19
e    12    5    24    0.52671    20
e    12    9    38    0.584533    21
e    12    10    6    0.750842    22
e    13    8    3    0.78615    23
e    13    12    10    0.621963    24
e    14    2    1    0.857289    25
e    14    10    20    0.599709    26
g    #    4
s    14    26
e    1    8    5    0.737241    1
e    1    11    8    0.563757    2
e    2    5    19    0.557873    3
e    2    9    31    0.876464    4
e    3    5    40    0.853342    5
e    3    7    2    0.762761    6
e    4    1    33    0.572966    7
e    4    8    18    0.741421    8
e    4    9    22    0.52563    9
e    4    10    9    0.840273    10
e    5    4    4    0.603786    11
e    7    11    13    0.97086    12
e    7    13    27    0.699002    13
e    7    14    6    0.970096    14
e    8    10    4    0.786104    15
e    9    3    27    0.75673    16
e    10    2    35    0.864576    17
e    11    3    33    0.505478    18
e    12    3    32    0.709817    19
e    12    5    24    0.52671    20
e    12    9    38    0.584533    21
e    12    10    6    0.750842    22
e    13    8    3    0.78615    23
e    13    12    10    0.621963    24
e    14    2    1    0.857289    25
e    14    10    20    0.599709    26
g    #    5
s    14    26
e    1    8    5    0.737241    1
e    1    11    8    0.563757    2
e    2    5    19    0.557873    3
e    2    9    31    0.876464    4
e    3    5    40    0.853342    5
e    3    7    2    0.762761    6
e    4    1    33    0.572966    7
e    4    8    18    0.741421    8
e    4    9    22    0.52563    9
e    4    10    9    0.840273    10
e    5    4    4    0.603786    11
e    7    11    13    0.97086    12
e    7    13    27    0.699002    13
e    7    14    6    0.970096    14
e    8    10    4    0.786104    15
e    9    3    27    0.75673    16
e    10    2    35    0.864576    17
e    11    3    33    0.505478    18
e    12    3    32    0.709817    19
e    12    5    24    0.52671    20
e    12    9    38    0.584533    21
e    12    10    6    0.750842    22
e    13    8    3    0.78615    23
e    13    12    10    0.621963    24
e    14    2    1    0.857289    25
e    14    10    20    0.599709    26
g    #    0




