g	#	1
s	16	64
e	1	14	29	0.977976	1
e	1	12	79	0.717526	2
e	1	8	92	0.614046	3
e	1	14	71	0.59482		4
e	1	16	40	0.914007	5
e	1	10	2	0.740037	6
e	1	11	17	0.784118	7
e	2	14	7	0.86456		8
e	2	12	84	0.586478	9
e	2	8	52	0.743786	10
e	2	14	1	0.71017		11
e	2	5	45	0.647421	12
e	3	7	22	0.984725	13
e	3	4	50	0.877642	14
e	3	14	16	0.647293	15
e	5	6	45	0.639494	16
e	5	8	32	0.947203	17
e	5	16	73	0.681239	18
e	5	6	85	0.957761	19
e	5	4	15	0.782047	20
e	5	12	39	0.858535	21
e	5	6	99	0.674217	22
e	5	1	6	0.640704	23
e	6	11	76	0.9813		24
e	6	14	41	0.746173	25
e	6	16	90	0.674281	26
e	7	5	18	0.770978	27
e	7	1	13	0.687496	28
e	7	8	16	0.906617	29
e	8	15	79	0.529944	30
e	8	15	82	0.813196	31
e	8	10	10	0.99027		32
e	8	7	34	0.964003	33
e	8	13	58	0.94503		34
e	9	11	76	0.561973	35
e	9	12	46	0.545494	36
e	9	13	42	0.631408	37
e	10	16	55	0.503109	38
e	10	9	81	0.525675	39
e	10	5	12	0.545906	40
e	10	7	87	0.725606	41
e	10	15	4	0.892124	42
e	10	3	70	0.606879	43
e	10	8	40	0.874213	44
e	11	7	41	0.701714	45
e	11	4	7	0.831656	46
e	11	6	2	0.637492	47
e	11	14	16	0.852739	48
e	11	12	12	0.991997	49
e	12	15	45	0.737919	50
e	12	16	70	0.880085	51
e	12	13	16	0.879901	52
e	12	7	78	0.9366		53
e	13	16	16	0.82604		54
e	13	16	84	0.709028	55
e	13	1	63	0.673524	56
e	14	7	35	0.559985	57
e	14	4	8	0.886852	58
e	14	2	93	0.997805	59
e	15	12	86	0.934252	60
e	15	12	0	0.504817	61
e	15	4	77	0.960641	62
e	16	9	71	0.881654	63
e	16	14	41	0.80812		64
g	#	0