g    #    5
s    8    14
e    1    6    25    0.565745    1
e    1    7    12    0.677158    2
e    2    6    33    0.563811    3
e    2    7    20    0.961438    4
e    3    2    37    0.85895    5
e    4    3    36    0.508487    6
e    4    6    20    0.829523    7
e    5    2    22    0.777522    8
e    6    7    33    0.728042    9
e    6    8    32    0.870085    10
e    7    4    30    0.801654    11
e    7    5    39    0.562252    12
e    8    4    4    0.898615    13
e    8    7    21    0.909306    14
g    #    0



