g    #    1
s    14    26 
e    1    8    10    0.849268    1
e    1    11    15    0.829234    2
e    2    5    39    0.829895    3
e    2    9    33    0.805708    4
e    3    5    7    0.747448    5
e    3    7    26    0.842944    6
e    4    1    26    0.55417    7
e    4    8    37    0.615026    8
e    4    9    14    0.712751    9
e    4    10    26    0.900984    10
e    5    4    19    0.828818    11
e    7    11    7    0.693176    12
e    7    13    19    0.656849    13
e    7    14    33    0.89825    14
e    8    10    1    0.971022    15
e    9    3    9    0.821782    16
e    10    2    11    0.851002    17
e    11    3    4    0.711575    18
e    12    3    37    0.888135    19
e    12    5    29    0.806587    20
e    12    9    11    0.980746    21
e    12    10    38    0.775293    22
e    13    8    21    0.879652    23
e    13    12    23    0.955112    24
e    14    2    18    0.770668    25
e    14    10    23    0.504924    26
g    #    2
s    14    26  
e    1    8    10    0.849268    1
e    1    11    15    0.829234    2
e    2    5    39    0.829895    3
e    2    9    33    0.805708    4
e    3    5    7    0.747448    5
e    3    7    26    0.842944    6
e    4    1    26    0.55417    7
e    4    8    37    0.615026    8
e    4    9    14    0.712751    9
e    4    10    26    0.900984    10
e    5    4    19    0.828818    11
e    7    11    7    0.693176    12
e    7    13    19    0.656849    13
e    7    14    33    0.89825    14
e    8    10    1    0.971022    15
e    9    3    9    0.821782    16
e    10    2    11    0.851002    17
e    11    3    4    0.711575    18
e    12    3    37    0.888135    19
e    12    5    29    0.806587    20
e    12    9    11    0.980746    21
e    12    10    38    0.775293    22
e    13    8    21    0.879652    23
e    13    12    23    0.955112    24
e    14    2    18    0.770668    25
e    14    10    23    0.504924    26
g    #    3
s    14    26  
e    1    8    10    0.849268    1
e    1    11    15    0.829234    2
e    2    5    39    0.829895    3
e    2    9    33    0.805708    4
e    3    5    7    0.747448    5
e    3    7    26    0.842944    6
e    4    1    26    0.55417    7
e    4    8    37    0.615026    8
e    4    9    14    0.712751    9
e    4    10    26    0.900984    10
e    5    4    19    0.828818    11
e    7    11    7    0.693176    12
e    7    13    19    0.656849    13
e    7    14    33    0.89825    14
e    8    10    1    0.971022    15
e    9    3    9    0.821782    16
e    10    2    11    0.851002    17
e    11    3    4    0.711575    18
e    12    3    37    0.888135    19
e    12    5    29    0.806587    20
e    12    9    11    0.980746    21
e    12    10    38    0.775293    22
e    13    8    21    0.879652    23
e    13    12    23    0.955112    24
e    14    2    18    0.770668    25
e    14    10    23    0.504924    26
g    #    4
s    14    26  
e    1    8    10    0.849268    1
e    1    11    15    0.829234    2
e    2    5    39    0.829895    3
e    2    9    33    0.805708    4
e    3    5    7    0.747448    5
e    3    7    26    0.842944    6
e    4    1    26    0.55417    7
e    4    8    37    0.615026    8
e    4    9    14    0.712751    9
e    4    10    26    0.900984    10
e    5    4    19    0.828818    11
e    7    11    7    0.693176    12
e    7    13    19    0.656849    13
e    7    14    33    0.89825    14
e    8    10    1    0.971022    15
e    9    3    9    0.821782    16
e    10    2    11    0.851002    17
e    11    3    4    0.711575    18
e    12    3    37    0.888135    19
e    12    5    29    0.806587    20
e    12    9    11    0.980746    21
e    12    10    38    0.775293    22
e    13    8    21    0.879652    23
e    13    12    23    0.955112    24
e    14    2    18    0.770668    25
e    14    10    23    0.504924    26
g    #    5
s    14    26   
e    1    8    10    0.849268    1
e    1    11    15    0.829234    2
e    2    5    39    0.829895    3
e    2    9    33    0.805708    4
e    3    5    7    0.747448    5
e    3    7    26    0.842944    6
e    4    1    26    0.55417    7
e    4    8    37    0.615026    8
e    4    9    14    0.712751    9
e    4    10    26    0.900984    10
e    5    4    19    0.828818    11
e    7    11    7    0.693176    12
e    7    13    19    0.656849    13
e    7    14    33    0.89825    14
e    8    10    1    0.971022    15
e    9    3    9    0.821782    16
e    10    2    11    0.851002    17
e    11    3    4    0.711575    18
e    12    3    37    0.888135    19
e    12    5    29    0.806587    20
e    12    9    11    0.980746    21
e    12    10    38    0.775293    22
e    13    8    21    0.879652    23
e    13    12    23    0.955112    24
e    14    2    18    0.770668    25
e    14    10    23    0.504924    26
g    #    0
