g	#	1
s	15	32
e	1	13	15	0.732164	1
e	1	7	15	0.754786	2
e	3	13	15	0.838452	3
e	4	5	15	0.925352	4
e	4	15	15	0.997814	5
e	4	2	15	0.711438	6
e	5	4	15	0.946158	7
e	5	8	15	0.83326	8
e	5	15	15	0.862856	9
e	5	4	15	0.765205	10
e	6	9	15	0.722971	11
e	7	5	15	0.791242	12
e	7	14	15	0.898846	13
e	7	3	15	0.741484	14
e	8	13	15	0.725048	15
e	8	15	15	0.899645	16
e	9	8	15	0.955604	17
e	9	4	15	0.945617	18
e	10	3	15	0.937901	19
e	10	7	15	0.87851	20
e	11	12	15	0.982643	21
e	11	4	15	0.740746	22
e	11	14	15	0.718564	23
e	12	3	15	0.772934	24
e	13	14	15	0.705213	25
e	13	12	15	0.84703	26
e	13	10	15	0.748086	27
e	14	8	15	0.856293	28
e	14	7	15	0.929017	29
e	14	5	15	0.859155	30
e	15	11	15	0.70088	31
e	15	11	15	0.76397	32
g	#	0
