6--1最大流值为：197
最可靠最大流分布概率为 ： 0.106993
状态划分算法消耗的内存为：0.753906
状态划分算法运行时间(ms) ： 5.59699e+007
---------------------------------
流分布如下: 
---------------------------------
0   0   0   0   0   0   0   0   0   0   0   0   0   0   0   0   
0   0   0   0   0   0   0   0   0   0   0   0   0   0   0   0   
0   0   0   0   0   0   0   0   0   0   0   0   0   0   0   0   
0   0   0   0   0   0   0   0   0   12  0   0   0   0   0   0   
80  0   0   0   0   0   12  0   0   0   0   0   0   0   0   0   
93  0   0   12  85  0   0   0   0   0   0   7   0   0   0   0   
0   0   0   0   0   0   0   0   0   0   0   0   0   0   12  0   
0   0   0   0   0   0   0   0   0   0   0   0   0   0   0   0   
0   0   0   0   0   0   0   0   0   0   0   0   0   0   0   0   
12  0   0   0   0   0   0   0   0   0   0   0   0   0   0   0   
0   0   0   0   0   0   0   0   0   0   0   0   0   0   0   0   
0   0   0   0   7   0   0   0   0   0   0   0   0   0   0   0   
0   0   0   0   0   0   0   0   0   0   0   0   0   0   0   0   
0   0   0   0   0   0   0   0   0   0   0   0   0   0   0   0   
12  0   0   0   0   0   0   0   0   0   0   0   0   0   0   0   
0   0   0   0   0   0   0   0   0   0   0   0   0   0   0   0   
---------------------------------
关键边输出如下：
---------------------------------
---------------------------------
---------------------------------

6--1最大流值为：197
最可靠最大流分布概率为 ： 0.106993
状态划分算法消耗的内存为：2.46875
状态划分算法运行时间(ms) ： 5.23291e+007
---------------------------------
流分布如下: 
---------------------------------
0   0   0   0   0   0   0   0   0   0   0   0   0   0   0   0   
0   0   0   0   0   0   0   0   0   0   0   0   0   0   0   0   
0   0   0   0   0   0   0   0   0   0   0   0   0   0   0   0   
0   0   0   0   0   0   0   0   0   12  0   0   0   0   0   0   
80  0   0   0   0   0   12  0   0   0   0   0   0   0   0   0   
93  0   0   12  85  0   0   0   0   0   0   7   0   0   0   0   
0   0   0   0   0   0   0   0   0   0   0   0   0   0   12  0   
0   0   0   0   0   0   0   0   0   0   0   0   0   0   0   0   
0   0   0   0   0   0   0   0   0   0   0   0   0   0   0   0   
12  0   0   0   0   0   0   0   0   0   0   0   0   0   0   0   
0   0   0   0   0   0   0   0   0   0   0   0   0   0   0   0   
0   0   0   0   7   0   0   0   0   0   0   0   0   0   0   0   
0   0   0   0   0   0   0   0   0   0   0   0   0   0   0   0   
0   0   0   0   0   0   0   0   0   0   0   0   0   0   0   0   
12  0   0   0   0   0   0   0   0   0   0   0   0   0   0   0   
0   0   0   0   0   0   0   0   0   0   0   0   0   0   0   0   
---------------------------------
