
 generation best average standard 
 number value fitness deviation 

    1, 0.000000, 0.000000, -1.#IND00 
    2, 0.000001, 0.000001, 0.000000 
    3, 0.000005, 0.000003, 0.000002 
    4, 0.000018, 0.000011, 0.000006 
    5, 0.000049, 0.000031, 0.000020 
    6, 0.000053, 0.000028, 0.000020 
    7, 0.000099, 0.000052, 0.000036 
    8, 0.000099, 0.000054, 0.000034 
    9, 0.000099, 0.000051, 0.000041 
   10, 0.000099, 0.000058, 0.000032 
   11, 0.000132, 0.000076, 0.000052 
   12, 0.000132, 0.000103, 0.000046 
   13, 0.000132, 0.000068, 0.000046 
   14, 0.000132, 0.000087, 0.000046 
   15, 0.000132, 0.000084, 0.000051 
   16, 0.000132, 0.000080, 0.000060 
   17, 0.000143, 0.000090, 0.000052 
   18, 0.000191, 0.000115, 0.000070 
   19, 0.000191, 0.000114, 0.000058 
   20, 0.000191, 0.000123, 0.000066 
   21, 0.000191, 0.000113, 0.000068 
   22, 0.000191, 0.000131, 0.000067 
   23, 0.000191, 0.000096, 0.000060 
   24, 0.000191, 0.000118, 0.000087 
   25, 0.000191, 0.000112, 0.000069 
   26, 0.000225, 0.000141, 0.000099 
   27, 0.000225, 0.000216, 0.000043 
   28, 0.000225, 0.000133, 0.000061 
   29, 0.000225, 0.000157, 0.000087 
   30, 0.000225, 0.000131, 0.000077 
   31, 0.000225, 0.000123, 0.000081 
   32, 0.000225, 0.000124, 0.000085 
   33, 0.000225, 0.000156, 0.000090 
   34, 0.000225, 0.000126, 0.000073 
   35, 0.000225, 0.000117, 0.000076 
   36, 0.000225, 0.000115, 0.000089 
   37, 0.000225, 0.000132, 0.000093 
   38, 0.000225, 0.000133, 0.000094 
   39, 0.000225, 0.000121, 0.000078 
   40, 0.000225, 0.000135, 0.000088 
   41, 0.000225, 0.000129, 0.000094 
   42, 0.000225, 0.000129, 0.000101 
   43, 0.000225, 0.000144, 0.000089 
   44, 0.000225, 0.000144, 0.000075 
   45, 0.000225, 0.000107, 0.000087 
   46, 0.000225, 0.000155, 0.000085 
   47, 0.000225, 0.000154, 0.000089 
   48, 0.000374, 0.000230, 0.000164 
   49, 0.000374, 0.000205, 0.000123 
   50, 0.000374, 0.000213, 0.000124 
   51, 0.000374, 0.000210, 0.000140 
   52, 0.000374, 0.000251, 0.000165 
   53, 0.000374, 0.000272, 0.000156 
   54, 0.000374, 0.000227, 0.000131 
   55, 0.000374, 0.000145, 0.000106 
   56, 0.000374, 0.000221, 0.000130 
   57, 0.000374, 0.000253, 0.000163 
   58, 0.000374, 0.000272, 0.000138 
   59, 0.000374, 0.000236, 0.000158 
   60, 0.000386, 0.000249, 0.000131 
   61, 0.000386, 0.000228, 0.000125 
   62, 0.000386, 0.000183, 0.000154 
   63, 0.000386, 0.000290, 0.000134 
   64, 0.000386, 0.000273, 0.000167 
   65, 0.000386, 0.000222, 0.000160 
   66, 0.000386, 0.000244, 0.000148 
   67, 0.000386, 0.000257, 0.000148 
   68, 0.000556, 0.000395, 0.000221 
   69, 0.000556, 0.000336, 0.000242 
   70, 0.000556, 0.000272, 0.000220 
   71, 0.000556, 0.000339, 0.000193 
   72, 0.000556, 0.000386, 0.000222 
   73, 0.000556, 0.000334, 0.000201 
   74, 0.000556, 0.000336, 0.000217 
   75, 0.000556, 0.000424, 0.000216 
   76, 0.000556, 0.000269, 0.000226 
   77, 0.000556, 0.000330, 0.000233 
   78, 0.000556, 0.000285, 0.000227 
   79, 0.000556, 0.000386, 0.000188 
   80, 0.000556, 0.000306, 0.000244 
   81, 0.000556, 0.000409, 0.000218 
   82, 0.000556, 0.000451, 0.000202 
   83, 0.000556, 0.000419, 0.000160 
   84, 0.000556, 0.000390, 0.000178 
   85, 0.000556, 0.000287, 0.000243 
   86, 0.000556, 0.000437, 0.000205 
   87, 0.000556, 0.000341, 0.000246 
   88, 0.000556, 0.000294, 0.000200 
   89, 0.000556, 0.000418, 0.000200 
   90, 0.000556, 0.000324, 0.000224 
   91, 0.000556, 0.000453, 0.000210 
   92, 0.000556, 0.000339, 0.000174 
   93, 0.000556, 0.000470, 0.000148 
   94, 0.000556, 0.000402, 0.000170 
   95, 0.000556, 0.000307, 0.000243 
   96, 0.000556, 0.000393, 0.000241 
   97, 0.000556, 0.000300, 0.000241 
   98, 0.000556, 0.000358, 0.000207 
   99, 0.000556, 0.000350, 0.000202 
  100, 0.000556, 0.000287, 0.000226 
  101, 0.000556, 0.000336, 0.000193 
  102, 0.000556, 0.000294, 0.000217 
  103, 0.000556, 0.000377, 0.000219 
  104, 0.000556, 0.000398, 0.000210 
  105, 0.000556, 0.000369, 0.000217 
  106, 0.000605, 0.000352, 0.000207 
  107, 0.000605, 0.000382, 0.000233 
  108, 0.000605, 0.000396, 0.000203 
  109, 0.000605, 0.000347, 0.000254 
  110, 0.000605, 0.000411, 0.000231 
  111, 0.000605, 0.000394, 0.000247 
  112, 0.000605, 0.000389, 0.000258 
  113, 0.001230, 0.000804, 0.000529 
  114, 0.001230, 0.000587, 0.000519 
  115, 0.001230, 0.000759, 0.000560 
  116, 0.001230, 0.000795, 0.000522 
  117, 0.001230, 0.000662, 0.000532 
  118, 0.001230, 0.000643, 0.000549 
  119, 0.001230, 0.000628, 0.000543 
  120, 0.001230, 0.000863, 0.000518 
  121, 0.001230, 0.000721, 0.000446 
  122, 0.001230, 0.000557, 0.000514 
  123, 0.001230, 0.000739, 0.000544 
  124, 0.001230, 0.000751, 0.000529 
  125, 0.001230, 0.000743, 0.000516 
  126, 0.001230, 0.000879, 0.000407 
  127, 0.001230, 0.000849, 0.000337 
  128, 0.001230, 0.000785, 0.000531 
  129, 0.001230, 0.000753, 0.000421 
  130, 0.001230, 0.000766, 0.000411 
  131, 0.001230, 0.000758, 0.000544 
  132, 0.001230, 0.000783, 0.000513 
  133, 0.001230, 0.000816, 0.000460 
  134, 0.001230, 0.000571, 0.000546 
  135, 0.001230, 0.000715, 0.000476 
  136, 0.001230, 0.000754, 0.000482 
  137, 0.001230, 0.000741, 0.000541 
  138, 0.001230, 0.000582, 0.000433 
  139, 0.001230, 0.000809, 0.000543 
  140, 0.001230, 0.000683, 0.000437 
  141, 0.001230, 0.000830, 0.000465 
  142, 0.001230, 0.000562, 0.000450 
  143, 0.001230, 0.000683, 0.000462 
  144, 0.001230, 0.000777, 0.000492 
  145, 0.001230, 0.000647, 0.000471 
  146, 0.001230, 0.001071, 0.000397 
  147, 0.001230, 0.000643, 0.000548 
  148, 0.001230, 0.000506, 0.000489 
  149, 0.001230, 0.000862, 0.000518 
  150, 0.001230, 0.000660, 0.000439 
  151, 0.001230, 0.000722, 0.000524 
  152, 0.001230, 0.000986, 0.000463 
  153, 0.001230, 0.000869, 0.000399 
  154, 0.001230, 0.000789, 0.000435 
  155, 0.001230, 0.000876, 0.000462 
  156, 0.001230, 0.000917, 0.000437 
  157, 0.001230, 0.000874, 0.000504 
  158, 0.001230, 0.001021, 0.000379 
  159, 0.001230, 0.000786, 0.000436 
  160, 0.001230, 0.000761, 0.000419 
  161, 0.001230, 0.000818, 0.000487 
  162, 0.001230, 0.000867, 0.000495 
  163, 0.001230, 0.000796, 0.000443 
  164, 0.001230, 0.000689, 0.000479 
  165, 0.001230, 0.000676, 0.000486 
  166, 0.001230, 0.000816, 0.000536 
  167, 0.001230, 0.000621, 0.000425 
  168, 0.001230, 0.000831, 0.000481 
  169, 0.001230, 0.000710, 0.000478 
  170, 0.001230, 0.000673, 0.000507 
  171, 0.001230, 0.000664, 0.000483 
  172, 0.001230, 0.000502, 0.000472 
  173, 0.001230, 0.000523, 0.000495 
  174, 0.001230, 0.000724, 0.000483 
  175, 0.001230, 0.000764, 0.000485 
  176, 0.001230, 0.000832, 0.000537 
  177, 0.001230, 0.000909, 0.000520 
  178, 0.001230, 0.000568, 0.000435 
  179, 0.001230, 0.000905, 0.000503 
  180, 0.001230, 0.000836, 0.000402 
  181, 0.001230, 0.000867, 0.000494 
  182, 0.001258, 0.000973, 0.000450 
  183, 0.001258, 0.000716, 0.000570 
  184, 0.001258, 0.001008, 0.000477 
  185, 0.001258, 0.000819, 0.000468 
  186, 0.001258, 0.000816, 0.000460 
  187, 0.001258, 0.000811, 0.000518 
  188, 0.001258, 0.000848, 0.000512 
  189, 0.001258, 0.000717, 0.000528 
  190, 0.001258, 0.000823, 0.000563 
  191, 0.001440, 0.000822, 0.000586 
  192, 0.001440, 0.000676, 0.000569 
  193, 0.001440, 0.000771, 0.000600 
  194, 0.001440, 0.001029, 0.000455 
  195, 0.001440, 0.000768, 0.000597 
  196, 0.001440, 0.001184, 0.000353 
  197, 0.001440, 0.000723, 0.000546 
  198, 0.001440, 0.001023, 0.000593 
  199, 0.001440, 0.000717, 0.000570 
  200, 0.001440, 0.001086, 0.000431 
  201, 0.001440, 0.001135, 0.000446 
  202, 0.001440, 0.000836, 0.000526 
  203, 0.001440, 0.000711, 0.000609 
  204, 0.001440, 0.000779, 0.000616 
  205, 0.001440, 0.001000, 0.000574 
  206, 0.001440, 0.000723, 0.000527 
  207, 0.001440, 0.000800, 0.000629 
  208, 0.001440, 0.000720, 0.000576 
  209, 0.001440, 0.001055, 0.000624 
  210, 0.001440, 0.000793, 0.000486 
  211, 0.001440, 0.000924, 0.000641 
  212, 0.001440, 0.000736, 0.000633 
  213, 0.001440, 0.000933, 0.000631 
  214, 0.001440, 0.000724, 0.000620 
  215, 0.001440, 0.001328, 0.000386 
  216, 0.001440, 0.000899, 0.000467 
  217, 0.001440, 0.001045, 0.000583 
  218, 0.001440, 0.001062, 0.000586 
  219, 0.001440, 0.000867, 0.000564 
  220, 0.001440, 0.001034, 0.000628 
  221, 0.001440, 0.000819, 0.000635 
  222, 0.001440, 0.000846, 0.000468 
  223, 0.001440, 0.000816, 0.000658 
  224, 0.001440, 0.001004, 0.000566 
  225, 0.001440, 0.001412, 0.000198 
  226, 0.001440, 0.000942, 0.000557 
  227, 0.001440, 0.000909, 0.000516 
  228, 0.001440, 0.000954, 0.000501 
  229, 0.001440, 0.000853, 0.000646 
  230, 0.001440, 0.000920, 0.000597 
  231, 0.001440, 0.001166, 0.000523 
  232, 0.001440, 0.000933, 0.000490 
  233, 0.001440, 0.001221, 0.000508 
  234, 0.002862, 0.001898, 0.001246 
  235, 0.002862, 0.002161, 0.001092 
  236, 0.002862, 0.001852, 0.001223 
  237, 0.002862, 0.001824, 0.001023 
  238, 0.002862, 0.002583, 0.000846 
  239, 0.002862, 0.002025, 0.001149 
  240, 0.002862, 0.002049, 0.001066 
  241, 0.002862, 0.002091, 0.001195 
  242, 0.002862, 0.002254, 0.001096 
  243, 0.002862, 0.002644, 0.000747 
  244, 0.002862, 0.001971, 0.001203 
  245, 0.002862, 0.001692, 0.001083 
  246, 0.002862, 0.002580, 0.000854 
  247, 0.002862, 0.001384, 0.001106 
  248, 0.002862, 0.002001, 0.001268 
  249, 0.002862, 0.001886, 0.001184 
  250, 0.002862, 0.002536, 0.000892 
  251, 0.002862, 0.001626, 0.001210 
  252, 0.002862, 0.002353, 0.001031 
  253, 0.002862, 0.002343, 0.001049 
  254, 0.002862, 0.002108, 0.001117 
  255, 0.002862, 0.002288, 0.001092 
  256, 0.002862, 0.001846, 0.001210 
  257, 0.002862, 0.001844, 0.001177 
  258, 0.002862, 0.001844, 0.001316 
  259, 0.002862, 0.002001, 0.001222 
  260, 0.002862, 0.001479, 0.001300 
  261, 0.002862, 0.002417, 0.001030 
  262, 0.002862, 0.002269, 0.000924 
  263, 0.002862, 0.001840, 0.001269 
  264, 0.002862, 0.001894, 0.001206 
  265, 0.002862, 0.001913, 0.001280 
  266, 0.002862, 0.001932, 0.001098 
  267, 0.002862, 0.002220, 0.001154 
  268, 0.002862, 0.002276, 0.001114 
  269, 0.002862, 0.001862, 0.001293 
  270, 0.002862, 0.001840, 0.001219 
  271, 0.002862, 0.001606, 0.001178 
  272, 0.002862, 0.002115, 0.001210 
  273, 0.002862, 0.002054, 0.001194 
  274, 0.002862, 0.001828, 0.001236 
  275, 0.002862, 0.001856, 0.001248 
  276, 0.002862, 0.002361, 0.001012 
  277, 0.002862, 0.002029, 0.001176 
  278, 0.002862, 0.002759, 0.000509 
  279, 0.002862, 0.002283, 0.001102 
  280, 0.002862, 0.001905, 0.001241 
  281, 0.002862, 0.002186, 0.001154 
  282, 0.002862, 0.001952, 0.001228 
  283, 0.002862, 0.001497, 0.001280 
  284, 0.002862, 0.002423, 0.001016 
  285, 0.002862, 0.001902, 0.000885 
  286, 0.002862, 0.001983, 0.000989 
  287, 0.002862, 0.001975, 0.001156 
  288, 0.002862, 0.002291, 0.001086 
  289, 0.002862, 0.002132, 0.001130 
  290, 0.002862, 0.002653, 0.000422 
  291, 0.002862, 0.001485, 0.001085 
  292, 0.002862, 0.002180, 0.001163 
  293, 0.002862, 0.002232, 0.001134 
  294, 0.002862, 0.001913, 0.001241 
  295, 0.002862, 0.001794, 0.001180 
  296, 0.002862, 0.002148, 0.000979 
  297, 0.002875, 0.001723, 0.001135 
  298, 0.003457, 0.002403, 0.001485 
  299, 0.003457, 0.002347, 0.001498 
  300, 0.003457, 0.002139, 0.001271 
  301, 0.003457, 0.002300, 0.001251 
  302, 0.003457, 0.002158, 0.001242 
  303, 0.003457, 0.002126, 0.001521 
  304, 0.003457, 0.003075, 0.001045 
  305, 0.003457, 0.001983, 0.001414 
  306, 0.003457, 0.002849, 0.001230 
  307, 0.003457, 0.002962, 0.001147 
  308, 0.003457, 0.002496, 0.001415 
  309, 0.003457, 0.002830, 0.001206 
  310, 0.003457, 0.002731, 0.001050 
  311, 0.003457, 0.002190, 0.001569 
  312, 0.003457, 0.003127, 0.000998 
  313, 0.003457, 0.002406, 0.001481 
  314, 0.003457, 0.002923, 0.001002 
  315, 0.003457, 0.002290, 0.001378 
  316, 0.003457, 0.001918, 0.001510 
  317, 0.003457, 0.002893, 0.001217 
  318, 0.003457, 0.002876, 0.001253 
  319, 0.003457, 0.002327, 0.001286 
  320, 0.003457, 0.002878, 0.001248 
  321, 0.003457, 0.002647, 0.001383 
  322, 0.003457, 0.002355, 0.001487 
  323, 0.003457, 0.002825, 0.001277 
  324, 0.003457, 0.001982, 0.001557 
  325, 0.003457, 0.002781, 0.001366 
  326, 0.003457, 0.002122, 0.001478 
  327, 0.003457, 0.002100, 0.001381 
  328, 0.003457, 0.002786, 0.000994 
  329, 0.003457, 0.002250, 0.001400 
  330, 0.003457, 0.001839, 0.001576 
  331, 0.003457, 0.002416, 0.001533 
  332, 0.003457, 0.002293, 0.001287 
  333, 0.003457, 0.002249, 0.001367 
  334, 0.003457, 0.002330, 0.001519 
  335, 0.003457, 0.002794, 0.001262 
  336, 0.003457, 0.002590, 0.001206 
  337, 0.003457, 0.002387, 0.001449 
  338, 0.003457, 0.002511, 0.001145 
  339, 0.003457, 0.002633, 0.001346 
  340, 0.003457, 0.002352, 0.001310 
  341, 0.003457, 0.002127, 0.001430 
  342, 0.003457, 0.002183, 0.001401 
  343, 0.003457, 0.003075, 0.000965 
  344, 0.003457, 0.002754, 0.001338 
  345, 0.003457, 0.002937, 0.001125 
  346, 0.003457, 0.002848, 0.001229 
  347, 0.003457, 0.002743, 0.001357 
  348, 0.003457, 0.002435, 0.001344 
  349, 0.003457, 0.002698, 0.001304 
  350, 0.003457, 0.002539, 0.001422 
  351, 0.003457, 0.001871, 0.001554 
  352, 0.003457, 0.002407, 0.001546 
  353, 0.003457, 0.002416, 0.001467 
  354, 0.003457, 0.003072, 0.001054 
  355, 0.003457, 0.002345, 0.001437 
  356, 0.003457, 0.002691, 0.001256 
  357, 0.003457, 0.002649, 0.001381 
  358, 0.003457, 0.002415, 0.001406 
  359, 0.003457, 0.002357, 0.001264 
  360, 0.003457, 0.001893, 0.001418 
  361, 0.003457, 0.002486, 0.001499 
  362, 0.003457, 0.002316, 0.001387 
  363, 0.003457, 0.002758, 0.001331 
  364, 0.003457, 0.002547, 0.001410 
  365, 0.003457, 0.002174, 0.001479 
  366, 0.003457, 0.002788, 0.001221 
  367, 0.003457, 0.001892, 0.001587 
  368, 0.003457, 0.002925, 0.001094 
  369, 0.003457, 0.002738, 0.001301 
  370, 0.003457, 0.001894, 0.001445 
  371, 0.003457, 0.002228, 0.001244 
  372, 0.003457, 0.002279, 0.001586 
  373, 0.003457, 0.002486, 0.001435 
  374, 0.003457, 0.002302, 0.001557 
  375, 0.003457, 0.003120, 0.001021 
  376, 0.003457, 0.002484, 0.001324 
  377, 0.003457, 0.002695, 0.001370 
  378, 0.003457, 0.002350, 0.001082 
  379, 0.003457, 0.002805, 0.001317 
  380, 0.003457, 0.002445, 0.001428 
  381, 0.003457, 0.003126, 0.001000 
  382, 0.003457, 0.002598, 0.001393 
  383, 0.003457, 0.002068, 0.001526 
  384, 0.003457, 0.002286, 0.001470 
  385, 0.003457, 0.002132, 0.001467 
  386, 0.003457, 0.002205, 0.001448 
  387, 0.003457, 0.002882, 0.001240 
  388, 0.003457, 0.002606, 0.001380 
  389, 0.003457, 0.002219, 0.001279 
  390, 0.003457, 0.003044, 0.000838 
  391, 0.003457, 0.002232, 0.001468 
  392, 0.003457, 0.002363, 0.001330 
  393, 0.003457, 0.002089, 0.001403 
  394, 0.003457, 0.002725, 0.001315 
  395, 0.003457, 0.002827, 0.001275 
  396, 0.003457, 0.002518, 0.001452 
  397, 0.003457, 0.002540, 0.001233 
  398, 0.003457, 0.002657, 0.001367 
  399, 0.003457, 0.002564, 0.001033 
  400, 0.003457, 0.002871, 0.001263 
  401, 0.003457, 0.002640, 0.001392 
  402, 0.003457, 0.002279, 0.001525 
  403, 0.003457, 0.002410, 0.001476 
  404, 0.003457, 0.002418, 0.001472 
  405, 0.003457, 0.002200, 0.001454 
  406, 0.003457, 0.002024, 0.001467 
  407, 0.003457, 0.002152, 0.001503 
  408, 0.003457, 0.002527, 0.001438 
  409, 0.003457, 0.002988, 0.001173 
  410, 0.003457, 0.002297, 0.001405 
  411, 0.003457, 0.002988, 0.001173 
  412, 0.003457, 0.002683, 0.001028 
  413, 0.003457, 0.001980, 0.001229 
  414, 0.003457, 0.002542, 0.001418 
  415, 0.003457, 0.002611, 0.001092 
  416, 0.003457, 0.002009, 0.001473 
  417, 0.003457, 0.002661, 0.001431 
  418, 0.003457, 0.002867, 0.000893 
  419, 0.003457, 0.002423, 0.001109 
  420, 0.003457, 0.002340, 0.001515 
  421, 0.003457, 0.002287, 0.001514 
  422, 0.003457, 0.002162, 0.001463 
  423, 0.003457, 0.002229, 0.001528 
  424, 0.003457, 0.002479, 0.001508 
  425, 0.003457, 0.002452, 0.001313 
  426, 0.003457, 0.002332, 0.001516 
  427, 0.003457, 0.002497, 0.001430 
  428, 0.003457, 0.002566, 0.000961 
  429, 0.003457, 0.002257, 0.001221 
  430, 0.003457, 0.002809, 0.001310 
  431, 0.003457, 0.001912, 0.001176 
  432, 0.003457, 0.002469, 0.001457 
  433, 0.003457, 0.002603, 0.001389 
  434, 0.003457, 0.002858, 0.001290 
  435, 0.003457, 0.002217, 0.001541 
  436, 0.003457, 0.002410, 0.001477 
  437, 0.003457, 0.002467, 0.001527 
  438, 0.003457, 0.002234, 0.001580 
  439, 0.003457, 0.003265, 0.000766 
  440, 0.003457, 0.002026, 0.001345 
  441, 0.003457, 0.002863, 0.001280 
  442, 0.003457, 0.002575, 0.001372 
  443, 0.003457, 0.002281, 0.001414 
  444, 0.003457, 0.003255, 0.000804 
  445, 0.003457, 0.002062, 0.001340 
  446, 0.003457, 0.002796, 0.001336 
  447, 0.003457, 0.002540, 0.001419 
  448, 0.003457, 0.001943, 0.001594 
  449, 0.003457, 0.002983, 0.001098 
  450, 0.003457, 0.002206, 0.001498 
  451, 0.003457, 0.002383, 0.001514 
  452, 0.003457, 0.002191, 0.001454 
  453, 0.003457, 0.002384, 0.001454 
  454, 0.003457, 0.002869, 0.001197 
  455, 0.003457, 0.002058, 0.001596 
  456, 0.003457, 0.002370, 0.001481 
  457, 0.003457, 0.002949, 0.001175 
  458, 0.003457, 0.002624, 0.001421 
  459, 0.003457, 0.002882, 0.001240 
  460, 0.003457, 0.002942, 0.001191 
  461, 0.003457, 0.002395, 0.001496 
  462, 0.003457, 0.002468, 0.001526 
  463, 0.003457, 0.001943, 0.001547 
  464, 0.003457, 0.002488, 0.001442 
  465, 0.003457, 0.002344, 0.001501 
  466, 0.003457, 0.002452, 0.001377 
  467, 0.003457, 0.002233, 0.001519 
  468, 0.003457, 0.001868, 0.001499 
  469, 0.003457, 0.002215, 0.001548 
  470, 0.003457, 0.002501, 0.001474 
  471, 0.003457, 0.002682, 0.001331 
  472, 0.003457, 0.002203, 0.001448 
  473, 0.003457, 0.002332, 0.001364 
  474, 0.003457, 0.002250, 0.001502 
  475, 0.003457, 0.002403, 0.001380 
  476, 0.003457, 0.002552, 0.001338 
  477, 0.003457, 0.002837, 0.001257 
  478, 0.003457, 0.002145, 0.001244 
  479, 0.003457, 0.002299, 0.001274 
  480, 0.003457, 0.002990, 0.001169 
  481, 0.003457, 0.001970, 0.001460 
  482, 0.003457, 0.002089, 0.001452 
  483, 0.003457, 0.002295, 0.001504 
  484, 0.003457, 0.002921, 0.001239 
  485, 0.003457, 0.002582, 0.001360 
  486, 0.003457, 0.002509, 0.001401 
  487, 0.003457, 0.002597, 0.001394 
  488, 0.003457, 0.002702, 0.001358 
  489, 0.003457, 0.002653, 0.001248 
  490, 0.003457, 0.002169, 0.001534 
  491, 0.003457, 0.002225, 0.001419 
  492, 0.003457, 0.002189, 0.001413 
  493, 0.003457, 0.002122, 0.001472 
  494, 0.003457, 0.002512, 0.001277 
  495, 0.003457, 0.002314, 0.001329 
  496, 0.003457, 0.002691, 0.001377 
  497, 0.003457, 0.003123, 0.001011 
  498, 0.003457, 0.002325, 0.001351 
  499, 0.003457, 0.002364, 0.001311 
  500, 0.003457, 0.001962, 0.001357 
  501, 0.003457, 0.003062, 0.001079 
  502, 0.003457, 0.002720, 0.001328 
  503, 0.003457, 0.001888, 0.001217 
  504, 0.003457, 0.002440, 0.001191 
  505, 0.003457, 0.002068, 0.001248 
  506, 0.003457, 0.002813, 0.001301 
  507, 0.003457, 0.002486, 0.001173 
  508, 0.003457, 0.002434, 0.001268 
  509, 0.003457, 0.002627, 0.001348 
  510, 0.003457, 0.003188, 0.000921 
  511, 0.003457, 0.002594, 0.001398 
  512, 0.003457, 0.002934, 0.001210 
  513, 0.003457, 0.001755, 0.001323 
  514, 0.003457, 0.002220, 0.001535 
  515, 0.003457, 0.002713, 0.001340 
  516, 0.003457, 0.002136, 0.001366 
  517, 0.003457, 0.002472, 0.001519 
  518, 0.003457, 0.002266, 0.001432 
  519, 0.003457, 0.003033, 0.001063 
  520, 0.003457, 0.002871, 0.001263 
  521, 0.003457, 0.002815, 0.001298 
  522, 0.003457, 0.002172, 0.001143 
  523, 0.003457, 0.003081, 0.001026 
  524, 0.003457, 0.001544, 0.001351 
  525, 0.003457, 0.002644, 0.001265 
  526, 0.003457, 0.001856, 0.001215 
  527, 0.003457, 0.002321, 0.001411 
  528, 0.003457, 0.002673, 0.001409 
  529, 0.003457, 0.002367, 0.001237 
  530, 0.003457, 0.002172, 0.001531 
  531, 0.003457, 0.002618, 0.001429 
  532, 0.003457, 0.002215, 0.001481 
  533, 0.003457, 0.002594, 0.001398 
  534, 0.003457, 0.002697, 0.001367 
  535, 0.003457, 0.002892, 0.001221 
  536, 0.003457, 0.003194, 0.000898 
  537, 0.003457, 0.002627, 0.001415 
  538, 0.003457, 0.002169, 0.001377 
  539, 0.003457, 0.003258, 0.000796 
  540, 0.003457, 0.002514, 0.001346 
  541, 0.003457, 0.002743, 0.001358 
  542, 0.003457, 0.002300, 0.001344 
  543, 0.003457, 0.002365, 0.001538 
  544, 0.003457, 0.002759, 0.001330 
  545, 0.003457, 0.002256, 0.001506 
  546, 0.003457, 0.002362, 0.001477 
  547, 0.003457, 0.002035, 0.001624 
  548, 0.003457, 0.002315, 0.001540 
  549, 0.003457, 0.002622, 0.001355 
  550, 0.003457, 0.002627, 0.001351 
  551, 0.003457, 0.002513, 0.001186 
  552, 0.003457, 0.002566, 0.001319 
  553, 0.003457, 0.002548, 0.001472 
  554, 0.003457, 0.002186, 0.001381 
  555, 0.003457, 0.002806, 0.001314 
  556, 0.003457, 0.002305, 0.001286 
  557, 0.003457, 0.002426, 0.001405 
  558, 0.003457, 0.002615, 0.001372 
  559, 0.003457, 0.002522, 0.001037 
  560, 0.003457, 0.002102, 0.001495 
  561, 0.003457, 0.002804, 0.001319 
  562, 0.003457, 0.001862, 0.001455 
  563, 0.003457, 0.002239, 0.001460 
  564, 0.003457, 0.002391, 0.001296 
  565, 0.003457, 0.002248, 0.001456 
  566, 0.003457, 0.002179, 0.001584 
  567, 0.003457, 0.002606, 0.001380 
  568, 0.003457, 0.002808, 0.001311 
  569, 0.003457, 0.002561, 0.001325 
  570, 0.003457, 0.002677, 0.001403 
  571, 0.003457, 0.002246, 0.001466 
  572, 0.003457, 0.002829, 0.001270 
  573, 0.003457, 0.001961, 0.001577 
  574, 0.003457, 0.002467, 0.001403 
  575, 0.003457, 0.002153, 0.001550 
  576, 0.003457, 0.002431, 0.001514 
  577, 0.003457, 0.002324, 0.001428 
  578, 0.003457, 0.002468, 0.001525 
  579, 0.003457, 0.002403, 0.001552 
  580, 0.003457, 0.002478, 0.001245 
  581, 0.003457, 0.002284, 0.001369 
  582, 0.003457, 0.002326, 0.001367 
  583, 0.003457, 0.001973, 0.001510 
  584, 0.003457, 0.002382, 0.001455 
  585, 0.003457, 0.002494, 0.001488 
  586, 0.003457, 0.002126, 0.001583 
  587, 0.003457, 0.002119, 0.001329 
  588, 0.003457, 0.002306, 0.001251 
  589, 0.003457, 0.002709, 0.001348 
  590, 0.003457, 0.001884, 0.001497 
  591, 0.003457, 0.002401, 0.001303 
  592, 0.003457, 0.002003, 0.001426 
  593, 0.003457, 0.002314, 0.001106 
  594, 0.003457, 0.002135, 0.001407 
  595, 0.003457, 0.003259, 0.000791 
  596, 0.003457, 0.002877, 0.001250 
  597, 0.003457, 0.002498, 0.001416 
  598, 0.003457, 0.002619, 0.001361 
  599, 0.003457, 0.002036, 0.001507 
  600, 0.003457, 0.002378, 0.001382 
  601, 0.003457, 0.002947, 0.001180 
  602, 0.003457, 0.001922, 0.001501 
  603, 0.003457, 0.002669, 0.001290 
  604, 0.003457, 0.002096, 0.001553 
  605, 0.003457, 0.002741, 0.001361 
  606, 0.003457, 0.002633, 0.001336 
  607, 0.003457, 0.001907, 0.001240 
  608, 0.003457, 0.002344, 0.001503 
  609, 0.003457, 0.002015, 0.001547 
  610, 0.003457, 0.002273, 0.001432 
  611, 0.003457, 0.002754, 0.001266 
  612, 0.003457, 0.002081, 0.001574 
  613, 0.003457, 0.003256, 0.000802 
  614, 0.003457, 0.002863, 0.001281 
  615, 0.003457, 0.002350, 0.001558 
  616, 0.003457, 0.001839, 0.001321 
  617, 0.003457, 0.002346, 0.001451 
  618, 0.003457, 0.002672, 0.001411 
  619, 0.003457, 0.003122, 0.001015 
  620, 0.003457, 0.002045, 0.001457 
  621, 0.003457, 0.002721, 0.000974 
  622, 0.003457, 0.002361, 0.001421 
  623, 0.003457, 0.002609, 0.001308 
  624, 0.003457, 0.002671, 0.001412 
  625, 0.003457, 0.002812, 0.001303 
  626, 0.003457, 0.002238, 0.001413 
  627, 0.003457, 0.002345, 0.001499 
  628, 0.003457, 0.002331, 0.001163 
  629, 0.003457, 0.002555, 0.001398 
  630, 0.003457, 0.001491, 0.001203 
  631, 0.003457, 0.002571, 0.001437 
  632, 0.003457, 0.002438, 0.001270 
  633, 0.003457, 0.002375, 0.001469 
  634, 0.003457, 0.002754, 0.001065 
  635, 0.003457, 0.001946, 0.001326 
  636, 0.003457, 0.002588, 0.001135 
  637, 0.003457, 0.002604, 0.001385 
  638, 0.003457, 0.002320, 0.001318 
  639, 0.003457, 0.002363, 0.001540 
  640, 0.003522, 0.002191, 0.001359 
  641, 0.003522, 0.002215, 0.001619 
  642, 0.003522, 0.002215, 0.001306 
  643, 0.003522, 0.002200, 0.001514 
  644, 0.003522, 0.002471, 0.001203 
  645, 0.003522, 0.001916, 0.001357 
  646, 0.003522, 0.002315, 0.001558 
  647, 0.003522, 0.001954, 0.001392 
  648, 0.003522, 0.002452, 0.001577 
  649, 0.003522, 0.002108, 0.001385 
  650, 0.003522, 0.001832, 0.001582 
  651, 0.003522, 0.002571, 0.001213 
  652, 0.003522, 0.002757, 0.001313 
  653, 0.003522, 0.002478, 0.001356 
  654, 0.003522, 0.001931, 0.001393 
  655, 0.003522, 0.002523, 0.001244 
  656, 0.003522, 0.002697, 0.001138 
  657, 0.003522, 0.002346, 0.001143 
  658, 0.003522, 0.002589, 0.001268 
  659, 0.003522, 0.002112, 0.001436 
  660, 0.003522, 0.002037, 0.001371 
  661, 0.003522, 0.002281, 0.001488 
  662, 0.003522, 0.002577, 0.001461 
  663, 0.003522, 0.002487, 0.000919 
  664, 0.003522, 0.003328, 0.000775 
  665, 0.003522, 0.001950, 0.001415 
  666, 0.003522, 0.001773, 0.001528 
  667, 0.003522, 0.002013, 0.001608 
  668, 0.003522, 0.002661, 0.001398 
  669, 0.003522, 0.001849, 0.001490 
  670, 0.003522, 0.002115, 0.001552 
  671, 0.003522, 0.002276, 0.001610 
  672, 0.003522, 0.002336, 0.001276 
  673, 0.003522, 0.001777, 0.001506 
  674, 0.003522, 0.001749, 0.001285 
  675, 0.003522, 0.002305, 0.001572 
  676, 0.003522, 0.002121, 0.001537 
  677, 0.003522, 0.001826, 0.001274 
  678, 0.003522, 0.002074, 0.001651 
  679, 0.003930, 0.002083, 0.001729 
  680, 0.003930, 0.003108, 0.001563 
  681, 0.003930, 0.002752, 0.001734 
  682, 0.003930, 0.002467, 0.001679 
  683, 0.003930, 0.002664, 0.001783 
  684, 0.003930, 0.002127, 0.001559 
  685, 0.003930, 0.003006, 0.001499 
  686, 0.003930, 0.002822, 0.001576 
  687, 0.003930, 0.002336, 0.001374 
  688, 0.003930, 0.002699, 0.001734 
  689, 0.003930, 0.002777, 0.001627 
  690, 0.003930, 0.003059, 0.001567 
  691, 0.003930, 0.002827, 0.001702 
  692, 0.003930, 0.002882, 0.001620 
  693, 0.003930, 0.002437, 0.001657 
  694, 0.003930, 0.002383, 0.001766 
  695, 0.003930, 0.003428, 0.001258 
  696, 0.003930, 0.002648, 0.001390 
  697, 0.003930, 0.002727, 0.001695 
  698, 0.003930, 0.002305, 0.001596 
  699, 0.003930, 0.002618, 0.001700 
  700, 0.003930, 0.002518, 0.001678 
  701, 0.003930, 0.002165, 0.001417 
  702, 0.003930, 0.002838, 0.001687 
  703, 0.003930, 0.002594, 0.001607 
  704, 0.003930, 0.002794, 0.001676 
  705, 0.003930, 0.002630, 0.001537 
  706, 0.003930, 0.002539, 0.001580 
  707, 0.003930, 0.002870, 0.001636 
  708, 0.003930, 0.002275, 0.001816 
  709, 0.003930, 0.002332, 0.001757 
  710, 0.003930, 0.002395, 0.001339 
  711, 0.003930, 0.003619, 0.001063 
  712, 0.003930, 0.003231, 0.001413 
  713, 0.003930, 0.002423, 0.001414 
  714, 0.003930, 0.002692, 0.001745 
  715, 0.003930, 0.003161, 0.001391 
  716, 0.003930, 0.002624, 0.001692 
  717, 0.003930, 0.001823, 0.001693 
  718, 0.003930, 0.002692, 0.001382 
  719, 0.003930, 0.003117, 0.001350 
  720, 0.003930, 0.001994, 0.001813 
  721, 0.003930, 0.003256, 0.001255 
  722, 0.003930, 0.003284, 0.001395 
  723, 0.003930, 0.002635, 0.001679 
  724, 0.003930, 0.001913, 0.001593 
  725, 0.003930, 0.002456, 0.001540 
  726, 0.003930, 0.002462, 0.001681 
  727, 0.003930, 0.002357, 0.001796 
  728, 0.003930, 0.002548, 0.001657 
  729, 0.003930, 0.002883, 0.001431 
  730, 0.003930, 0.002895, 0.001529 
  731, 0.003930, 0.002504, 0.001772 
  732, 0.003930, 0.002741, 0.001621 
  733, 0.003930, 0.002776, 0.001576 
  734, 0.003930, 0.002871, 0.001645 
  735, 0.003930, 0.002662, 0.001716 
  736, 0.003930, 0.002425, 0.001488 
  737, 0.003930, 0.003218, 0.001441 
  738, 0.003930, 0.003498, 0.001181 
  739, 0.003930, 0.002963, 0.001649 
  740, 0.003930, 0.002016, 0.001484 
  741, 0.003930, 0.002232, 0.001794 
  742, 0.003930, 0.002700, 0.001659 
  743, 0.003930, 0.002377, 0.001579 
  744, 0.003930, 0.002704, 0.001730 
  745, 0.003930, 0.002458, 0.001822 
  746, 0.003930, 0.002763, 0.001596 
  747, 0.003930, 0.002321, 0.001707 
  748, 0.003930, 0.002478, 0.001313 
  749, 0.003930, 0.003217, 0.001444 
  750, 0.003930, 0.003056, 0.001495 
  751, 0.003930, 0.002244, 0.001717 
  752, 0.003930, 0.002891, 0.001525 
  753, 0.003930, 0.002561, 0.001698 
  754, 0.003930, 0.002924, 0.001564 
  755, 0.003930, 0.002556, 0.001565 
  756, 0.003930, 0.002602, 0.001491 
  757, 0.003930, 0.001540, 0.001251 
  758, 0.003930, 0.003061, 0.001562 
  759, 0.003930, 0.002108, 0.001545 
  760, 0.003930, 0.002447, 0.001703 
  761, 0.003930, 0.002152, 0.001686 
  762, 0.003930, 0.003320, 0.001411 
  763, 0.003930, 0.002459, 0.001545 
  764, 0.003930, 0.002942, 0.001684 
  765, 0.003930, 0.003041, 0.001599 
  766, 0.003930, 0.002467, 0.001810 
  767, 0.003930, 0.002919, 0.001567 
  768, 0.003930, 0.002070, 0.001583 
  769, 0.003930, 0.003624, 0.001047 
  770, 0.003930, 0.001876, 0.001461 
  771, 0.003930, 0.002201, 0.001514 
  772, 0.003930, 0.002603, 0.001716 
  773, 0.003930, 0.003113, 0.001305 
  774, 0.003930, 0.002446, 0.001528 
  775, 0.003930, 0.003483, 0.001223 
  776, 0.003930, 0.002617, 0.001639 
  777, 0.003930, 0.002261, 0.001829 
  778, 0.003930, 0.002854, 0.001661 
  779, 0.003930, 0.002404, 0.001687 
  780, 0.003930, 0.002596, 0.001596 
  781, 0.003930, 0.003280, 0.001401 
  782, 0.003930, 0.002429, 0.001624 
  783, 0.003930, 0.003138, 0.001508 
  784, 0.003930, 0.001982, 0.001478 
  785, 0.003930, 0.003516, 0.001132 
  786, 0.003930, 0.002742, 0.001491 
  787, 0.003930, 0.002687, 0.001678 
  788, 0.003930, 0.002249, 0.001576 
  789, 0.003930, 0.003472, 0.001251 
  790, 0.003930, 0.002077, 0.001735 
  791, 0.003930, 0.002846, 0.001598 
  792, 0.003930, 0.002832, 0.001696 
  793, 0.003930, 0.003044, 0.001522 
  794, 0.004339, 0.002665, 0.001912 
  795, 0.004339, 0.002618, 0.001715 
  796, 0.004339, 0.002508, 0.001704 
  797, 0.004339, 0.002854, 0.001781 
  798, 0.004339, 0.002870, 0.001567 
  799, 0.004339, 0.003053, 0.001532 
  800, 0.004339, 0.003366, 0.001750 
  801, 0.004339, 0.002684, 0.001890 
  802, 0.004339, 0.002428, 0.001949 
  803, 0.004339, 0.003201, 0.001763 
  804, 0.004339, 0.002636, 0.001945 
  805, 0.004339, 0.002898, 0.001867 
  806, 0.004339, 0.003318, 0.001598 
  807, 0.004339, 0.002600, 0.001992 
  808, 0.004339, 0.003009, 0.001806 
  809, 0.004339, 0.002402, 0.001964 
  810, 0.004339, 0.002728, 0.001925 
  811, 0.004339, 0.002901, 0.001656 
  812, 0.004339, 0.003073, 0.001359 
  813, 0.004339, 0.002675, 0.001736 
  814, 0.004339, 0.002447, 0.001943 
  815, 0.004339, 0.002530, 0.001472 
  816, 0.004339, 0.003429, 0.001731 
  817, 0.004339, 0.003201, 0.001485 
  818, 0.004339, 0.003916, 0.001283 
  819, 0.004339, 0.003065, 0.001878 
  820, 0.004339, 0.002545, 0.001596 
  821, 0.004339, 0.002645, 0.001708 
  822, 0.004339, 0.003171, 0.001805 
  823, 0.004339, 0.002582, 0.001680 
  824, 0.004339, 0.003233, 0.001723 
  825, 0.004339, 0.002863, 0.001912 
  826, 0.004339, 0.003057, 0.001891 
  827, 0.004339, 0.003626, 0.001447 
  828, 0.004339, 0.003591, 0.001240 
  829, 0.004339, 0.003549, 0.001598 
  830, 0.004339, 0.002168, 0.001826 
  831, 0.004339, 0.003757, 0.001456 
  832, 0.004339, 0.002561, 0.001273 
  833, 0.004339, 0.002966, 0.001644 
  834, 0.004339, 0.003119, 0.001802 
  835, 0.004339, 0.003776, 0.001409 
  836, 0.009064, 0.005820, 0.004032 
  837, 0.009064, 0.006432, 0.003364 
  838, 0.009064, 0.008536, 0.002110 
  839, 0.009064, 0.005489, 0.004088 
  840, 0.009064, 0.006446, 0.003862 
  841, 0.009064, 0.006426, 0.003746 
  842, 0.009064, 0.008892, 0.001214 
  843, 0.010622, 0.007026, 0.004493 
  844, 0.010622, 0.008495, 0.004048 
  845, 0.010622, 0.006496, 0.004188 
  846, 0.010622, 0.008045, 0.004016 
  847, 0.010622, 0.006596, 0.004663 
  848, 0.010622, 0.006917, 0.004794 
  849, 0.010622, 0.007976, 0.003846 
  850, 0.010622, 0.008304, 0.003419 
  851, 0.010622, 0.005205, 0.004334 
  852, 0.010622, 0.008207, 0.004342 
  853, 0.010622, 0.007797, 0.003600 
  854, 0.010622, 0.006365, 0.004859 
  855, 0.010622, 0.007500, 0.003913 
  856, 0.010622, 0.007014, 0.004128 
  857, 0.010622, 0.006244, 0.004517 
  858, 0.010622, 0.009403, 0.003336 
  859, 0.010622, 0.008559, 0.003934 
  860, 0.010622, 0.008383, 0.004260 
  861, 0.010622, 0.008414, 0.004201 
  862, 0.010622, 0.007731, 0.003559 
  863, 0.010622, 0.006895, 0.004324 
  864, 0.010622, 0.007498, 0.004607 
  865, 0.010622, 0.008439, 0.003951 
  866, 0.010622, 0.008456, 0.004123 
  867, 0.010622, 0.008567, 0.003911 
  868, 0.010622, 0.009040, 0.003666 
  869, 0.010622, 0.006581, 0.004639 
  870, 0.010622, 0.008739, 0.003167 
  871, 0.010622, 0.007076, 0.004588 
  872, 0.010622, 0.009100, 0.003534 
  873, 0.010622, 0.006812, 0.003909 
  874, 0.010622, 0.009241, 0.003197 
  875, 0.010622, 0.007546, 0.004345 
  876, 0.010622, 0.006997, 0.004691 
  877, 0.010622, 0.008260, 0.003413 
  878, 0.010622, 0.007835, 0.004519 
  879, 0.010622, 0.007509, 0.004246 
  880, 0.010622, 0.008168, 0.003793 
  881, 0.010622, 0.007200, 0.004433 
  882, 0.010622, 0.008141, 0.004238 
  883, 0.010622, 0.007089, 0.003262 
  884, 0.010622, 0.007406, 0.004262 
  885, 0.010622, 0.007177, 0.004501 
  886, 0.010622, 0.008321, 0.004155 
  887, 0.010622, 0.007967, 0.004124 
  888, 0.010622, 0.009891, 0.002511 
  889, 0.010622, 0.005449, 0.004843 
  890, 0.010622, 0.007649, 0.004591 
  891, 0.010622, 0.007760, 0.004427 
  892, 0.010622, 0.008491, 0.004059 
  893, 0.010622, 0.008276, 0.004224 
  894, 0.010622, 0.007514, 0.003472 
  895, 0.010622, 0.007514, 0.004585 
  896, 0.010622, 0.008167, 0.004200 
  897, 0.010622, 0.005179, 0.004894 
  898, 0.010622, 0.009193, 0.003578 
  899, 0.010622, 0.008004, 0.004464 
  900, 0.010622, 0.008996, 0.003764 
  901, 0.010622, 0.008935, 0.003637 
  902, 0.010622, 0.007930, 0.004367 
  903, 0.010622, 0.006668, 0.004549 
  904, 0.010622, 0.006551, 0.004663 
  905, 0.010622, 0.009580, 0.003158 
  906, 0.010622, 0.008005, 0.003862 
  907, 0.010622, 0.006122, 0.004584 
  908, 0.010622, 0.007541, 0.004554 
  909, 0.010622, 0.008967, 0.003582 
  910, 0.010622, 0.007232, 0.004227 
  911, 0.010622, 0.008350, 0.004098 
  912, 0.010622, 0.007684, 0.004340 
  913, 0.010622, 0.006447, 0.003737 
  914, 0.010622, 0.005712, 0.003959 
  915, 0.010622, 0.007394, 0.004368 
  916, 0.010622, 0.006683, 0.004693 
  917, 0.010622, 0.008418, 0.003994 
  918, 0.010622, 0.006740, 0.004631 
  919, 0.010622, 0.008851, 0.003821 
  920, 0.010622, 0.007930, 0.004176 
  921, 0.010622, 0.007177, 0.004334 
  922, 0.010622, 0.008491, 0.003863 
  923, 0.010622, 0.009024, 0.003701 
  924, 0.010622, 0.008005, 0.004462 
  925, 0.010622, 0.007221, 0.003783 
  926, 0.010622, 0.007282, 0.003749 
  927, 0.010622, 0.005899, 0.004478 
  928, 0.010622, 0.007824, 0.004178 
  929, 0.010622, 0.008866, 0.003791 
  930, 0.010622, 0.008386, 0.003831 
  931, 0.010622, 0.008115, 0.004071 
  932, 0.010622, 0.006537, 0.004676 
  933, 0.010622, 0.006371, 0.004088 
  934, 0.010622, 0.006501, 0.004273 
  935, 0.010622, 0.007885, 0.004280 
  936, 0.010622, 0.007700, 0.004322 
  937, 0.010622, 0.007451, 0.003969 
  938, 0.010622, 0.008818, 0.003896 
  939, 0.010622, 0.005737, 0.004171 
  940, 0.010622, 0.010262, 0.001783 
  941, 0.010622, 0.006175, 0.004140 
  942, 0.010622, 0.007395, 0.004390 
  943, 0.010622, 0.007565, 0.004358 
  944, 0.010622, 0.010016, 0.002426 
  945, 0.010622, 0.009200, 0.003562 
  946, 0.010622, 0.006371, 0.004282 
  947, 0.010622, 0.007990, 0.004276 
  948, 0.010622, 0.008793, 0.003946 
  949, 0.010622, 0.007375, 0.004587 
  950, 0.010622, 0.007525, 0.004566 
  951, 0.010622, 0.006453, 0.004265 
  952, 0.010622, 0.008656, 0.003974 
  953, 0.010622, 0.008642, 0.004002 
  954, 0.010622, 0.008151, 0.004222 
  955, 0.010622, 0.005973, 0.004893 
  956, 0.010622, 0.008044, 0.004397 
  957, 0.010622, 0.009157, 0.003414 
  958, 0.010622, 0.006503, 0.004404 
  959, 0.010622, 0.008095, 0.004108 
  960, 0.010622, 0.007648, 0.004593 
  961, 0.010622, 0.008590, 0.003891 
  962, 0.010622, 0.008406, 0.004216 
  963, 0.010622, 0.006001, 0.004524 
  964, 0.010622, 0.006826, 0.004909 
  965, 0.010622, 0.005795, 0.004377 
  966, 0.010622, 0.007298, 0.004688 
  967, 0.010622, 0.006994, 0.004687 
  968, 0.010622, 0.007222, 0.004790 
  969, 0.010622, 0.010622, 0.000000 
  970, 0.010622, 0.007512, 0.004411 
  971, 0.010622, 0.009789, 0.002853 
  972, 0.010622, 0.007281, 0.004567 
  973, 0.010622, 0.008260, 0.003872 
  974, 0.010622, 0.006095, 0.004773 
  975, 0.010622, 0.008995, 0.003768 
  976, 0.010622, 0.006908, 0.003701 
  977, 0.010622, 0.006538, 0.004855 
  978, 0.010622, 0.007259, 0.004556 
  979, 0.010622, 0.005906, 0.004602 
  980, 0.010622, 0.008806, 0.003921 
  981, 0.010622, 0.010200, 0.002089 
  982, 0.010622, 0.007292, 0.004078 
  983, 0.010622, 0.006802, 0.004585 
  984, 0.010622, 0.006757, 0.004798 
  985, 0.010622, 0.010622, 0.000000 
  986, 0.010622, 0.005777, 0.003804 
  987, 0.010622, 0.008640, 0.004009 
  988, 0.010622, 0.007822, 0.004191 
  989, 0.010622, 0.007434, 0.004497 
  990, 0.010622, 0.006134, 0.004593 
  991, 0.010622, 0.006425, 0.004357 
  992, 0.010622, 0.006845, 0.003806 
  993, 0.010622, 0.008653, 0.003986 
  994, 0.010622, 0.007654, 0.004582 
  995, 0.010622, 0.008573, 0.003565 
  996, 0.010622, 0.008796, 0.003939 
  997, 0.010622, 0.008027, 0.004425 
  998, 0.010622, 0.007734, 0.004465 
  999, 0.010622, 0.008376, 0.004275 
 1000, 0.010622, 0.008383, 0.004261 

 Simulation completed

 Best member: 

 var(0) = 0
 var(1) = 1
 var(2) = 1
 var(3) = 0
 var(4) = 1
 var(5) = 1
 var(6) = 1
 var(7) = 0
 var(8) = 1
 var(9) = 0
 var(10) = 0
 var(11) = 0
 var(12) = 0
 var(13) = 0
 var(14) = 1
 var(15) = 0
 var(16) = 0
 var(17) = 0
 var(18) = 0
 var(19) = 0
 var(20) = 1
 var(21) = 0
 var(22) = 1
 var(23) = 0
 var(24) = 0
 var(25) = 1
 var(26) = 1
 var(27) = 0
 var(28) = 0
 var(29) = 0
 var(30) = 0
 var(31) = 0
 var(32) = 1
 var(33) = 0
 var(34) = 0
 var(35) = 0
 var(36) = 1
 var(37) = 0
 var(38) = 0
 var(39) = 1
 var(40) = 1
 var(41) = 1
 var(42) = 0
 var(43) = 0
 var(44) = 0
 var(45) = 1
 var(46) = 0
 var(47) = 0
 var(48) = 0
 var(49) = 1
 var(50) = 0
 var(51) = 0
 var(52) = 0
 var(53) = 0
 var(54) = 0
 var(55) = 0
 var(56) = 0
 var(57) = 1
 var(58) = 0
 var(59) = 0
 var(60) = 0
 var(61) = 1
 var(62) = 0
 var(63) = 1
 var(64) = 0
 var(65) = 0
 var(66) = 1
 var(67) = 0
 var(68) = 0
 var(69) = 0
 var(70) = 0
 var(71) = 1
 var(72) = 0
 var(73) = 0
 var(74) = 1
 var(75) = 0
 var(76) = 1
 var(77) = 0
 var(78) = 0
 var(79) = 0
 var(80) = 0
 var(81) = 0
 var(82) = 1
 var(83) = 0

 Best fitness = 0.010622