
 generation best average standard 
 number value fitness deviation 

    1, 0.009803, 0.009803, -1.#IND00 
    2, 0.019680, 0.012478, 0.004596 
    3, 0.024573, 0.013085, 0.005955 
    4, 0.024573, 0.014691, 0.006394 
    5, 0.028447, 0.017571, 0.006834 
    6, 0.028447, 0.019105, 0.007190 
    7, 0.028447, 0.017634, 0.007169 
    8, 0.028447, 0.014790, 0.007139 
    9, 0.028447, 0.016061, 0.007633 
   10, 0.035275, 0.022312, 0.010196 
   11, 0.035275, 0.023465, 0.009680 
   12, 0.035275, 0.020690, 0.009345 
   13, 0.035275, 0.022926, 0.009468 
   14, 0.035275, 0.018653, 0.008554 
   15, 0.044045, 0.023351, 0.011860 
   16, 0.044045, 0.025138, 0.012869 
   17, 0.044045, 0.024409, 0.008754 
   18, 0.044045, 0.026964, 0.011323 
   19, 0.045464, 0.024733, 0.010149 
   20, 0.045464, 0.024568, 0.010246 
   21, 0.045464, 0.029591, 0.009565 
   22, 0.045464, 0.027691, 0.011347 
   23, 0.045464, 0.025279, 0.011153 
   24, 0.047575, 0.026700, 0.012553 
   25, 0.047575, 0.019889, 0.012855 
   26, 0.047575, 0.024210, 0.014574 
   27, 0.047575, 0.028848, 0.010637 
   28, 0.047575, 0.026732, 0.010967 
   29, 0.047575, 0.027015, 0.014322 
   30, 0.057110, 0.028327, 0.016615 
   31, 0.057110, 0.039030, 0.020771 
   32, 0.059762, 0.031256, 0.016538 
   33, 0.059762, 0.032980, 0.015608 
   34, 0.059762, 0.032419, 0.015292 
   35, 0.059762, 0.034435, 0.016256 
   36, 0.059762, 0.031648, 0.015440 
   37, 0.059762, 0.030438, 0.014907 
   38, 0.059762, 0.035600, 0.018827 
   39, 0.059762, 0.031292, 0.017668 
   40, 0.059762, 0.033285, 0.016767 
   41, 0.059762, 0.041224, 0.018476 
   42, 0.059762, 0.036618, 0.015311 
   43, 0.059762, 0.039957, 0.014307 
   44, 0.059762, 0.035427, 0.017024 
   45, 0.059762, 0.027342, 0.012975 
   46, 0.059762, 0.029691, 0.017322 
   47, 0.059762, 0.032736, 0.018903 
   48, 0.059762, 0.037487, 0.017382 
   49, 0.059762, 0.028978, 0.015779 
   50, 0.059762, 0.031009, 0.016291 
   51, 0.059762, 0.032204, 0.015350 
   52, 0.059762, 0.030291, 0.015771 
   53, 0.059762, 0.029393, 0.013292 
   54, 0.059762, 0.039594, 0.021753 
   55, 0.059762, 0.036496, 0.018977 
   56, 0.059762, 0.035018, 0.015959 
   57, 0.059762, 0.033946, 0.018057 
   58, 0.059762, 0.039578, 0.018174 
   59, 0.059762, 0.035863, 0.017344 
   60, 0.059762, 0.033400, 0.018479 
   61, 0.059762, 0.029125, 0.014635 
   62, 0.059762, 0.030742, 0.015538 
   63, 0.059762, 0.042684, 0.017730 
   64, 0.059762, 0.037871, 0.017085 
   65, 0.059762, 0.030900, 0.013606 
   66, 0.059762, 0.028909, 0.014471 
   67, 0.059762, 0.030744, 0.016260 
   68, 0.059762, 0.029911, 0.017081 
   69, 0.059762, 0.036676, 0.020541 
   70, 0.059762, 0.032579, 0.012558 
   71, 0.059762, 0.033464, 0.016268 
   72, 0.059762, 0.028885, 0.014692 
   73, 0.059762, 0.030195, 0.017186 
   74, 0.059762, 0.036102, 0.014825 
   75, 0.059762, 0.032379, 0.015434 
   76, 0.059762, 0.032520, 0.016503 
   77, 0.059762, 0.033987, 0.017440 
   78, 0.059762, 0.043377, 0.020419 
   79, 0.059762, 0.033062, 0.014728 
   80, 0.059762, 0.034339, 0.014657 
   81, 0.059762, 0.031231, 0.015062 
   82, 0.059762, 0.026973, 0.016456 
   83, 0.059762, 0.031963, 0.021176 
   84, 0.059762, 0.035017, 0.013072 
   85, 0.059762, 0.044610, 0.018085 
   86, 0.059762, 0.036720, 0.016399 
   87, 0.059762, 0.030664, 0.016757 
   88, 0.059762, 0.028879, 0.016427 
   89, 0.059762, 0.038790, 0.020386 
   90, 0.059762, 0.033227, 0.016491 
   91, 0.059762, 0.036227, 0.015445 
   92, 0.059762, 0.038193, 0.011942 
   93, 0.059762, 0.036101, 0.014651 
   94, 0.059762, 0.035902, 0.013107 
   95, 0.059762, 0.034897, 0.016147 
   96, 0.059762, 0.031912, 0.013612 
   97, 0.059762, 0.036085, 0.015462 
   98, 0.059762, 0.036485, 0.020740 
   99, 0.059762, 0.033307, 0.015146 
  100, 0.059762, 0.030112, 0.016060 
  101, 0.059762, 0.031579, 0.018853 
  102, 0.059762, 0.030307, 0.017330 
  103, 0.059762, 0.025624, 0.021728 
  104, 0.059762, 0.032326, 0.019146 
  105, 0.059762, 0.033434, 0.018046 
  106, 0.059762, 0.034620, 0.021668 
  107, 0.059762, 0.037425, 0.018119 
  108, 0.059762, 0.030500, 0.016705 
  109, 0.059762, 0.031831, 0.015236 
  110, 0.059762, 0.024371, 0.013344 
  111, 0.059762, 0.025844, 0.014326 
  112, 0.059762, 0.033934, 0.020397 
  113, 0.059762, 0.030033, 0.017091 
  114, 0.059762, 0.029545, 0.016645 
  115, 0.059762, 0.038553, 0.018719 
  116, 0.059762, 0.033867, 0.015175 
  117, 0.059762, 0.029572, 0.015964 
  118, 0.059762, 0.028648, 0.018824 
  119, 0.059762, 0.033973, 0.016824 
  120, 0.059762, 0.037098, 0.014782 
  121, 0.059762, 0.031169, 0.015803 
  122, 0.059762, 0.034431, 0.016487 
  123, 0.059762, 0.035905, 0.019120 
  124, 0.059762, 0.030158, 0.014646 
  125, 0.059762, 0.036240, 0.019019 
  126, 0.059762, 0.025657, 0.011244 
  127, 0.059762, 0.026011, 0.015108 
  128, 0.059762, 0.030867, 0.017742 
  129, 0.059762, 0.029822, 0.014693 
  130, 0.059762, 0.035035, 0.019496 
  131, 0.059762, 0.030863, 0.019277 
  132, 0.059762, 0.035257, 0.021763 
  133, 0.059762, 0.035653, 0.015277 
  134, 0.059762, 0.035465, 0.015196 
  135, 0.059762, 0.029779, 0.016301 
  136, 0.059762, 0.033886, 0.018464 
  137, 0.059762, 0.037743, 0.017726 
  138, 0.059762, 0.034203, 0.013128 
  139, 0.059762, 0.032346, 0.015245 
  140, 0.059762, 0.034911, 0.016491 
  141, 0.059762, 0.034969, 0.017888 
  142, 0.059762, 0.036200, 0.016007 
  143, 0.059762, 0.037038, 0.020984 
  144, 0.059762, 0.038548, 0.019549 
  145, 0.059762, 0.035495, 0.017876 
  146, 0.059762, 0.035577, 0.017425 
  147, 0.059762, 0.030749, 0.015374 
  148, 0.059762, 0.031514, 0.019716 
  149, 0.059762, 0.027411, 0.014871 
  150, 0.059762, 0.030907, 0.021885 
  151, 0.059762, 0.032635, 0.018587 
  152, 0.059762, 0.032198, 0.014615 
  153, 0.059762, 0.033792, 0.019186 
  154, 0.059762, 0.031368, 0.018024 
  155, 0.059762, 0.037972, 0.016597 
  156, 0.059762, 0.033643, 0.017528 
  157, 0.059762, 0.029465, 0.018877 
  158, 0.059762, 0.042330, 0.017832 
  159, 0.059762, 0.036969, 0.019771 
  160, 0.059762, 0.028343, 0.015712 
  161, 0.059762, 0.025094, 0.015574 
  162, 0.059762, 0.026141, 0.016581 
  163, 0.059762, 0.033187, 0.016817 
  164, 0.059762, 0.029582, 0.017448 
  165, 0.059762, 0.026979, 0.015434 
  166, 0.059762, 0.027929, 0.015416 
  167, 0.059762, 0.031113, 0.018811 
  168, 0.059762, 0.028651, 0.015709 
  169, 0.059762, 0.032159, 0.019762 
  170, 0.059762, 0.030503, 0.016596 
  171, 0.059762, 0.029524, 0.015693 
  172, 0.059762, 0.031320, 0.016234 
  173, 0.059762, 0.035943, 0.016712 
  174, 0.059762, 0.035161, 0.020468 
  175, 0.059762, 0.032636, 0.020549 
  176, 0.059762, 0.037241, 0.016703 
  177, 0.059762, 0.034661, 0.015230 
  178, 0.059762, 0.034901, 0.017192 
  179, 0.059762, 0.027602, 0.015301 
  180, 0.059762, 0.030739, 0.016775 
  181, 0.059762, 0.034111, 0.019166 
  182, 0.059762, 0.024689, 0.014588 
  183, 0.059762, 0.028303, 0.017655 
  184, 0.059762, 0.028736, 0.016415 
  185, 0.059762, 0.032539, 0.017457 
  186, 0.059762, 0.033717, 0.015551 
  187, 0.059762, 0.029636, 0.016842 
  188, 0.059762, 0.027752, 0.015194 
  189, 0.059762, 0.029788, 0.017392 
  190, 0.059762, 0.033040, 0.017984 
  191, 0.059762, 0.036405, 0.018216 
  192, 0.059762, 0.037096, 0.016493 
  193, 0.059762, 0.035969, 0.016534 
  194, 0.059762, 0.034683, 0.016678 
  195, 0.059762, 0.033455, 0.013892 
  196, 0.059762, 0.030546, 0.014642 
  197, 0.059762, 0.022878, 0.012083 
  198, 0.059762, 0.023947, 0.013047 
  199, 0.059762, 0.030551, 0.014779 
  200, 0.059762, 0.028500, 0.014522 
  201, 0.059762, 0.040511, 0.016605 
  202, 0.059762, 0.031762, 0.013593 
  203, 0.059762, 0.032150, 0.018539 
  204, 0.059762, 0.029480, 0.016626 
  205, 0.059762, 0.037050, 0.019645 
  206, 0.059762, 0.038369, 0.017474 
  207, 0.059762, 0.039270, 0.017451 
  208, 0.059762, 0.038472, 0.017350 
  209, 0.059762, 0.037269, 0.016581 
  210, 0.059762, 0.036578, 0.015471 
  211, 0.059762, 0.034791, 0.015139 
  212, 0.059762, 0.027397, 0.014340 
  213, 0.059762, 0.029870, 0.017096 
  214, 0.059762, 0.038823, 0.020793 
  215, 0.059762, 0.040526, 0.018039 
  216, 0.059762, 0.038485, 0.018233 
  217, 0.059762, 0.035866, 0.016227 
  218, 0.059762, 0.030391, 0.015818 
  219, 0.059762, 0.027534, 0.016863 
  220, 0.059762, 0.026442, 0.015413 
  221, 0.059762, 0.031133, 0.018407 
  222, 0.059762, 0.028887, 0.015644 
  223, 0.059762, 0.029377, 0.015450 
  224, 0.059762, 0.026702, 0.014439 
  225, 0.059762, 0.028237, 0.019056 
  226, 0.059762, 0.028456, 0.016706 
  227, 0.059762, 0.028721, 0.016996 
  228, 0.059762, 0.031275, 0.017013 
  229, 0.059762, 0.028338, 0.014816 
  230, 0.059762, 0.032159, 0.016360 
  231, 0.059762, 0.032095, 0.019115 
  232, 0.059762, 0.036927, 0.016967 
  233, 0.059762, 0.032370, 0.016642 
  234, 0.059762, 0.032343, 0.018324 
  235, 0.059762, 0.032202, 0.017679 
  236, 0.059762, 0.032332, 0.017080 
  237, 0.059762, 0.035092, 0.016504 
  238, 0.059762, 0.042032, 0.015482 
  239, 0.059762, 0.039095, 0.012415 
  240, 0.059762, 0.034837, 0.016201 
  241, 0.059762, 0.039117, 0.011975 
  242, 0.059762, 0.042123, 0.014832 
  243, 0.059762, 0.032095, 0.014568 
  244, 0.059762, 0.027717, 0.014396 
  245, 0.059762, 0.031030, 0.019957 
  246, 0.059762, 0.037343, 0.020874 
  247, 0.059762, 0.030822, 0.015816 
  248, 0.059762, 0.028019, 0.015257 
  249, 0.059762, 0.025807, 0.017924 
  250, 0.059762, 0.030787, 0.014505 
  251, 0.059762, 0.034740, 0.017617 
  252, 0.059762, 0.040051, 0.016273 
  253, 0.059762, 0.033706, 0.014511 
  254, 0.059762, 0.035603, 0.018477 
  255, 0.059762, 0.036525, 0.017101 
  256, 0.059762, 0.030366, 0.015019 
  257, 0.059762, 0.030142, 0.014410 
  258, 0.059762, 0.036208, 0.019876 
  259, 0.059762, 0.031216, 0.016504 
  260, 0.059762, 0.036777, 0.017366 
  261, 0.059762, 0.036717, 0.016888 
  262, 0.059762, 0.031431, 0.015092 
  263, 0.059762, 0.028856, 0.014830 
  264, 0.059762, 0.039077, 0.019169 
  265, 0.059762, 0.029895, 0.015709 
  266, 0.059762, 0.029556, 0.017207 
  267, 0.059762, 0.024306, 0.017411 
  268, 0.059762, 0.029765, 0.016069 
  269, 0.059762, 0.029004, 0.016475 
  270, 0.059762, 0.032173, 0.016367 
  271, 0.059762, 0.027274, 0.017056 
  272, 0.059762, 0.039133, 0.018053 
  273, 0.059762, 0.034792, 0.014592 
  274, 0.059762, 0.030201, 0.014020 
  275, 0.059762, 0.032884, 0.016736 
  276, 0.059762, 0.031803, 0.015640 
  277, 0.059762, 0.025865, 0.015817 
  278, 0.059762, 0.033099, 0.016300 
  279, 0.059762, 0.028996, 0.016709 
  280, 0.059762, 0.037136, 0.018173 
  281, 0.059762, 0.037164, 0.015926 
  282, 0.059762, 0.041184, 0.016237 
  283, 0.059762, 0.031465, 0.011624 
  284, 0.059762, 0.033229, 0.017117 
  285, 0.059762, 0.035824, 0.020315 
  286, 0.059762, 0.033246, 0.015029 
  287, 0.059762, 0.022573, 0.013656 
  288, 0.059762, 0.024515, 0.015676 
  289, 0.059762, 0.033350, 0.016086 
  290, 0.059762, 0.024578, 0.011494 
  291, 0.059762, 0.033207, 0.015325 
  292, 0.059762, 0.033342, 0.018799 
  293, 0.059762, 0.032167, 0.020727 
  294, 0.059762, 0.031985, 0.018346 
  295, 0.059762, 0.029886, 0.017711 
  296, 0.059762, 0.032921, 0.017696 
  297, 0.059762, 0.028339, 0.015003 
  298, 0.059762, 0.027207, 0.014226 
  299, 0.059762, 0.029991, 0.020422 
  300, 0.059762, 0.027225, 0.012522 
  301, 0.059762, 0.030098, 0.018077 
  302, 0.059762, 0.026579, 0.016292 
  303, 0.059762, 0.034821, 0.015991 
  304, 0.059762, 0.034971, 0.020169 
  305, 0.059762, 0.035768, 0.015840 
  306, 0.059762, 0.035054, 0.015516 
  307, 0.059762, 0.037666, 0.020716 
  308, 0.059762, 0.034145, 0.016844 
  309, 0.059762, 0.041704, 0.013558 
  310, 0.059762, 0.033680, 0.015655 
  311, 0.059762, 0.036005, 0.018038 
  312, 0.059762, 0.032187, 0.015388 
  313, 0.059762, 0.032273, 0.014518 
  314, 0.059762, 0.038520, 0.019326 
  315, 0.059762, 0.036476, 0.014398 
  316, 0.059762, 0.038634, 0.017481 
  317, 0.059762, 0.041150, 0.014831 
  318, 0.059762, 0.044357, 0.017369 
  319, 0.059762, 0.044307, 0.015231 
  320, 0.059762, 0.042235, 0.016452 
  321, 0.059762, 0.032916, 0.016054 
  322, 0.059762, 0.037698, 0.018210 
  323, 0.059762, 0.044006, 0.015410 
  324, 0.059762, 0.037495, 0.016884 
  325, 0.059762, 0.030447, 0.017395 
  326, 0.059762, 0.032903, 0.014814 
  327, 0.059762, 0.035079, 0.018702 
  328, 0.059762, 0.038015, 0.017417 
  329, 0.059762, 0.035318, 0.019727 
  330, 0.059762, 0.039282, 0.016858 
  331, 0.059762, 0.034744, 0.015301 
  332, 0.059762, 0.034281, 0.016612 
  333, 0.059762, 0.035748, 0.017158 
  334, 0.059762, 0.025409, 0.015163 
  335, 0.059762, 0.025248, 0.018664 
  336, 0.059762, 0.025964, 0.015889 
  337, 0.059762, 0.040392, 0.020104 
  338, 0.059762, 0.039142, 0.019527 
  339, 0.059762, 0.045986, 0.017078 
  340, 0.059762, 0.042064, 0.018352 
  341, 0.059762, 0.041575, 0.018412 
  342, 0.059762, 0.036215, 0.019923 
  343, 0.059762, 0.034210, 0.013564 
  344, 0.059762, 0.027451, 0.014770 
  345, 0.059762, 0.030584, 0.017193 
  346, 0.059762, 0.029841, 0.018043 
  347, 0.059762, 0.031769, 0.016190 
  348, 0.059762, 0.036357, 0.014355 
  349, 0.059762, 0.032680, 0.015903 
  350, 0.059762, 0.032817, 0.016828 
  351, 0.059762, 0.025663, 0.013356 
  352, 0.059762, 0.032560, 0.017797 
  353, 0.059762, 0.028955, 0.014001 
  354, 0.059762, 0.031167, 0.016363 
  355, 0.059762, 0.031880, 0.016245 
  356, 0.059762, 0.037482, 0.018193 
  357, 0.059762, 0.038066, 0.016621 
  358, 0.059762, 0.041751, 0.016705 
  359, 0.059762, 0.032467, 0.017209 
  360, 0.059762, 0.033878, 0.019370 
  361, 0.059762, 0.038395, 0.017778 
  362, 0.059762, 0.042425, 0.017590 
  363, 0.059762, 0.030303, 0.017528 
  364, 0.059762, 0.024043, 0.016930 
  365, 0.059762, 0.026618, 0.017726 
  366, 0.059762, 0.032342, 0.018425 
  367, 0.059762, 0.036385, 0.019960 
  368, 0.059762, 0.041471, 0.016819 
  369, 0.059762, 0.025734, 0.015188 
  370, 0.059762, 0.031238, 0.014930 
  371, 0.059762, 0.029498, 0.016174 
  372, 0.059762, 0.034573, 0.018067 
  373, 0.059762, 0.031661, 0.013698 
  374, 0.059762, 0.032393, 0.016662 
  375, 0.059762, 0.031903, 0.015224 
  376, 0.059762, 0.032861, 0.017773 
  377, 0.059762, 0.033585, 0.015834 
  378, 0.059762, 0.030940, 0.014033 
  379, 0.059762, 0.030745, 0.015116 
  380, 0.059762, 0.027853, 0.014489 
  381, 0.059762, 0.035228, 0.020104 
  382, 0.059762, 0.034036, 0.018902 
  383, 0.059762, 0.038911, 0.019535 
  384, 0.059762, 0.026618, 0.016866 
  385, 0.059762, 0.037317, 0.019156 
  386, 0.059762, 0.030444, 0.017626 
  387, 0.059762, 0.031850, 0.016217 
  388, 0.059762, 0.038254, 0.016772 
  389, 0.059762, 0.038629, 0.015169 
  390, 0.059762, 0.038515, 0.015176 
  391, 0.059762, 0.039300, 0.015902 
  392, 0.059762, 0.040274, 0.017981 
  393, 0.059762, 0.041189, 0.015042 
  394, 0.059762, 0.036407, 0.014968 
  395, 0.059762, 0.032967, 0.014465 
  396, 0.059762, 0.029777, 0.014475 
  397, 0.059762, 0.029168, 0.016797 
  398, 0.059762, 0.031188, 0.015230 
  399, 0.059762, 0.031137, 0.013543 
  400, 0.059762, 0.031667, 0.019189 
  401, 0.059762, 0.036110, 0.017301 
  402, 0.059762, 0.033376, 0.015226 
  403, 0.059762, 0.031472, 0.017045 
  404, 0.059762, 0.033681, 0.015582 
  405, 0.059762, 0.030378, 0.014204 
  406, 0.059762, 0.028174, 0.013963 
  407, 0.059762, 0.027257, 0.014763 
  408, 0.059762, 0.033075, 0.013984 
  409, 0.059762, 0.029353, 0.012700 
  410, 0.059762, 0.032051, 0.016819 
  411, 0.059762, 0.032582, 0.013875 
  412, 0.059762, 0.026489, 0.016401 
  413, 0.059762, 0.027770, 0.018238 
  414, 0.059762, 0.038478, 0.015559 
  415, 0.059762, 0.040005, 0.011699 
  416, 0.059762, 0.044168, 0.017285 
  417, 0.059762, 0.035384, 0.016933 
  418, 0.059762, 0.034565, 0.018786 
  419, 0.059762, 0.030127, 0.015674 
  420, 0.059762, 0.026016, 0.012876 
  421, 0.059762, 0.033351, 0.019239 
  422, 0.059762, 0.029198, 0.014537 
  423, 0.059762, 0.030885, 0.016376 
  424, 0.059762, 0.030357, 0.017352 
  425, 0.059762, 0.038250, 0.021495 
  426, 0.059762, 0.041124, 0.018761 
  427, 0.059762, 0.041520, 0.018605 
  428, 0.059762, 0.041416, 0.015192 
  429, 0.059762, 0.036738, 0.017346 
  430, 0.059762, 0.036379, 0.016876 
  431, 0.059762, 0.038367, 0.018667 
  432, 0.059762, 0.034257, 0.012369 
  433, 0.059762, 0.032159, 0.013914 
  434, 0.059762, 0.037602, 0.016694 
  435, 0.059762, 0.033705, 0.012076 
  436, 0.059762, 0.033169, 0.015532 
  437, 0.059762, 0.035574, 0.016641 
  438, 0.059762, 0.041184, 0.018857 
  439, 0.059762, 0.036882, 0.015742 
  440, 0.059762, 0.029778, 0.016840 
  441, 0.059762, 0.035360, 0.020080 
  442, 0.059762, 0.040098, 0.017216 
  443, 0.059762, 0.036709, 0.018591 
  444, 0.059762, 0.030147, 0.012090 
  445, 0.059762, 0.037147, 0.015561 
  446, 0.059762, 0.028656, 0.016804 
  447, 0.059762, 0.033558, 0.019061 
  448, 0.059762, 0.029265, 0.015732 
  449, 0.059762, 0.035853, 0.021659 
  450, 0.059762, 0.037544, 0.014474 
  451, 0.059762, 0.032642, 0.016793 
  452, 0.059762, 0.033661, 0.016965 
  453, 0.059762, 0.029576, 0.015161 
  454, 0.059762, 0.024811, 0.016381 
  455, 0.059762, 0.024274, 0.016917 
  456, 0.059762, 0.027682, 0.017369 
  457, 0.059762, 0.035604, 0.019644 
  458, 0.059762, 0.033766, 0.018583 
  459, 0.059762, 0.035521, 0.018908 
  460, 0.059762, 0.028884, 0.019165 
  461, 0.059762, 0.031987, 0.016269 
  462, 0.059762, 0.032011, 0.013949 
  463, 0.059762, 0.036503, 0.017376 
  464, 0.059762, 0.027973, 0.015882 
  465, 0.059762, 0.025255, 0.016938 
  466, 0.059762, 0.034399, 0.019441 
  467, 0.059762, 0.029755, 0.016125 
  468, 0.059762, 0.031680, 0.012744 
  469, 0.059762, 0.035369, 0.015957 
  470, 0.059762, 0.035670, 0.017674 
  471, 0.059762, 0.034347, 0.013615 
  472, 0.059762, 0.029064, 0.014544 
  473, 0.059762, 0.033657, 0.016848 
  474, 0.059762, 0.041693, 0.016122 
  475, 0.059762, 0.043952, 0.018437 
  476, 0.059762, 0.035988, 0.014542 
  477, 0.059762, 0.032385, 0.017004 
  478, 0.059762, 0.036242, 0.016986 
  479, 0.059762, 0.034826, 0.018110 
  480, 0.059762, 0.031415, 0.016237 
  481, 0.059762, 0.030123, 0.014752 
  482, 0.059762, 0.034268, 0.013524 
  483, 0.059762, 0.031899, 0.011800 
  484, 0.059762, 0.038419, 0.014309 
  485, 0.059762, 0.033938, 0.014440 
  486, 0.059762, 0.029613, 0.015189 
  487, 0.059762, 0.037071, 0.020294 
  488, 0.059762, 0.028223, 0.017303 
  489, 0.059762, 0.035556, 0.022325 
  490, 0.059762, 0.035520, 0.020711 
  491, 0.059762, 0.046113, 0.016385 
  492, 0.059762, 0.038089, 0.013618 
  493, 0.059762, 0.041272, 0.016905 
  494, 0.059762, 0.039238, 0.015475 
  495, 0.059762, 0.040212, 0.017814 
  496, 0.059762, 0.041169, 0.016228 
  497, 0.059762, 0.036872, 0.015864 
  498, 0.059762, 0.034875, 0.017532 
  499, 0.059762, 0.029834, 0.013182 
  500, 0.059762, 0.023633, 0.019600 
  501, 0.059762, 0.030935, 0.017259 
  502, 0.059762, 0.026307, 0.018898 
  503, 0.059762, 0.026904, 0.020054 
  504, 0.059762, 0.027165, 0.011774 
  505, 0.059762, 0.032262, 0.015328 
  506, 0.059762, 0.029164, 0.015464 
  507, 0.059762, 0.029930, 0.014538 
  508, 0.059762, 0.028257, 0.017603 
  509, 0.059762, 0.034030, 0.017593 
  510, 0.059762, 0.036217, 0.012886 
  511, 0.059762, 0.033899, 0.017372 
  512, 0.059762, 0.036688, 0.016910 
  513, 0.059762, 0.043180, 0.016465 
  514, 0.059762, 0.038845, 0.019249 
  515, 0.059762, 0.038037, 0.016794 
  516, 0.059762, 0.030118, 0.014095 
  517, 0.059762, 0.032848, 0.017669 
  518, 0.059762, 0.025745, 0.015474 
  519, 0.059762, 0.029048, 0.022155 
  520, 0.059762, 0.042280, 0.020893 
  521, 0.059762, 0.034684, 0.019781 
  522, 0.059762, 0.036262, 0.015652 
  523, 0.059762, 0.035963, 0.016349 
  524, 0.059762, 0.038861, 0.016730 
  525, 0.059762, 0.032204, 0.016085 
  526, 0.059762, 0.035245, 0.019008 
  527, 0.059762, 0.037354, 0.015925 
  528, 0.059762, 0.034938, 0.014479 
  529, 0.059762, 0.031174, 0.017294 
  530, 0.059762, 0.033850, 0.019028 
  531, 0.059762, 0.029620, 0.015344 
  532, 0.059762, 0.024899, 0.014534 
  533, 0.059762, 0.026598, 0.016589 
  534, 0.059762, 0.033992, 0.018900 
  535, 0.059762, 0.039754, 0.019344 
  536, 0.059762, 0.034380, 0.018485 
  537, 0.059762, 0.034262, 0.019612 
  538, 0.059762, 0.031714, 0.016564 
  539, 0.059762, 0.027440, 0.016184 
  540, 0.059762, 0.037673, 0.019817 
  541, 0.059762, 0.032762, 0.017338 
  542, 0.059762, 0.040719, 0.015806 
  543, 0.059762, 0.035091, 0.019941 
  544, 0.059762, 0.040638, 0.018917 
  545, 0.059762, 0.032173, 0.016564 
  546, 0.059762, 0.037556, 0.017190 
  547, 0.059762, 0.035162, 0.012394 
  548, 0.059762, 0.043315, 0.018997 
  549, 0.059762, 0.038507, 0.014586 
  550, 0.059762, 0.036566, 0.017463 
  551, 0.059762, 0.031662, 0.014742 
  552, 0.059762, 0.035243, 0.018531 
  553, 0.059762, 0.030503, 0.016309 
  554, 0.059762, 0.028596, 0.016657 
  555, 0.059762, 0.034080, 0.017870 
  556, 0.059762, 0.032616, 0.016933 
  557, 0.059762, 0.037676, 0.019409 
  558, 0.059762, 0.034451, 0.018304 
  559, 0.059762, 0.033115, 0.018163 
  560, 0.059762, 0.033767, 0.013891 
  561, 0.059762, 0.032916, 0.016891 
  562, 0.059762, 0.030583, 0.014607 
  563, 0.059762, 0.032402, 0.014473 
  564, 0.059762, 0.026453, 0.011362 
  565, 0.059762, 0.031721, 0.016954 
  566, 0.059762, 0.032646, 0.015559 
  567, 0.059762, 0.028345, 0.018914 
  568, 0.059762, 0.033760, 0.018096 
  569, 0.059762, 0.033081, 0.015724 
  570, 0.059762, 0.035185, 0.018611 
  571, 0.059762, 0.036728, 0.015550 
  572, 0.059762, 0.039296, 0.021820 
  573, 0.059762, 0.039173, 0.017918 
  574, 0.059762, 0.035978, 0.016632 
  575, 0.059762, 0.039877, 0.016955 
  576, 0.059762, 0.032211, 0.014772 
  577, 0.059762, 0.033877, 0.016441 
  578, 0.059762, 0.024425, 0.014072 
  579, 0.059762, 0.032323, 0.020085 
  580, 0.059762, 0.034050, 0.019361 
  581, 0.059762, 0.023891, 0.013796 
  582, 0.059762, 0.034871, 0.020855 
  583, 0.059762, 0.033050, 0.016783 
  584, 0.059762, 0.038885, 0.018156 
  585, 0.059762, 0.033203, 0.016055 
  586, 0.059762, 0.033282, 0.017255 
  587, 0.059762, 0.029885, 0.014698 
  588, 0.059762, 0.028173, 0.017565 
  589, 0.059762, 0.037626, 0.020217 
  590, 0.059762, 0.038240, 0.017929 
  591, 0.059762, 0.036153, 0.014065 
  592, 0.059762, 0.034442, 0.017783 
  593, 0.059762, 0.031323, 0.017096 
  594, 0.059762, 0.032221, 0.015872 
  595, 0.059762, 0.029598, 0.017580 
  596, 0.059762, 0.033184, 0.014410 
  597, 0.059762, 0.027039, 0.012706 
  598, 0.059762, 0.026509, 0.013486 
  599, 0.059762, 0.033088, 0.019170 
  600, 0.059762, 0.035038, 0.017479 
  601, 0.059762, 0.035033, 0.016003 
  602, 0.059762, 0.029761, 0.015870 
  603, 0.059762, 0.026103, 0.014528 
  604, 0.059762, 0.036766, 0.014405 
  605, 0.059762, 0.035868, 0.013171 
  606, 0.059762, 0.029079, 0.013350 
  607, 0.059762, 0.036540, 0.020063 
  608, 0.059762, 0.030578, 0.017342 
  609, 0.059762, 0.030991, 0.017529 
  610, 0.059762, 0.034942, 0.016126 
  611, 0.059762, 0.034557, 0.013751 
  612, 0.059762, 0.031393, 0.017375 
  613, 0.059762, 0.030678, 0.018065 
  614, 0.059762, 0.035563, 0.016789 
  615, 0.059762, 0.038557, 0.021021 
  616, 0.059762, 0.033569, 0.020088 
  617, 0.059762, 0.035644, 0.015801 
  618, 0.059762, 0.035055, 0.017345 
  619, 0.059762, 0.039585, 0.013840 
  620, 0.059762, 0.033865, 0.014684 
  621, 0.059762, 0.036297, 0.014887 
  622, 0.059762, 0.037486, 0.015087 
  623, 0.059762, 0.034418, 0.015806 
  624, 0.059762, 0.030977, 0.016642 
  625, 0.059762, 0.042923, 0.016096 
  626, 0.059762, 0.039571, 0.015614 
  627, 0.059762, 0.030059, 0.018435 
  628, 0.059762, 0.033616, 0.019088 
  629, 0.059762, 0.038266, 0.015732 
  630, 0.059762, 0.027452, 0.016420 
  631, 0.059762, 0.027480, 0.018316 
  632, 0.059762, 0.032485, 0.017446 
  633, 0.059762, 0.027450, 0.012795 
  634, 0.059762, 0.035822, 0.017407 
  635, 0.059762, 0.032396, 0.017159 
  636, 0.059762, 0.037717, 0.012014 
  637, 0.059762, 0.032111, 0.018018 
  638, 0.059762, 0.033377, 0.019534 
  639, 0.059762, 0.034370, 0.018176 
  640, 0.059762, 0.034353, 0.016703 
  641, 0.059762, 0.030957, 0.017161 
  642, 0.059762, 0.030238, 0.014427 
  643, 0.059762, 0.030984, 0.014188 
  644, 0.059762, 0.031161, 0.018442 
  645, 0.059762, 0.030321, 0.020561 
  646, 0.059762, 0.042627, 0.019928 
  647, 0.059762, 0.039284, 0.017081 
  648, 0.059762, 0.031898, 0.014537 
  649, 0.059762, 0.032077, 0.016562 
  650, 0.059762, 0.035689, 0.018533 
  651, 0.059762, 0.037970, 0.013388 
  652, 0.059762, 0.038385, 0.015658 
  653, 0.059762, 0.034595, 0.011960 
  654, 0.059762, 0.028091, 0.013981 
  655, 0.059762, 0.026190, 0.014337 
  656, 0.059762, 0.032715, 0.019989 
  657, 0.059762, 0.039320, 0.015612 
  658, 0.059762, 0.035532, 0.012263 
  659, 0.059762, 0.034060, 0.019105 
  660, 0.059762, 0.037654, 0.015079 
  661, 0.059762, 0.037069, 0.016729 
  662, 0.059762, 0.035112, 0.016159 
  663, 0.059762, 0.036996, 0.017182 
  664, 0.059762, 0.037809, 0.015103 
  665, 0.059762, 0.033327, 0.011253 
  666, 0.059762, 0.032464, 0.017155 
  667, 0.059762, 0.036059, 0.016918 
  668, 0.059762, 0.035818, 0.013311 
  669, 0.059762, 0.030622, 0.016814 
  670, 0.059762, 0.035319, 0.018514 
  671, 0.059762, 0.032908, 0.015119 
  672, 0.059762, 0.026461, 0.014979 
  673, 0.059762, 0.028174, 0.017254 
  674, 0.059762, 0.030449, 0.015360 
  675, 0.059762, 0.032133, 0.020186 
  676, 0.059762, 0.038785, 0.015799 
  677, 0.059762, 0.043349, 0.014123 
  678, 0.059762, 0.038646, 0.014172 
  679, 0.059762, 0.035456, 0.015351 
  680, 0.059762, 0.037575, 0.018426 
  681, 0.059762, 0.036128, 0.018875 
  682, 0.059762, 0.035964, 0.018490 
  683, 0.059762, 0.033276, 0.014906 
  684, 0.059762, 0.030259, 0.014225 
  685, 0.059762, 0.034459, 0.018164 
  686, 0.059762, 0.036575, 0.016551 
  687, 0.059762, 0.033946, 0.016208 
  688, 0.059762, 0.036675, 0.011874 
  689, 0.059762, 0.031652, 0.015793 
  690, 0.059762, 0.030569, 0.016574 
  691, 0.059762, 0.027343, 0.018787 
  692, 0.059762, 0.034258, 0.019736 
  693, 0.059762, 0.038322, 0.016299 
  694, 0.059762, 0.037951, 0.016700 
  695, 0.059762, 0.036000, 0.015472 
  696, 0.059762, 0.035538, 0.017105 
  697, 0.059762, 0.030036, 0.014358 
  698, 0.059762, 0.035809, 0.013340 
  699, 0.059762, 0.035046, 0.018457 
  700, 0.059762, 0.036839, 0.015279 
  701, 0.059762, 0.035620, 0.011639 
  702, 0.059762, 0.030758, 0.014808 
  703, 0.059762, 0.029501, 0.016662 
  704, 0.059762, 0.035427, 0.017293 
  705, 0.059762, 0.039321, 0.018471 
  706, 0.059762, 0.044451, 0.018017 
  707, 0.059762, 0.042708, 0.015348 
  708, 0.059762, 0.040227, 0.017520 
  709, 0.059762, 0.032542, 0.017007 
  710, 0.059762, 0.033829, 0.018006 
  711, 0.059762, 0.031353, 0.015321 
  712, 0.059762, 0.033976, 0.014589 
  713, 0.059762, 0.034854, 0.014878 
  714, 0.059762, 0.038881, 0.015686 
  715, 0.059762, 0.035858, 0.015341 
  716, 0.059762, 0.040399, 0.014463 
  717, 0.059762, 0.033677, 0.015691 
  718, 0.059762, 0.033390, 0.015688 
  719, 0.059762, 0.033529, 0.017758 
  720, 0.059762, 0.032512, 0.020197 
  721, 0.059762, 0.035784, 0.018616 
  722, 0.059762, 0.035262, 0.015041 
  723, 0.059762, 0.035138, 0.014750 
  724, 0.059762, 0.034100, 0.015986 
  725, 0.059762, 0.035201, 0.016726 
  726, 0.059762, 0.038328, 0.019528 
  727, 0.059762, 0.037684, 0.021043 
  728, 0.059762, 0.047116, 0.014819 
  729, 0.059762, 0.036895, 0.016826 
  730, 0.059762, 0.030087, 0.013731 
  731, 0.059762, 0.027564, 0.015016 
  732, 0.059762, 0.028139, 0.016424 
  733, 0.059762, 0.040496, 0.019077 
  734, 0.059762, 0.029022, 0.013959 
  735, 0.059762, 0.033107, 0.011303 
  736, 0.059762, 0.031891, 0.014997 
  737, 0.059762, 0.027092, 0.015821 
  738, 0.059762, 0.033191, 0.019372 
  739, 0.059762, 0.027913, 0.018001 
  740, 0.059762, 0.032025, 0.017069 
  741, 0.059762, 0.032820, 0.017956 
  742, 0.059762, 0.037903, 0.015591 
  743, 0.059762, 0.033790, 0.016151 
  744, 0.059762, 0.028076, 0.015801 
  745, 0.059762, 0.027696, 0.013643 
  746, 0.059762, 0.032432, 0.020241 
  747, 0.059762, 0.036415, 0.018080 
  748, 0.059762, 0.030668, 0.014951 
  749, 0.059762, 0.027547, 0.014209 
  750, 0.059762, 0.029569, 0.015739 
  751, 0.059762, 0.031294, 0.014980 
  752, 0.059762, 0.039219, 0.013349 
  753, 0.059762, 0.036752, 0.012853 
  754, 0.059762, 0.030131, 0.009819 
  755, 0.059762, 0.031263, 0.015248 
  756, 0.059762, 0.030341, 0.015018 
  757, 0.059762, 0.035096, 0.015586 
  758, 0.059762, 0.034161, 0.016185 
  759, 0.059762, 0.033561, 0.012486 
  760, 0.059762, 0.033534, 0.015265 
  761, 0.059762, 0.029551, 0.015865 
  762, 0.059762, 0.036177, 0.016618 
  763, 0.059762, 0.034447, 0.016011 
  764, 0.059762, 0.030282, 0.017415 
  765, 0.059762, 0.037415, 0.015025 
  766, 0.059762, 0.045496, 0.015881 
  767, 0.059762, 0.038502, 0.015988 
  768, 0.059762, 0.042269, 0.016906 
  769, 0.059762, 0.039885, 0.015639 
  770, 0.059762, 0.038318, 0.019038 
  771, 0.059762, 0.033882, 0.017439 
  772, 0.059762, 0.026474, 0.017549 
  773, 0.059762, 0.034942, 0.018062 
  774, 0.059762, 0.034475, 0.013433 
  775, 0.059762, 0.031347, 0.016025 
  776, 0.059762, 0.032302, 0.016090 
  777, 0.059762, 0.027975, 0.014673 
  778, 0.059762, 0.031533, 0.017637 
  779, 0.059762, 0.029709, 0.016812 
  780, 0.059762, 0.030712, 0.018985 
  781, 0.059762, 0.036906, 0.018411 
  782, 0.059762, 0.035496, 0.015732 
  783, 0.059762, 0.042031, 0.018203 
  784, 0.059762, 0.038159, 0.019896 
  785, 0.059762, 0.030349, 0.018635 
  786, 0.059762, 0.030104, 0.017982 
  787, 0.059762, 0.030488, 0.014075 
  788, 0.059762, 0.027679, 0.012648 
  789, 0.059762, 0.032199, 0.017556 
  790, 0.059762, 0.034440, 0.012934 
  791, 0.059762, 0.034398, 0.016281 
  792, 0.059762, 0.031363, 0.017441 
  793, 0.059762, 0.031053, 0.017460 
  794, 0.059762, 0.041326, 0.019595 
  795, 0.059762, 0.036852, 0.016932 
  796, 0.059762, 0.035705, 0.016623 
  797, 0.059762, 0.032925, 0.013589 
  798, 0.059762, 0.035049, 0.013955 
  799, 0.059762, 0.034749, 0.017204 
  800, 0.059762, 0.038649, 0.016532 
  801, 0.059762, 0.037968, 0.014947 
  802, 0.059762, 0.032510, 0.014441 
  803, 0.059762, 0.026097, 0.013330 
  804, 0.059762, 0.026691, 0.016978 
  805, 0.059762, 0.031807, 0.018033 
  806, 0.059762, 0.039226, 0.015662 
  807, 0.059762, 0.035460, 0.015962 
  808, 0.059762, 0.032904, 0.015599 
  809, 0.059762, 0.038188, 0.020120 
  810, 0.059762, 0.031807, 0.017095 
  811, 0.059762, 0.031846, 0.015693 
  812, 0.059762, 0.037118, 0.016317 
  813, 0.059762, 0.037015, 0.014836 
  814, 0.059762, 0.026685, 0.010225 
  815, 0.059762, 0.033132, 0.013303 
  816, 0.059762, 0.030202, 0.019227 
  817, 0.059762, 0.034658, 0.017163 
  818, 0.059762, 0.032227, 0.013847 
  819, 0.059762, 0.028964, 0.013313 
  820, 0.059762, 0.035309, 0.021938 
  821, 0.059762, 0.039442, 0.020059 
  822, 0.059762, 0.036111, 0.018404 
  823, 0.059762, 0.033464, 0.018433 
  824, 0.059762, 0.041497, 0.017493 
  825, 0.059762, 0.033549, 0.014138 
  826, 0.059762, 0.037357, 0.017646 
  827, 0.059762, 0.037531, 0.016159 
  828, 0.059762, 0.038443, 0.013721 
  829, 0.059762, 0.035342, 0.013890 
  830, 0.059762, 0.033920, 0.018744 
  831, 0.059762, 0.040521, 0.021399 
  832, 0.059762, 0.031810, 0.018989 
  833, 0.059762, 0.028415, 0.017570 
  834, 0.059762, 0.042925, 0.018214 
  835, 0.059762, 0.037100, 0.012626 
  836, 0.059762, 0.039052, 0.017550 
  837, 0.059762, 0.030572, 0.014797 
  838, 0.059762, 0.031455, 0.018071 
  839, 0.059762, 0.036151, 0.020727 
  840, 0.059762, 0.040285, 0.019897 
  841, 0.059762, 0.039280, 0.016592 
  842, 0.059762, 0.036968, 0.017897 
  843, 0.059762, 0.034020, 0.013291 
  844, 0.059762, 0.034972, 0.014246 
  845, 0.059762, 0.035677, 0.013685 
  846, 0.059762, 0.039415, 0.017644 
  847, 0.059762, 0.034587, 0.016568 
  848, 0.059762, 0.036337, 0.018020 
  849, 0.059762, 0.026820, 0.013985 
  850, 0.059762, 0.032834, 0.016192 
  851, 0.059762, 0.031954, 0.014500 
  852, 0.059762, 0.036401, 0.012224 
  853, 0.059762, 0.033562, 0.014074 
  854, 0.059762, 0.033383, 0.017146 
  855, 0.059762, 0.030207, 0.015606 
  856, 0.059762, 0.027092, 0.015433 
  857, 0.059762, 0.029210, 0.017001 
  858, 0.059762, 0.033215, 0.021030 
  859, 0.059762, 0.035576, 0.018923 
  860, 0.059762, 0.034045, 0.014616 
  861, 0.059762, 0.037818, 0.018042 
  862, 0.059762, 0.042364, 0.018271 
  863, 0.059762, 0.032323, 0.016982 
  864, 0.059762, 0.030148, 0.015557 
  865, 0.059762, 0.034218, 0.015665 
  866, 0.059762, 0.032334, 0.017274 
  867, 0.059762, 0.033131, 0.014966 
  868, 0.059762, 0.030416, 0.018371 
  869, 0.059762, 0.027165, 0.013437 
  870, 0.059762, 0.031322, 0.017262 
  871, 0.059762, 0.033815, 0.018710 
  872, 0.059762, 0.033856, 0.015583 
  873, 0.059762, 0.034532, 0.013550 
  874, 0.059762, 0.032863, 0.015844 
  875, 0.059762, 0.028327, 0.014769 
  876, 0.059762, 0.026985, 0.015119 
  877, 0.059762, 0.032688, 0.018211 
  878, 0.059762, 0.036911, 0.019578 
  879, 0.059762, 0.037121, 0.018626 
  880, 0.059762, 0.036404, 0.017087 
  881, 0.059762, 0.033415, 0.016361 
  882, 0.059762, 0.039934, 0.018675 
  883, 0.059762, 0.042795, 0.017396 
  884, 0.059762, 0.040337, 0.013927 
  885, 0.059762, 0.040759, 0.014908 
  886, 0.059762, 0.035422, 0.013635 
  887, 0.059762, 0.040874, 0.015628 
  888, 0.059762, 0.035643, 0.013668 
  889, 0.059762, 0.036437, 0.012597 
  890, 0.059762, 0.036023, 0.018805 
  891, 0.059762, 0.037553, 0.019568 
  892, 0.059762, 0.037410, 0.016695 
  893, 0.059762, 0.032978, 0.014033 
  894, 0.059762, 0.030584, 0.014578 
  895, 0.059762, 0.033528, 0.016580 
  896, 0.059762, 0.031060, 0.016781 
  897, 0.059762, 0.031871, 0.016903 
  898, 0.059762, 0.033799, 0.016820 
  899, 0.059762, 0.035981, 0.021405 
  900, 0.059762, 0.036529, 0.016081 
  901, 0.059762, 0.030172, 0.015380 
  902, 0.059762, 0.032594, 0.017694 
  903, 0.059762, 0.039560, 0.017423 
  904, 0.059762, 0.036971, 0.017001 
  905, 0.059762, 0.029452, 0.016266 
  906, 0.059762, 0.030765, 0.016949 
  907, 0.059762, 0.028956, 0.016329 
  908, 0.059762, 0.030775, 0.014216 
  909, 0.059762, 0.031257, 0.016662 
  910, 0.059762, 0.037856, 0.017153 
  911, 0.059762, 0.031053, 0.014021 
  912, 0.059762, 0.035861, 0.016238 
  913, 0.059762, 0.040922, 0.014300 
  914, 0.059762, 0.042909, 0.017973 
  915, 0.059762, 0.035132, 0.016932 
  916, 0.059762, 0.037053, 0.015884 
  917, 0.059762, 0.032899, 0.018375 
  918, 0.059762, 0.040354, 0.016904 
  919, 0.059762, 0.035081, 0.016581 
  920, 0.059762, 0.033913, 0.018749 
  921, 0.059762, 0.035684, 0.018567 
  922, 0.059762, 0.028025, 0.016463 
  923, 0.059762, 0.032763, 0.016842 
  924, 0.059762, 0.040413, 0.013900 
  925, 0.059762, 0.033195, 0.014193 
  926, 0.059762, 0.029713, 0.016001 
  927, 0.059762, 0.027251, 0.011996 
  928, 0.059762, 0.036606, 0.020002 
  929, 0.059762, 0.035407, 0.015731 
  930, 0.059762, 0.033379, 0.012649 
  931, 0.059762, 0.033380, 0.015334 
  932, 0.059762, 0.027282, 0.014211 
  933, 0.059762, 0.038157, 0.019614 
  934, 0.059762, 0.036931, 0.016062 
  935, 0.059762, 0.031520, 0.013985 
  936, 0.059762, 0.030495, 0.014577 
  937, 0.059762, 0.030650, 0.011592 
  938, 0.059762, 0.029494, 0.017335 
  939, 0.059762, 0.027180, 0.017334 
  940, 0.059762, 0.033516, 0.019368 
  941, 0.059762, 0.037022, 0.020437 
  942, 0.059762, 0.043019, 0.019118 
  943, 0.059762, 0.043117, 0.017396 
  944, 0.059762, 0.041196, 0.015664 
  945, 0.059762, 0.035893, 0.011775 
  946, 0.059762, 0.032849, 0.014714 
  947, 0.059762, 0.032675, 0.018339 
  948, 0.059762, 0.033457, 0.015553 
  949, 0.059762, 0.042809, 0.014415 
  950, 0.059762, 0.032032, 0.016139 
  951, 0.059762, 0.030782, 0.016336 
  952, 0.059762, 0.036185, 0.016806 
  953, 0.059762, 0.040199, 0.017373 
  954, 0.059762, 0.039389, 0.014514 
  955, 0.059762, 0.034104, 0.015370 
  956, 0.059762, 0.036295, 0.017673 
  957, 0.059762, 0.035582, 0.017320 
  958, 0.059762, 0.039154, 0.018831 
  959, 0.059762, 0.033217, 0.013324 
  960, 0.059762, 0.041985, 0.020223 
  961, 0.059762, 0.038245, 0.016726 
  962, 0.059762, 0.038336, 0.014408 
  963, 0.059762, 0.038246, 0.016015 
  964, 0.059762, 0.034524, 0.014403 
  965, 0.059762, 0.043309, 0.018649 
  966, 0.059762, 0.047772, 0.016266 
  967, 0.059762, 0.036859, 0.013730 
  968, 0.059762, 0.037496, 0.016687 
  969, 0.059762, 0.029787, 0.015962 
  970, 0.059762, 0.031066, 0.013882 
  971, 0.059762, 0.032930, 0.013915 
  972, 0.059762, 0.036317, 0.017890 
  973, 0.059762, 0.036856, 0.016851 
  974, 0.059762, 0.042510, 0.015728 
  975, 0.059762, 0.038568, 0.015365 
  976, 0.059762, 0.031338, 0.016466 
  977, 0.059762, 0.029257, 0.017925 
  978, 0.059762, 0.034488, 0.021351 
  979, 0.059762, 0.035297, 0.014472 
  980, 0.059762, 0.036819, 0.020146 
  981, 0.059762, 0.033877, 0.017564 
  982, 0.059762, 0.035406, 0.017313 
  983, 0.059762, 0.031091, 0.017047 
  984, 0.059762, 0.031148, 0.021726 
  985, 0.059762, 0.039005, 0.020394 
  986, 0.059762, 0.041073, 0.015335 
  987, 0.059762, 0.032129, 0.016713 
  988, 0.059762, 0.032344, 0.016947 
  989, 0.059762, 0.032128, 0.015922 
  990, 0.059762, 0.035773, 0.013821 
  991, 0.059762, 0.036109, 0.015481 
  992, 0.059762, 0.037344, 0.018023 
  993, 0.059762, 0.031494, 0.014022 
  994, 0.059762, 0.036589, 0.018266 
  995, 0.059762, 0.032832, 0.020696 
  996, 0.059762, 0.032549, 0.019982 
  997, 0.059762, 0.042034, 0.014726 
  998, 0.059762, 0.032591, 0.018692 
  999, 0.059762, 0.032750, 0.016658 
 1000, 0.059762, 0.031274, 0.017389 

 Simulation completed

 Best member: 

 var(0) = 0
 var(1) = 0
 var(2) = 0
 var(3) = 0
 var(4) = 1
 var(5) = 1
 var(6) = 1
 var(7) = 0
 var(8) = 0
 var(9) = 0
 var(10) = 1
 var(11) = 1
 var(12) = 0
 var(13) = 0
 var(14) = 0
 var(15) = 0
 var(16) = 0
 var(17) = 1

 Best fitness = 0.059762