
 generation best average standard 
 number value fitness deviation 
 maxFlow:55 

    1, 0.047575, 0.047575, -1.#IND00 
    2, 0.047575, 0.046305, 0.001690 
    3, 0.047575, 0.035804, 0.007526 
    4, 0.047575, 0.039089, 0.013926 
    5, 0.047575, 0.042975, 0.004848 
    6, 0.047575, 0.037300, 0.012885 
    7, 0.047575, 0.033650, 0.015027 
    8, 0.047575, 0.039060, 0.008863 
    9, 0.047575, 0.027140, 0.007236 
   10, 0.047575, 0.036393, 0.012698 
   11, 0.047575, 0.047575, -1.#IND00 
   12, 0.047575, 0.032133, 0.014098 
   13, 0.047575, 0.039162, 0.010861 
   14, 0.047575, 0.036325, 0.005949 
   15, 0.047575, 0.032275, 0.016431 
   16, 0.047575, 0.027497, 0.017309 
   17, 0.047575, 0.031238, 0.015298 
   18, 0.047575, 0.032537, 0.013765 
   19, 0.047575, 0.027899, 0.010969 
   20, 0.047575, 0.029372, 0.007416 
   21, 0.047575, 0.026624, 0.008185 
   22, 0.047575, 0.034021, 0.011958 
   23, 0.047575, 0.041269, 0.013294 
   24, 0.047575, 0.038326, 0.012230 
   25, 0.047575, 0.033420, 0.009220 
   26, 0.047575, 0.030091, 0.007308 
   27, 0.047575, 0.038261, 0.009287 
   28, 0.047575, 0.034719, 0.014827 
   29, 0.047575, 0.042655, 0.006352 
   30, 0.047575, 0.033207, 0.013561 
   31, 0.047575, 0.031486, 0.016180 
   32, 0.047575, 0.032136, 0.013627 
   33, 0.047575, 0.035489, 0.016247 
   34, 0.047575, 0.046655, 0.002909 
   35, 0.047575, 0.033961, 0.015454 
   36, 0.047575, 0.034457, 0.015403 
   37, 0.047575, 0.029662, 0.013099 
   38, 0.047575, 0.036709, 0.014877 
   39, 0.047575, 0.034637, 0.014353 
   40, 0.047575, 0.028412, 0.013955 
   41, 0.047575, 0.034847, 0.016511 
   42, 0.047575, 0.028819, 0.017895 
   43, 0.047575, 0.039585, 0.016844 
   44, 0.047575, 0.041224, 0.013598 
   45, 0.047575, 0.030128, 0.010221 
   46, 0.047575, 0.033180, 0.015300 
   47, 0.047575, 0.034119, 0.012425 
   48, 0.047575, 0.035189, 0.013695 
   49, 0.047575, 0.037262, 0.014433 
   50, 0.047575, 0.039011, 0.013789 
   51, 0.047575, 0.035425, 0.010624 
   52, 0.047575, 0.040910, 0.012419 
   53, 0.047575, 0.038924, 0.008579 
   54, 0.047575, 0.041570, 0.012776 
   55, 0.047575, 0.045457, 0.001823 
   56, 0.047575, 0.036155, 0.008318 
   57, 0.047575, 0.030809, 0.012416 
   58, 0.047575, 0.043647, 0.008280 
   59, 0.047575, 0.035437, 0.008451 
   60, 0.047575, 0.032781, 0.008318 
   61, 0.047575, 0.031974, 0.015491 
   62, 0.047575, 0.040575, 0.007801 
   63, 0.047575, 0.037020, 0.004975 
   64, 0.047575, 0.029354, 0.012974 
   65, 0.047575, 0.042645, 0.012665 
   66, 0.047575, 0.030696, 0.013648 
   67, 0.047575, 0.032943, 0.013386 
   68, 0.047575, 0.035902, 0.015072 
   69, 0.047575, 0.043947, 0.011474 
   70, 0.047575, 0.039467, 0.009791 
   71, 0.047575, 0.038053, 0.013592 
   72, 0.047575, 0.029444, 0.014820 
   73, 0.047575, 0.031006, 0.013141 
   74, 0.047575, 0.029431, 0.017326 
   75, 0.047575, 0.039946, 0.010412 
   76, 0.047575, 0.029801, 0.008308 
   77, 0.047575, 0.025205, 0.008221 
   78, 0.047575, 0.034368, 0.014648 
   79, 0.047575, 0.041251, 0.012573 
   80, 0.047575, 0.047575, -1.#IND00 
   81, 0.047575, 0.043935, 0.011511 
   82, 0.047575, 0.037964, 0.010798 
   83, 0.047575, 0.039132, 0.009625 
   84, 0.047575, 0.039006, 0.011664 
   85, 0.047575, 0.032478, 0.012993 
   86, 0.047575, 0.040406, 0.011543 
   87, 0.047575, 0.046655, 0.002909 
   88, 0.047575, 0.038088, 0.015142 
   89, 0.047575, 0.045283, 0.004833 
   90, 0.047575, 0.028300, 0.013359 
   91, 0.047575, 0.032520, 0.015869 
   92, 0.047575, 0.039137, 0.015037 
   93, 0.047575, 0.039893, 0.013566 
   94, 0.047575, 0.032363, 0.014136 
   95, 0.047575, 0.037292, 0.010930 
   96, 0.047575, 0.044699, 0.009095 
   97, 0.047575, 0.033010, 0.013310 
   98, 0.047575, 0.040696, 0.012724 
   99, 0.047575, 0.043050, 0.010718 
  100, 0.047575, 0.030213, 0.016444  
Execute time is:8.601855 ms


 Simulation completed

 Best member: 

 var(0) = 0
 var(1) = 0
 var(2) = 1
 var(3) = 1
 var(4) = 1
 var(5) = 0
 var(6) = 1
 var(7) = 0
 var(8) = 0
 var(9) = 0
 var(10) = 0
 var(11) = 1
 var(12) = 0
 var(13) = 0
 var(14) = 0
 var(15) = 0
 var(16) = 0
 var(17) = 1

 Best fitness = 0.047575