
 generation best average standard 
 number value fitness deviation 
 maxFlow:26 

    1, 0.116865, 0.116865, 0.000000 
    2, 0.116865, 0.065323, 0.022702 
    3, 0.116865, 0.077501, 0.023451 
    4, 0.116865, 0.068967, 0.042687 
    5, 0.116865, 0.087146, 0.038395 
    6, 0.116865, 0.066378, 0.037264 
    7, 0.116865, 0.064454, 0.047782 
    8, 0.116865, 0.063366, 0.047436 
    9, 0.116865, 0.063855, 0.040885 
   10, 0.116865, 0.079555, 0.035221 
   11, 0.116865, 0.078752, 0.043043 
   12, 0.116865, 0.087944, 0.038493 
   13, 0.116865, 0.078042, 0.040923 
   14, 0.116865, 0.078567, 0.042144 
   15, 0.116865, 0.087773, 0.033246 
   16, 0.116865, 0.078534, 0.033265 
   17, 0.116865, 0.078638, 0.036885 
   18, 0.116865, 0.116865, 0.000000 
   19, 0.116865, 0.079163, 0.039819 
   20, 0.116865, 0.093187, 0.038569 
   21, 0.116865, 0.072653, 0.047024 
   22, 0.116865, 0.108518, 0.017597 
   23, 0.116865, 0.097590, 0.040680 
   24, 0.116865, 0.108365, 0.010974 
   25, 0.116865, 0.072666, 0.046918 
   26, 0.116865, 0.084031, 0.035639 
   27, 0.116865, 0.068568, 0.037190 
   28, 0.116865, 0.064980, 0.048085 
   29, 0.116865, 0.081896, 0.033019 
   30, 0.116865, 0.116865, 0.000000 
   31, 0.116865, 0.067711, 0.033373 
   32, 0.116865, 0.110577, 0.019885 
   33, 0.116865, 0.062632, 0.029039 
   34, 0.116865, 0.065390, 0.054259 
   35, 0.116865, 0.097541, 0.024947 
   36, 0.116865, 0.102586, 0.030101 
   37, 0.116865, 0.083009, 0.036868 
   38, 0.116865, 0.065401, 0.032449 
   39, 0.116865, 0.116865, 0.000000 
   40, 0.116865, 0.084310, 0.042573 
   41, 0.116865, 0.064314, 0.046378 
   42, 0.116865, 0.116865, 0.000000 
   43, 0.116865, 0.100262, 0.028681 
   44, 0.116865, 0.077480, 0.028395 
   45, 0.116865, 0.073521, 0.034820 
   46, 0.116865, 0.078559, 0.026786 
   47, 0.116865, 0.077063, 0.039273 
   48, 0.116865, 0.060007, 0.030014 
   49, 0.116865, 0.052511, 0.044432 
   50, 0.116865, 0.090365, 0.037681 
   51, 0.116865, 0.109334, 0.012126 
   52, 0.116865, 0.086465, 0.040084 
   53, 0.116865, 0.087754, 0.033098 
   54, 0.116865, 0.100802, 0.030575 
   55, 0.116865, 0.103163, 0.018836 
   56, 0.116865, 0.101691, 0.030190 
   57, 0.116865, 0.094365, 0.036228 
   58, 0.116865, 0.060236, 0.049654 
   59, 0.116865, 0.106528, 0.032687 
   60, 0.116865, 0.079300, 0.021780 
   61, 0.116865, 0.075750, 0.027866 
   62, 0.116865, 0.076913, 0.030425 
   63, 0.116865, 0.076203, 0.037286 
   64, 0.116865, 0.094930, 0.035319 
   65, 0.116865, 0.068333, 0.012202 
   66, 0.116865, 0.100176, 0.021546 
   67, 0.116865, 0.090508, 0.042715 
   68, 0.116865, 0.107836, 0.028553 
   69, 0.116865, 0.090167, 0.035533 
   70, 0.116865, 0.077616, 0.050671 
   71, 0.116865, 0.099603, 0.037420 
   72, 0.116865, 0.103088, 0.029045 
   73, 0.116865, 0.088489, 0.037411 
   74, 0.116865, 0.098509, 0.020679 
   75, 0.116865, 0.081668, 0.037100 
   76, 0.116865, 0.087989, 0.033801 
   77, 0.116865, 0.065643, 0.036466 
   78, 0.116865, 0.063700, 0.038969 
   79, 0.116865, 0.084846, 0.041743 
   80, 0.116865, 0.065816, 0.038557 
   81, 0.116865, 0.096528, 0.026452 
   82, 0.116865, 0.100165, 0.021560 
   83, 0.116865, 0.113812, 0.003218 
   84, 0.116865, 0.098802, 0.038080 
   85, 0.116865, 0.095832, 0.025115 
   86, 0.116865, 0.107164, 0.030675 
   87, 0.116865, 0.079916, 0.038174 
   88, 0.116865, 0.097929, 0.024723 
   89, 0.116865, 0.055827, 0.025289 
   90, 0.116865, 0.097254, 0.041343 
   91, 0.116865, 0.075396, 0.044861 
   92, 0.116865, 0.084979, 0.024419 
   93, 0.116865, 0.080890, 0.038395 
   94, 0.116865, 0.085286, 0.030497 
   95, 0.116865, 0.071851, 0.025094 
   96, 0.116865, 0.080207, 0.047632 
   97, 0.116865, 0.116865, 0.000000 
   98, 0.116865, 0.076514, 0.036676 
   99, 0.116865, 0.077781, 0.030670 
  100, 0.116865, 0.080890, 0.043861  
Execute time is:8.370637 ms


 Simulation completed

 Best member: 

 var(0) = 1
 var(1) = 0
 var(2) = 0
 var(3) = 1
 var(4) = 0
 var(5) = 0
 var(6) = 0
 var(7) = 0
 var(8) = 0
 var(9) = 0
 var(10) = 1
 var(11) = 1
 var(12) = 0
 var(13) = 1
 var(14) = 1
 var(15) = 0
 var(16) = 0
 var(17) = 1
 var(18) = 0
 var(19) = 0
 var(20) = 0
 var(21) = 0

 Best fitness = 0.116865