
 generation best average standard 
 number value fitness deviation 

    1, 0.001095, 0.001095, 0.000000 
    2, 0.003042, 0.001766, 0.000718 
    3, 0.005899, 0.003589, 0.002017 
    4, 0.007297, 0.005449, 0.002115 
    5, 0.007647, 0.004950, 0.001780 
    6, 0.009203, 0.005568, 0.002262 
    7, 0.015524, 0.008077, 0.004748 
    8, 0.022604, 0.009734, 0.005333 
    9, 0.022604, 0.011033, 0.007874 
   10, 0.022604, 0.012048, 0.006035 
   11, 0.022604, 0.014962, 0.007124 
   12, 0.037098, 0.018057, 0.013574 
   13, 0.037098, 0.022782, 0.010451 
   14, 0.045637, 0.019387, 0.012261 
   15, 0.045637, 0.024166, 0.014949 
   16, 0.045637, 0.028423, 0.012127 
   17, 0.045637, 0.020599, 0.009807 
   18, 0.045637, 0.025287, 0.013478 
   19, 0.045637, 0.025357, 0.013279 
   20, 0.045637, 0.030446, 0.015013 
   21, 0.045637, 0.028434, 0.016196 
   22, 0.062850, 0.034040, 0.021659 
   23, 0.062850, 0.036197, 0.018528 
   24, 0.062850, 0.031934, 0.016413 
   25, 0.062850, 0.031826, 0.023135 
   26, 0.062850, 0.027693, 0.016085 
   27, 0.062850, 0.039238, 0.022634 
   28, 0.062850, 0.026569, 0.016955 
   29, 0.062850, 0.025230, 0.017373 
   30, 0.062850, 0.034723, 0.026552 
   31, 0.062850, 0.025553, 0.019277 
   32, 0.062850, 0.033086, 0.017634 
   33, 0.062850, 0.034208, 0.022749 
   34, 0.062850, 0.037329, 0.022457 
   35, 0.062850, 0.026553, 0.018163 
   36, 0.062850, 0.031441, 0.022513 
   37, 0.062850, 0.030951, 0.020120 
   38, 0.062850, 0.034772, 0.023679 
   39, 0.062850, 0.033735, 0.020828 
   40, 0.062850, 0.034468, 0.018796 
   41, 0.062850, 0.028082, 0.019004 
   42, 0.062850, 0.031182, 0.019566 
   43, 0.062850, 0.032598, 0.016015 
   44, 0.062850, 0.040050, 0.018544 
   45, 0.062850, 0.030274, 0.017775 
   46, 0.062850, 0.036387, 0.018601 
   47, 0.062850, 0.028502, 0.019322 
   48, 0.062850, 0.028818, 0.021643 
   49, 0.062850, 0.032724, 0.017120 
   50, 0.062850, 0.035739, 0.019611 
   51, 0.062850, 0.039001, 0.019569 
   52, 0.062850, 0.041436, 0.020881 
   53, 0.062850, 0.035017, 0.017852 
   54, 0.062850, 0.037174, 0.020833 
   55, 0.062850, 0.033387, 0.018319 
   56, 0.062850, 0.037683, 0.022856 
   57, 0.062850, 0.031062, 0.016993 
   58, 0.062850, 0.031079, 0.020866 
   59, 0.062850, 0.032354, 0.020513 
   60, 0.062850, 0.049799, 0.021791 
   61, 0.062850, 0.036683, 0.018260 
   62, 0.062850, 0.042866, 0.018953 
   63, 0.062850, 0.031233, 0.014993 
   64, 0.062850, 0.035702, 0.018448 
   65, 0.062850, 0.035178, 0.023235 
   66, 0.062850, 0.040649, 0.020048 
   67, 0.062850, 0.037534, 0.017402 
   68, 0.062850, 0.030438, 0.020328 
   69, 0.062850, 0.028855, 0.020666 
   70, 0.062850, 0.032238, 0.021280 
   71, 0.062850, 0.021167, 0.013433 
   72, 0.062850, 0.028051, 0.021614 
   73, 0.062850, 0.031987, 0.021043 
   74, 0.062850, 0.031068, 0.019074 
   75, 0.062850, 0.035867, 0.020356 
   76, 0.062850, 0.029345, 0.025606 
   77, 0.062850, 0.033758, 0.019562 
   78, 0.062850, 0.030651, 0.018925 
   79, 0.062850, 0.033987, 0.020512 
   80, 0.062850, 0.028319, 0.015468 
   81, 0.062850, 0.025636, 0.017527 
   82, 0.062850, 0.031124, 0.016028 
   83, 0.062850, 0.042527, 0.019416 
   84, 0.062850, 0.041492, 0.016561 
   85, 0.062850, 0.034627, 0.018822 
   86, 0.062850, 0.034343, 0.019813 
   87, 0.062850, 0.039441, 0.017786 
   88, 0.062850, 0.033586, 0.018152 
   89, 0.062850, 0.026403, 0.019112 
   90, 0.062850, 0.034114, 0.022241 
   91, 0.062850, 0.039506, 0.019885 
   92, 0.062850, 0.030494, 0.014989 
   93, 0.062850, 0.026314, 0.020070 
   94, 0.062850, 0.035449, 0.023203 
   95, 0.062850, 0.032270, 0.023211 
   96, 0.062850, 0.028453, 0.018970 
   97, 0.062850, 0.033136, 0.019429 
   98, 0.062850, 0.033572, 0.020787 
   99, 0.062850, 0.036039, 0.022006 
  100, 0.062850, 0.031736, 0.025818 
  101, 0.062850, 0.026477, 0.021698 
  102, 0.062850, 0.034069, 0.021834 
  103, 0.062850, 0.032606, 0.021902 
  104, 0.062850, 0.036643, 0.020217 
  105, 0.062850, 0.030888, 0.018437 
  106, 0.062850, 0.034525, 0.021403 
  107, 0.062850, 0.041813, 0.018412 
  108, 0.062850, 0.031004, 0.015635 
  109, 0.062850, 0.030223, 0.017752 
  110, 0.062850, 0.030855, 0.018979 
  111, 0.062850, 0.033217, 0.019452 
  112, 0.062850, 0.034331, 0.020652 
  113, 0.062850, 0.031152, 0.023222 
  114, 0.062850, 0.026491, 0.018336 
  115, 0.062850, 0.034432, 0.023490 
  116, 0.062850, 0.031949, 0.021301 
  117, 0.062850, 0.029107, 0.018457 
  118, 0.062850, 0.036377, 0.018861 
  119, 0.062850, 0.029932, 0.017693 
  120, 0.062850, 0.029912, 0.016856 
  121, 0.062850, 0.030164, 0.021147 
  122, 0.062850, 0.034339, 0.019912 
  123, 0.062850, 0.035999, 0.022609 
  124, 0.062850, 0.032420, 0.018242 
  125, 0.062850, 0.025017, 0.015451 
  126, 0.062850, 0.029146, 0.019528 
  127, 0.062850, 0.033310, 0.021244 
  128, 0.062850, 0.042909, 0.019932 
  129, 0.062850, 0.032116, 0.017584 
  130, 0.062850, 0.031826, 0.018362 
  131, 0.062850, 0.038167, 0.022422 
  132, 0.062850, 0.034620, 0.013862 
  133, 0.062850, 0.030602, 0.018153 
  134, 0.062850, 0.034995, 0.019899 
  135, 0.062850, 0.040755, 0.019407 
  136, 0.062850, 0.036848, 0.019223 
  137, 0.062850, 0.031483, 0.016624 
  138, 0.062850, 0.032672, 0.015733 
  139, 0.062850, 0.030949, 0.020486 
  140, 0.062850, 0.031237, 0.018397 
  141, 0.062850, 0.032469, 0.022683 
  142, 0.062850, 0.032208, 0.022426 
  143, 0.062850, 0.031861, 0.020700 
  144, 0.062850, 0.035676, 0.021570 
  145, 0.062850, 0.031009, 0.020193 
  146, 0.062850, 0.036429, 0.016402 
  147, 0.062850, 0.029452, 0.012889 
  148, 0.062850, 0.027172, 0.021956 
  149, 0.062850, 0.034598, 0.020021 
  150, 0.062850, 0.034820, 0.019270 
  151, 0.062850, 0.026071, 0.021525 
  152, 0.062850, 0.029107, 0.022145 
  153, 0.062850, 0.032314, 0.018103 
  154, 0.062850, 0.043677, 0.017908 
  155, 0.062850, 0.028232, 0.018939 
  156, 0.062850, 0.027732, 0.019634 
  157, 0.062850, 0.034823, 0.021083 
  158, 0.062850, 0.038064, 0.022305 
  159, 0.062850, 0.032627, 0.017350 
  160, 0.062850, 0.032792, 0.022073 
  161, 0.062850, 0.027789, 0.018318 
  162, 0.062850, 0.041020, 0.020660 
  163, 0.062850, 0.034799, 0.016613 
  164, 0.062850, 0.033920, 0.018553 
  165, 0.062850, 0.027106, 0.016190 
  166, 0.062850, 0.034986, 0.020604 
  167, 0.062850, 0.030579, 0.020991 
  168, 0.062850, 0.033997, 0.021929 
  169, 0.062850, 0.029100, 0.022044 
  170, 0.062850, 0.034680, 0.023292 
  171, 0.062850, 0.033523, 0.022720 
  172, 0.062850, 0.038762, 0.023456 
  173, 0.062850, 0.037851, 0.017298 
  174, 0.062850, 0.029656, 0.019646 
  175, 0.062850, 0.046001, 0.022491 
  176, 0.062850, 0.035018, 0.017623 
  177, 0.062850, 0.030225, 0.016922 
  178, 0.062850, 0.031545, 0.018294 
  179, 0.062850, 0.033336, 0.022779 
  180, 0.062850, 0.036788, 0.024979 
  181, 0.062850, 0.031017, 0.018894 
  182, 0.062850, 0.030964, 0.021840 
  183, 0.062850, 0.032420, 0.022203 
  184, 0.062850, 0.033657, 0.019026 
  185, 0.062850, 0.033860, 0.017226 
  186, 0.062850, 0.026004, 0.018249 
  187, 0.062850, 0.034648, 0.024034 
  188, 0.062850, 0.036347, 0.023747 
  189, 0.062850, 0.033105, 0.015793 
  190, 0.062850, 0.032882, 0.021069 
  191, 0.062850, 0.037304, 0.022798 
  192, 0.062850, 0.036297, 0.022118 
  193, 0.062850, 0.029583, 0.021597 
  194, 0.062850, 0.027030, 0.021759 
  195, 0.062850, 0.043524, 0.021763 
  196, 0.062850, 0.036331, 0.018658 
  197, 0.062850, 0.030909, 0.018361 
  198, 0.062850, 0.033358, 0.022310 
  199, 0.062850, 0.044329, 0.016677 
  200, 0.062850, 0.031910, 0.017878 
  201, 0.062850, 0.042375, 0.018299 
  202, 0.062850, 0.034063, 0.020286 
  203, 0.062850, 0.031700, 0.019489 
  204, 0.062850, 0.027031, 0.018517 
  205, 0.062850, 0.030969, 0.022931 
  206, 0.062850, 0.024739, 0.021210 
  207, 0.062850, 0.030652, 0.022290 
  208, 0.062850, 0.030722, 0.021970 
  209, 0.062850, 0.038063, 0.020020 
  210, 0.062850, 0.035248, 0.019873 
  211, 0.062850, 0.039904, 0.018983 
  212, 0.062850, 0.025843, 0.017800 
  213, 0.062850, 0.024352, 0.017791 
  214, 0.062850, 0.028754, 0.018734 
  215, 0.062850, 0.025865, 0.017431 
  216, 0.062850, 0.028909, 0.023124 
  217, 0.062850, 0.033666, 0.020120 
  218, 0.062850, 0.033089, 0.017719 
  219, 0.062850, 0.029041, 0.021199 
  220, 0.062850, 0.039994, 0.019012 
  221, 0.062850, 0.033669, 0.018715 
  222, 0.062850, 0.025526, 0.016314 
  223, 0.062850, 0.028697, 0.020696 
  224, 0.062850, 0.029972, 0.017208 
  225, 0.062850, 0.032174, 0.022174 
  226, 0.062850, 0.035214, 0.021222 
  227, 0.062850, 0.033911, 0.022034 
  228, 0.062850, 0.036786, 0.019610 
  229, 0.062850, 0.027481, 0.021508 
  230, 0.062850, 0.038943, 0.021343 
  231, 0.062850, 0.038762, 0.020744 
  232, 0.062850, 0.036816, 0.021371 
  233, 0.062850, 0.036672, 0.016113 
  234, 0.062850, 0.029853, 0.021182 
  235, 0.062850, 0.039573, 0.023094 
  236, 0.062850, 0.042400, 0.021068 
  237, 0.062850, 0.046592, 0.018732 
  238, 0.062850, 0.035120, 0.018743 
  239, 0.062850, 0.033597, 0.023090 
  240, 0.062850, 0.033284, 0.017359 
  241, 0.062850, 0.033376, 0.018288 
  242, 0.062850, 0.037024, 0.017693 
  243, 0.062850, 0.025666, 0.019420 
  244, 0.062850, 0.028539, 0.019663 
  245, 0.062850, 0.032605, 0.021511 
  246, 0.062850, 0.035452, 0.020977 
  247, 0.062850, 0.038287, 0.022273 
  248, 0.062850, 0.032409, 0.022541 
  249, 0.062850, 0.032152, 0.023050 
  250, 0.062850, 0.032652, 0.018749 
  251, 0.062850, 0.027636, 0.013656 
  252, 0.062850, 0.034586, 0.018833 
  253, 0.062850, 0.028694, 0.017557 
  254, 0.062850, 0.020861, 0.018869 
  255, 0.062850, 0.030338, 0.023405 
  256, 0.062850, 0.030920, 0.022755 
  257, 0.062850, 0.032384, 0.021830 
  258, 0.062850, 0.034723, 0.020351 
  259, 0.062850, 0.038355, 0.020566 
  260, 0.062850, 0.029677, 0.017606 
  261, 0.062850, 0.033126, 0.024469 
  262, 0.062850, 0.040252, 0.021626 
  263, 0.062850, 0.028032, 0.015709 
  264, 0.062850, 0.025202, 0.017906 
  265, 0.062850, 0.027970, 0.021738 
  266, 0.062850, 0.033741, 0.018890 
  267, 0.062850, 0.023599, 0.014589 
  268, 0.062850, 0.030939, 0.022641 
  269, 0.062850, 0.031964, 0.018072 
  270, 0.062850, 0.029024, 0.020174 
  271, 0.062850, 0.027626, 0.021033 
  272, 0.062850, 0.028574, 0.018292 
  273, 0.062850, 0.040473, 0.022870 
  274, 0.062850, 0.036253, 0.021348 
  275, 0.062850, 0.034442, 0.022018 
  276, 0.062850, 0.028635, 0.020484 
  277, 0.062850, 0.023776, 0.015678 
  278, 0.062850, 0.026209, 0.019369 
  279, 0.062850, 0.029734, 0.019406 
  280, 0.062850, 0.032949, 0.022024 
  281, 0.062850, 0.029335, 0.019781 
  282, 0.062850, 0.032144, 0.020572 
  283, 0.062850, 0.029428, 0.019260 
  284, 0.062850, 0.032004, 0.019336 
  285, 0.062850, 0.040411, 0.023291 
  286, 0.062850, 0.024945, 0.017661 
  287, 0.062850, 0.031598, 0.018212 
  288, 0.062850, 0.035041, 0.024330 
  289, 0.062850, 0.032845, 0.020776 
  290, 0.062850, 0.032305, 0.018597 
  291, 0.062850, 0.032093, 0.022472 
  292, 0.062850, 0.028682, 0.018357 
  293, 0.062850, 0.033194, 0.023016 
  294, 0.062850, 0.030112, 0.015350 
  295, 0.062850, 0.039005, 0.020755 
  296, 0.062850, 0.035494, 0.020827 
  297, 0.062850, 0.035934, 0.017624 
  298, 0.062850, 0.036177, 0.019071 
  299, 0.062850, 0.029016, 0.019311 
  300, 0.062850, 0.032764, 0.022249 
  301, 0.062850, 0.030378, 0.022346 
  302, 0.062850, 0.032086, 0.021253 
  303, 0.062850, 0.026552, 0.021281 
  304, 0.062850, 0.031301, 0.020598 
  305, 0.062850, 0.041130, 0.019055 
  306, 0.062850, 0.034390, 0.017159 
  307, 0.062850, 0.033476, 0.019895 
  308, 0.062850, 0.031402, 0.015857 
  309, 0.062850, 0.029149, 0.017376 
  310, 0.062850, 0.027646, 0.017248 
  311, 0.062850, 0.024028, 0.016692 
  312, 0.062850, 0.028183, 0.020872 
  313, 0.062850, 0.028388, 0.021431 
  314, 0.062850, 0.027118, 0.021743 
  315, 0.062850, 0.035210, 0.021792 
  316, 0.062850, 0.028416, 0.015486 
  317, 0.062850, 0.022632, 0.017384 
  318, 0.062850, 0.033537, 0.018406 
  319, 0.062850, 0.030738, 0.018150 
  320, 0.062850, 0.032725, 0.020532 
  321, 0.062850, 0.038964, 0.021051 
  322, 0.062850, 0.038046, 0.023460 
  323, 0.062850, 0.030850, 0.018221 
  324, 0.062850, 0.030738, 0.018057 
  325, 0.062850, 0.035623, 0.024088 
  326, 0.062850, 0.034064, 0.021587 
  327, 0.062850, 0.031832, 0.019773 
  328, 0.062850, 0.025238, 0.017629 
  329, 0.062850, 0.028185, 0.023252 
  330, 0.062850, 0.028844, 0.025924 
  331, 0.062850, 0.022739, 0.018948 
  332, 0.062850, 0.045604, 0.022473 
  333, 0.062850, 0.031513, 0.018925 
  334, 0.062850, 0.038878, 0.018117 
  335, 0.062850, 0.028992, 0.016955 
  336, 0.062850, 0.018674, 0.015616 
  337, 0.062850, 0.029502, 0.022784 
  338, 0.062850, 0.023906, 0.015541 
  339, 0.062850, 0.025174, 0.018693 
  340, 0.062850, 0.030624, 0.022301 
  341, 0.062850, 0.037585, 0.020272 
  342, 0.062850, 0.027858, 0.020635 
  343, 0.062850, 0.035985, 0.020971 
  344, 0.062850, 0.035593, 0.017548 
  345, 0.062850, 0.026903, 0.018387 
  346, 0.062850, 0.026863, 0.021077 
  347, 0.062850, 0.032305, 0.022715 
  348, 0.062850, 0.031722, 0.020049 
  349, 0.062850, 0.033631, 0.020870 
  350, 0.062850, 0.045737, 0.020784 
  351, 0.062850, 0.033524, 0.016749 
  352, 0.062850, 0.028840, 0.020546 
  353, 0.062850, 0.034221, 0.020749 
  354, 0.062850, 0.034650, 0.018747 
  355, 0.062850, 0.038335, 0.019799 
  356, 0.062850, 0.038217, 0.016444 
  357, 0.062850, 0.030397, 0.018229 
  358, 0.062850, 0.032594, 0.019317 
  359, 0.062850, 0.032899, 0.015482 
  360, 0.062850, 0.041035, 0.024070 
  361, 0.062850, 0.037187, 0.019893 
  362, 0.062850, 0.038437, 0.019765 
  363, 0.062850, 0.036917, 0.022201 
  364, 0.062850, 0.030536, 0.018596 
  365, 0.062850, 0.034892, 0.022027 
  366, 0.062850, 0.039241, 0.018629 
  367, 0.062850, 0.033759, 0.021893 
  368, 0.062850, 0.027285, 0.019718 
  369, 0.062850, 0.036414, 0.020329 
  370, 0.062850, 0.036523, 0.020530 
  371, 0.062850, 0.029254, 0.015939 
  372, 0.062850, 0.036907, 0.019671 
  373, 0.062850, 0.024581, 0.018092 
  374, 0.062850, 0.040808, 0.024553 
  375, 0.062850, 0.034429, 0.020955 
  376, 0.062850, 0.038995, 0.020558 
  377, 0.062850, 0.030133, 0.018862 
  378, 0.062850, 0.025693, 0.017943 
  379, 0.062850, 0.028255, 0.022269 
  380, 0.062850, 0.031991, 0.018795 
  381, 0.062850, 0.033657, 0.018916 
  382, 0.062850, 0.025094, 0.020196 
  383, 0.062850, 0.040872, 0.022921 
  384, 0.062850, 0.031664, 0.018564 
  385, 0.062850, 0.024057, 0.021030 
  386, 0.062850, 0.026923, 0.018317 
  387, 0.062850, 0.027319, 0.021009 
  388, 0.062850, 0.040150, 0.021453 
  389, 0.062850, 0.035937, 0.021217 
  390, 0.062850, 0.034712, 0.020608 
  391, 0.062850, 0.034821, 0.021207 
  392, 0.062850, 0.028306, 0.019179 
  393, 0.062850, 0.039508, 0.018289 
  394, 0.062850, 0.032023, 0.019380 
  395, 0.062850, 0.035205, 0.018537 
  396, 0.062850, 0.030142, 0.021936 
  397, 0.062850, 0.031004, 0.022731 
  398, 0.062850, 0.037016, 0.021939 
  399, 0.062850, 0.031446, 0.019994 
  400, 0.062850, 0.037254, 0.019608 
  401, 0.062850, 0.034753, 0.021235 
  402, 0.062850, 0.031402, 0.020418 
  403, 0.062850, 0.036903, 0.019201 
  404, 0.062850, 0.031913, 0.017053 
  405, 0.062850, 0.032352, 0.023896 
  406, 0.062850, 0.031565, 0.017547 
  407, 0.062850, 0.041363, 0.019774 
  408, 0.062850, 0.039173, 0.019615 
  409, 0.062850, 0.033679, 0.017242 
  410, 0.062850, 0.025830, 0.017228 
  411, 0.062850, 0.027269, 0.023017 
  412, 0.062850, 0.033034, 0.021454 
  413, 0.062850, 0.036335, 0.020859 
  414, 0.062850, 0.040942, 0.016046 
  415, 0.062850, 0.026915, 0.016157 
  416, 0.062850, 0.026197, 0.020794 
  417, 0.062850, 0.028797, 0.019488 
  418, 0.062850, 0.036987, 0.021656 
  419, 0.062850, 0.032271, 0.014994 
  420, 0.062850, 0.032276, 0.021527 
  421, 0.062850, 0.026380, 0.021920 
  422, 0.062850, 0.041234, 0.022556 
  423, 0.062850, 0.040959, 0.019054 
  424, 0.062850, 0.031884, 0.018788 
  425, 0.062850, 0.033172, 0.018625 
  426, 0.062850, 0.042414, 0.022080 
  427, 0.062850, 0.042628, 0.018882 
  428, 0.062850, 0.035389, 0.019117 
  429, 0.062850, 0.040603, 0.021994 
  430, 0.062850, 0.035995, 0.017680 
  431, 0.062850, 0.040560, 0.020635 
  432, 0.062850, 0.051950, 0.018122 
  433, 0.062850, 0.028301, 0.016174 
  434, 0.062850, 0.027762, 0.016782 
  435, 0.062850, 0.024325, 0.021546 
  436, 0.062850, 0.033465, 0.021301 
  437, 0.062850, 0.039057, 0.020216 
  438, 0.062850, 0.040047, 0.020715 
  439, 0.062850, 0.038197, 0.017589 
  440, 0.062850, 0.039478, 0.016939 
  441, 0.062850, 0.031097, 0.018976 
  442, 0.062850, 0.036603, 0.017921 
  443, 0.062850, 0.034296, 0.020821 
  444, 0.062850, 0.036383, 0.020238 
  445, 0.062850, 0.038000, 0.018585 
  446, 0.062850, 0.030423, 0.018242 
  447, 0.062850, 0.029982, 0.016481 
  448, 0.062850, 0.034561, 0.021341 
  449, 0.062850, 0.033067, 0.020996 
  450, 0.062850, 0.036013, 0.017904 
  451, 0.062850, 0.030619, 0.019370 
  452, 0.062850, 0.032922, 0.020478 
  453, 0.062850, 0.036466, 0.021363 
  454, 0.062850, 0.045639, 0.020882 
  455, 0.062850, 0.037190, 0.017136 
  456, 0.062850, 0.034577, 0.017289 
  457, 0.062850, 0.028865, 0.018560 
  458, 0.062850, 0.027981, 0.021959 
  459, 0.062850, 0.029535, 0.017586 
  460, 0.062850, 0.027525, 0.021453 
  461, 0.062850, 0.024957, 0.019326 
  462, 0.062850, 0.027823, 0.022209 
  463, 0.062850, 0.028046, 0.022209 
  464, 0.062850, 0.035316, 0.019620 
  465, 0.062850, 0.029051, 0.019654 
  466, 0.062850, 0.037205, 0.021000 
  467, 0.062850, 0.031664, 0.020097 
  468, 0.062850, 0.035027, 0.022382 
  469, 0.062850, 0.032444, 0.021565 
  470, 0.062850, 0.030203, 0.021894 
  471, 0.062850, 0.025750, 0.014543 
  472, 0.062850, 0.032272, 0.022320 
  473, 0.062850, 0.030065, 0.019007 
  474, 0.062850, 0.033760, 0.019551 
  475, 0.062850, 0.037282, 0.021669 
  476, 0.062850, 0.028615, 0.014947 
  477, 0.062850, 0.035164, 0.021791 
  478, 0.062850, 0.034221, 0.018492 
  479, 0.062850, 0.043740, 0.019214 
  480, 0.062850, 0.039160, 0.016926 
  481, 0.062850, 0.029429, 0.014561 
  482, 0.062850, 0.032136, 0.020755 
  483, 0.062850, 0.025438, 0.018825 
  484, 0.062850, 0.037864, 0.018311 
  485, 0.062850, 0.034144, 0.019298 
  486, 0.062850, 0.032622, 0.021001 
  487, 0.062850, 0.026505, 0.021239 
  488, 0.062850, 0.029982, 0.021452 
  489, 0.062850, 0.041473, 0.020557 
  490, 0.062850, 0.027894, 0.017071 
  491, 0.062850, 0.022521, 0.015594 
  492, 0.062850, 0.028221, 0.022133 
  493, 0.062850, 0.025060, 0.018367 
  494, 0.062850, 0.035206, 0.023566 
  495, 0.062850, 0.032245, 0.018663 
  496, 0.062850, 0.040556, 0.021285 
  497, 0.062850, 0.033307, 0.017819 
  498, 0.062850, 0.028872, 0.018871 
  499, 0.062850, 0.034139, 0.020997 
  500, 0.062850, 0.029895, 0.020047 

 Simulation completed

 Best member: 

 var(0) = 0
 var(1) = 0
 var(2) = 0
 var(3) = 0
 var(4) = 0
 var(5) = 1
 var(6) = 0
 var(7) = 1
 var(8) = 0
 var(9) = 0
 var(10) = 1
 var(11) = 0
 var(12) = 1
 var(13) = 0
 var(14) = 0
 var(15) = 0
 var(16) = 0
 var(17) = 0
 var(18) = 1
 var(19) = 1
 var(20) = 0
 var(21) = 0
 var(22) = 1
 var(23) = 0
 var(24) = 0
 var(25) = 0

 Best fitness = 0.062850