
 generation best average standard 
 number value fitness deviation 

    1, 0.002882, 0.002882, 0.000000 
    2, 0.016949, 0.009281, 0.006218 
    3, 0.018325, 0.010801, 0.005505 
    4, 0.033199, 0.015258, 0.010662 
    5, 0.033199, 0.018578, 0.012482 
    6, 0.033199, 0.021128, 0.012454 
    7, 0.033199, 0.023409, 0.009756 
    8, 0.036684, 0.022759, 0.010731 
    9, 0.036684, 0.017897, 0.007987 
   10, 0.036684, 0.021099, 0.013022 
   11, 0.036684, 0.018177, 0.010544 
   12, 0.036684, 0.019510, 0.011957 
   13, 0.036684, 0.018872, 0.008563 
   14, 0.036684, 0.018121, 0.012044 
   15, 0.036684, 0.022035, 0.012954 
   16, 0.036684, 0.025394, 0.010906 
   17, 0.036684, 0.023518, 0.010238 
   18, 0.036684, 0.020702, 0.009106 
   19, 0.036684, 0.023471, 0.010126 
   20, 0.036684, 0.022716, 0.011251 
   21, 0.036684, 0.018779, 0.011187 
   22, 0.036684, 0.018743, 0.009169 
   23, 0.036684, 0.021543, 0.011189 
   24, 0.036684, 0.020690, 0.011534 
   25, 0.036684, 0.022407, 0.008282 
   26, 0.048970, 0.027118, 0.013772 
   27, 0.048973, 0.026100, 0.016198 
   28, 0.048973, 0.031501, 0.017563 
   29, 0.048973, 0.025313, 0.014138 
   30, 0.048973, 0.026919, 0.015602 
   31, 0.048973, 0.025975, 0.015803 
   32, 0.048973, 0.024405, 0.015043 
   33, 0.048973, 0.019834, 0.014441 
   34, 0.048973, 0.024328, 0.017394 
   35, 0.048973, 0.019417, 0.015637 
   36, 0.052353, 0.019035, 0.015618 
   37, 0.052353, 0.029998, 0.018587 
   38, 0.052353, 0.027516, 0.017114 
   39, 0.052353, 0.031969, 0.018130 
   40, 0.058794, 0.038437, 0.017983 
   41, 0.062850, 0.042929, 0.018627 
   42, 0.062850, 0.034903, 0.018628 
   43, 0.062850, 0.034203, 0.020146 
   44, 0.062850, 0.029418, 0.020242 
   45, 0.062850, 0.032634, 0.018352 
   46, 0.062850, 0.041268, 0.021573 
   47, 0.062850, 0.046047, 0.019340 
   48, 0.062850, 0.036241, 0.017298 
   49, 0.062850, 0.029600, 0.018873 
   50, 0.062850, 0.028016, 0.016962 
   51, 0.062850, 0.032324, 0.023170 
   52, 0.062850, 0.040989, 0.020505 
   53, 0.062850, 0.031780, 0.017159 
   54, 0.062850, 0.037468, 0.018519 
   55, 0.062850, 0.036948, 0.018754 
   56, 0.062850, 0.034611, 0.022446 
   57, 0.062850, 0.035339, 0.017687 
   58, 0.062850, 0.027017, 0.014413 
   59, 0.062850, 0.033048, 0.021069 
   60, 0.062850, 0.032418, 0.021565 
   61, 0.062850, 0.037824, 0.014954 
   62, 0.062850, 0.037613, 0.019884 
   63, 0.062850, 0.029865, 0.015875 
   64, 0.062850, 0.033079, 0.018101 
   65, 0.062850, 0.026197, 0.020216 
   66, 0.062850, 0.035727, 0.022825 
   67, 0.062850, 0.038449, 0.023445 
   68, 0.062850, 0.036530, 0.017975 
   69, 0.062850, 0.029280, 0.016915 
   70, 0.062850, 0.027407, 0.019182 
   71, 0.062850, 0.029589, 0.019544 
   72, 0.062850, 0.036609, 0.021942 
   73, 0.062850, 0.031254, 0.017433 
   74, 0.062850, 0.025411, 0.018287 
   75, 0.062850, 0.038340, 0.019430 
   76, 0.062850, 0.037071, 0.021645 
   77, 0.062850, 0.031288, 0.019673 
   78, 0.062850, 0.027848, 0.019153 
   79, 0.062850, 0.025373, 0.019975 
   80, 0.062850, 0.032161, 0.024711 
   81, 0.062850, 0.032970, 0.020903 
   82, 0.062850, 0.032014, 0.018059 
   83, 0.062850, 0.030690, 0.019592 
   84, 0.062850, 0.031537, 0.021093 
   85, 0.062850, 0.032040, 0.018950 
   86, 0.062850, 0.035917, 0.017894 
   87, 0.062850, 0.048339, 0.019314 
   88, 0.062850, 0.034257, 0.017632 
   89, 0.062850, 0.035389, 0.018613 
   90, 0.062850, 0.038099, 0.022985 
   91, 0.062850, 0.028608, 0.016939 
   92, 0.062850, 0.029683, 0.022783 
   93, 0.062850, 0.029192, 0.020989 
   94, 0.062850, 0.034631, 0.019777 
   95, 0.062850, 0.032586, 0.021308 
   96, 0.062850, 0.037294, 0.018750 
   97, 0.062850, 0.034960, 0.022106 
   98, 0.062850, 0.037666, 0.021088 
   99, 0.062850, 0.042298, 0.020028 
  100, 0.062850, 0.037206, 0.016916 
  101, 0.062850, 0.031658, 0.018987 
  102, 0.062850, 0.025633, 0.020586 
  103, 0.062850, 0.029154, 0.018666 
  104, 0.062850, 0.024637, 0.017116 
  105, 0.062850, 0.030231, 0.020387 
  106, 0.062850, 0.037094, 0.018378 
  107, 0.062850, 0.033728, 0.020194 
  108, 0.062850, 0.031431, 0.014793 
  109, 0.062850, 0.030115, 0.019707 
  110, 0.062850, 0.029744, 0.018284 
  111, 0.062850, 0.038784, 0.022457 
  112, 0.062850, 0.030945, 0.020754 
  113, 0.062850, 0.030893, 0.019177 
  114, 0.062850, 0.034343, 0.022031 
  115, 0.062850, 0.028867, 0.017203 
  116, 0.062850, 0.033616, 0.024853 
  117, 0.062850, 0.035560, 0.022897 
  118, 0.062850, 0.032341, 0.017824 
  119, 0.062850, 0.026100, 0.018999 
  120, 0.062850, 0.026415, 0.020026 
  121, 0.062850, 0.035860, 0.023338 
  122, 0.062850, 0.029051, 0.019950 
  123, 0.062850, 0.028302, 0.021138 
  124, 0.062850, 0.028611, 0.021211 
  125, 0.062850, 0.033948, 0.023351 
  126, 0.062850, 0.032474, 0.020751 
  127, 0.062850, 0.034332, 0.017134 
  128, 0.062850, 0.030305, 0.018582 
  129, 0.062850, 0.045782, 0.016763 
  130, 0.062850, 0.039367, 0.018034 
  131, 0.062850, 0.037365, 0.022348 
  132, 0.062850, 0.040534, 0.020202 
  133, 0.062850, 0.031788, 0.021353 
  134, 0.062850, 0.041784, 0.019890 
  135, 0.062850, 0.030579, 0.020770 
  136, 0.062850, 0.030981, 0.023667 
  137, 0.062850, 0.037237, 0.016287 
  138, 0.062850, 0.027296, 0.020127 
  139, 0.062850, 0.027009, 0.020880 
  140, 0.062850, 0.030659, 0.017757 
  141, 0.062850, 0.029596, 0.021700 
  142, 0.062850, 0.032435, 0.018869 
  143, 0.062850, 0.032054, 0.016801 
  144, 0.062850, 0.025783, 0.016034 
  145, 0.062850, 0.033518, 0.022236 
  146, 0.062850, 0.035736, 0.019214 
  147, 0.062850, 0.030532, 0.018836 
  148, 0.062850, 0.036698, 0.023912 
  149, 0.062850, 0.027882, 0.020908 
  150, 0.062850, 0.035024, 0.021412 
  151, 0.062850, 0.036945, 0.023243 
  152, 0.062850, 0.035359, 0.021674 
  153, 0.062850, 0.032135, 0.018528 
  154, 0.062850, 0.047323, 0.019986 
  155, 0.062850, 0.033684, 0.017925 
  156, 0.062850, 0.033739, 0.019327 
  157, 0.062850, 0.041120, 0.019732 
  158, 0.062850, 0.035160, 0.018320 
  159, 0.062850, 0.024992, 0.018738 
  160, 0.062850, 0.030330, 0.020633 
  161, 0.062850, 0.034725, 0.020751 
  162, 0.062850, 0.031792, 0.016746 
  163, 0.062850, 0.029054, 0.019567 
  164, 0.062850, 0.034639, 0.019656 
  165, 0.062850, 0.024030, 0.015672 
  166, 0.062850, 0.031582, 0.023403 
  167, 0.062850, 0.036927, 0.020978 
  168, 0.062850, 0.029888, 0.020009 
  169, 0.062850, 0.035938, 0.020975 
  170, 0.062850, 0.036601, 0.016816 
  171, 0.062850, 0.032677, 0.018026 
  172, 0.062850, 0.038885, 0.020035 
  173, 0.062850, 0.038865, 0.020202 
  174, 0.062850, 0.028514, 0.021091 
  175, 0.062850, 0.035117, 0.019761 
  176, 0.062850, 0.034938, 0.021377 
  177, 0.062850, 0.037784, 0.014451 
  178, 0.062850, 0.027605, 0.018106 
  179, 0.062850, 0.034250, 0.019895 
  180, 0.062850, 0.026455, 0.019041 
  181, 0.062850, 0.030490, 0.019162 
  182, 0.062850, 0.025480, 0.016411 
  183, 0.062850, 0.033310, 0.023299 
  184, 0.062850, 0.033327, 0.020999 
  185, 0.062850, 0.040705, 0.023054 
  186, 0.062850, 0.043829, 0.023091 
  187, 0.062850, 0.045791, 0.020584 
  188, 0.062850, 0.039851, 0.024895 
  189, 0.062850, 0.029662, 0.018629 
  190, 0.062850, 0.037246, 0.021191 
  191, 0.062850, 0.034117, 0.018798 
  192, 0.062850, 0.036612, 0.020778 
  193, 0.062850, 0.038328, 0.022587 
  194, 0.062850, 0.035624, 0.020227 
  195, 0.062850, 0.028667, 0.019739 
  196, 0.062850, 0.034443, 0.019829 
  197, 0.062850, 0.045882, 0.017189 
  198, 0.062850, 0.039821, 0.021487 
  199, 0.062850, 0.035772, 0.020321 
  200, 0.062850, 0.026535, 0.014120 
  201, 0.062850, 0.031502, 0.022362 
  202, 0.062850, 0.027411, 0.019617 
  203, 0.062850, 0.023249, 0.017977 
  204, 0.062850, 0.030616, 0.018350 
  205, 0.062850, 0.029613, 0.020668 
  206, 0.062850, 0.033799, 0.023780 
  207, 0.062850, 0.029105, 0.020898 
  208, 0.062850, 0.029479, 0.019076 
  209, 0.062850, 0.035363, 0.026080 
  210, 0.062850, 0.026234, 0.021504 
  211, 0.062850, 0.030309, 0.022606 
  212, 0.062850, 0.030487, 0.017219 
  213, 0.062850, 0.039425, 0.021365 
  214, 0.062850, 0.030311, 0.019069 
  215, 0.062850, 0.034478, 0.020890 
  216, 0.062850, 0.034590, 0.019678 
  217, 0.062850, 0.029613, 0.018634 
  218, 0.062850, 0.029640, 0.022241 
  219, 0.062850, 0.034813, 0.018310 
  220, 0.062850, 0.046002, 0.020966 
  221, 0.062850, 0.031849, 0.015569 
  222, 0.062850, 0.036036, 0.018180 
  223, 0.062850, 0.039189, 0.019128 
  224, 0.062850, 0.030439, 0.017623 
  225, 0.062850, 0.034670, 0.022536 
  226, 0.062850, 0.032209, 0.016565 
  227, 0.062850, 0.036581, 0.016787 
  228, 0.062850, 0.032142, 0.014795 
  229, 0.062850, 0.035326, 0.019868 
  230, 0.062850, 0.035724, 0.016073 
  231, 0.062850, 0.040446, 0.017954 
  232, 0.062850, 0.037451, 0.018217 
  233, 0.062850, 0.041843, 0.015238 
  234, 0.062850, 0.024132, 0.013975 
  235, 0.062850, 0.034629, 0.020838 
  236, 0.062850, 0.043103, 0.022137 
  237, 0.062850, 0.034516, 0.014775 
  238, 0.062850, 0.031415, 0.015658 
  239, 0.062850, 0.033346, 0.016550 
  240, 0.062850, 0.034661, 0.020934 
  241, 0.062850, 0.036616, 0.018669 
  242, 0.062850, 0.044529, 0.019937 
  243, 0.062850, 0.028987, 0.018353 
  244, 0.062850, 0.028391, 0.014137 
  245, 0.062850, 0.037910, 0.022246 
  246, 0.062850, 0.031574, 0.018020 
  247, 0.062850, 0.030769, 0.018607 
  248, 0.062850, 0.029076, 0.020088 
  249, 0.062850, 0.037072, 0.016537 
  250, 0.062850, 0.032836, 0.017659 
  251, 0.062850, 0.034635, 0.019391 
  252, 0.062850, 0.038501, 0.024593 
  253, 0.062850, 0.030625, 0.018116 
  254, 0.062850, 0.038479, 0.019964 
  255, 0.062850, 0.038466, 0.016621 
  256, 0.062850, 0.033883, 0.021923 
  257, 0.062850, 0.036462, 0.017908 
  258, 0.062850, 0.034730, 0.021610 
  259, 0.062850, 0.027913, 0.020077 
  260, 0.062850, 0.027581, 0.022231 
  261, 0.062850, 0.034042, 0.019913 
  262, 0.062850, 0.032555, 0.017929 
  263, 0.062850, 0.034639, 0.020657 
  264, 0.062850, 0.031770, 0.018938 
  265, 0.062850, 0.025482, 0.019177 
  266, 0.062850, 0.038386, 0.021713 
  267, 0.062850, 0.025521, 0.020120 
  268, 0.062850, 0.027011, 0.019969 
  269, 0.062850, 0.032807, 0.019783 
  270, 0.062850, 0.038932, 0.018937 
  271, 0.062850, 0.034117, 0.023667 
  272, 0.062850, 0.021768, 0.014060 
  273, 0.062850, 0.030467, 0.023783 
  274, 0.062850, 0.046628, 0.018985 
  275, 0.062850, 0.037087, 0.017551 
  276, 0.062850, 0.031903, 0.015850 
  277, 0.062850, 0.028741, 0.016811 
  278, 0.062850, 0.027997, 0.018654 
  279, 0.062850, 0.035589, 0.022630 
  280, 0.062850, 0.044054, 0.019285 
  281, 0.062850, 0.046126, 0.020487 
  282, 0.062850, 0.026659, 0.012770 
  283, 0.062850, 0.026315, 0.018943 
  284, 0.062850, 0.029974, 0.022665 
  285, 0.062850, 0.034876, 0.022629 
  286, 0.062850, 0.042416, 0.022418 
  287, 0.062850, 0.035070, 0.021021 
  288, 0.062850, 0.036867, 0.017598 
  289, 0.062850, 0.029811, 0.017111 
  290, 0.062850, 0.031250, 0.019722 
  291, 0.062850, 0.034354, 0.021257 
  292, 0.062850, 0.031759, 0.019363 
  293, 0.062850, 0.032147, 0.021725 
  294, 0.062850, 0.041880, 0.016177 
  295, 0.062850, 0.036924, 0.018455 
  296, 0.062850, 0.035047, 0.021572 
  297, 0.062850, 0.028653, 0.017955 
  298, 0.062850, 0.030862, 0.023139 
  299, 0.062850, 0.027022, 0.018425 
  300, 0.062850, 0.031052, 0.018982 
  301, 0.062850, 0.034295, 0.019148 
  302, 0.062850, 0.033962, 0.019361 
  303, 0.062850, 0.027235, 0.022008 
  304, 0.062850, 0.028745, 0.023848 
  305, 0.062850, 0.031090, 0.022491 
  306, 0.062850, 0.041214, 0.020520 
  307, 0.062850, 0.030387, 0.015034 
  308, 0.062850, 0.042311, 0.018980 
  309, 0.062850, 0.036430, 0.019973 
  310, 0.062850, 0.035430, 0.014960 
  311, 0.062850, 0.030573, 0.017145 
  312, 0.062850, 0.030953, 0.018584 
  313, 0.062850, 0.034270, 0.016585 
  314, 0.062850, 0.032864, 0.019854 
  315, 0.062850, 0.028832, 0.020357 
  316, 0.062850, 0.041246, 0.017539 
  317, 0.062850, 0.028603, 0.023830 
  318, 0.062850, 0.030759, 0.021002 
  319, 0.062850, 0.027169, 0.018350 
  320, 0.062850, 0.031615, 0.021080 
  321, 0.062850, 0.032471, 0.019454 
  322, 0.062850, 0.034571, 0.022631 
  323, 0.062850, 0.028694, 0.018844 
  324, 0.062850, 0.035881, 0.019469 
  325, 0.062850, 0.032613, 0.022664 
  326, 0.062850, 0.026776, 0.018481 
  327, 0.062850, 0.030058, 0.019699 
  328, 0.062850, 0.029933, 0.021025 
  329, 0.062850, 0.032940, 0.019411 
  330, 0.062850, 0.025755, 0.018671 
  331, 0.062850, 0.029114, 0.017313 
  332, 0.062850, 0.033362, 0.020126 
  333, 0.062850, 0.028728, 0.018308 
  334, 0.062850, 0.035579, 0.017866 
  335, 0.062850, 0.034717, 0.018860 
  336, 0.062850, 0.028859, 0.018569 
  337, 0.062850, 0.032389, 0.018725 
  338, 0.062850, 0.032906, 0.022742 
  339, 0.062850, 0.032142, 0.019881 
  340, 0.062850, 0.044179, 0.016107 
  341, 0.062850, 0.037290, 0.017905 
  342, 0.062850, 0.028704, 0.018813 
  343, 0.062850, 0.032145, 0.021776 
  344, 0.062850, 0.034732, 0.020186 
  345, 0.062850, 0.031619, 0.018465 
  346, 0.062850, 0.028175, 0.017635 
  347, 0.062850, 0.030878, 0.018743 
  348, 0.062850, 0.036571, 0.019958 
  349, 0.062850, 0.040395, 0.018798 
  350, 0.062850, 0.038717, 0.018565 
  351, 0.062850, 0.026746, 0.016273 
  352, 0.062850, 0.030046, 0.020584 
  353, 0.062850, 0.024930, 0.016326 
  354, 0.062850, 0.029634, 0.024758 
  355, 0.062850, 0.035876, 0.022478 
  356, 0.062850, 0.036612, 0.021862 
  357, 0.062850, 0.033244, 0.016603 
  358, 0.062850, 0.031061, 0.019357 
  359, 0.062850, 0.029593, 0.017946 
  360, 0.062850, 0.033774, 0.020562 
  361, 0.062850, 0.036449, 0.019691 
  362, 0.062850, 0.034644, 0.019669 
  363, 0.062850, 0.040520, 0.020133 
  364, 0.062850, 0.029351, 0.016719 
  365, 0.062850, 0.031385, 0.018236 
  366, 0.062850, 0.028001, 0.018756 
  367, 0.062850, 0.035540, 0.020737 
  368, 0.062850, 0.042555, 0.018522 
  369, 0.062850, 0.031830, 0.019065 
  370, 0.062850, 0.034001, 0.020540 
  371, 0.062850, 0.033321, 0.020070 
  372, 0.062850, 0.033834, 0.021091 
  373, 0.062850, 0.035922, 0.023994 
  374, 0.062850, 0.036973, 0.014323 
  375, 0.062850, 0.034947, 0.017299 
  376, 0.062850, 0.022189, 0.017726 
  377, 0.062850, 0.028273, 0.019382 
  378, 0.062850, 0.041856, 0.021900 
  379, 0.062850, 0.036702, 0.021468 
  380, 0.062850, 0.029299, 0.019416 
  381, 0.062850, 0.034648, 0.019974 
  382, 0.062850, 0.035595, 0.015575 
  383, 0.062850, 0.039415, 0.019520 
  384, 0.062850, 0.036544, 0.017766 
  385, 0.062850, 0.030866, 0.020365 
  386, 0.062850, 0.028514, 0.019524 
  387, 0.062850, 0.031131, 0.017837 
  388, 0.062850, 0.039174, 0.021555 
  389, 0.062850, 0.036501, 0.021957 
  390, 0.062850, 0.034786, 0.015474 
  391, 0.062850, 0.021303, 0.014207 
  392, 0.062850, 0.032282, 0.024723 
  393, 0.062850, 0.035921, 0.024674 
  394, 0.062850, 0.030497, 0.022413 
  395, 0.062850, 0.034800, 0.021099 
  396, 0.062850, 0.027530, 0.016023 
  397, 0.062850, 0.027951, 0.020915 
  398, 0.062850, 0.028510, 0.024099 
  399, 0.062850, 0.025561, 0.018456 
  400, 0.062850, 0.028714, 0.020542 
  401, 0.062850, 0.035960, 0.020491 
  402, 0.062850, 0.034784, 0.014929 
  403, 0.062850, 0.023903, 0.015702 
  404, 0.062850, 0.029587, 0.021675 
  405, 0.062850, 0.033435, 0.021597 
  406, 0.062850, 0.029605, 0.017344 
  407, 0.062850, 0.035615, 0.017419 
  408, 0.062850, 0.036056, 0.016911 
  409, 0.062850, 0.038248, 0.021106 
  410, 0.062850, 0.037889, 0.016859 
  411, 0.062850, 0.034926, 0.020432 
  412, 0.062850, 0.033231, 0.019518 
  413, 0.062850, 0.035844, 0.017839 
  414, 0.062850, 0.040865, 0.018212 
  415, 0.062850, 0.038895, 0.020748 
  416, 0.062850, 0.033184, 0.020156 
  417, 0.062850, 0.033551, 0.021318 
  418, 0.062850, 0.025210, 0.014770 
  419, 0.062850, 0.025407, 0.017879 
  420, 0.062850, 0.040030, 0.022734 
  421, 0.062850, 0.032909, 0.016382 
  422, 0.062850, 0.031439, 0.018627 
  423, 0.062850, 0.042664, 0.018864 
  424, 0.062850, 0.041586, 0.018494 
  425, 0.062850, 0.044410, 0.019188 
  426, 0.062850, 0.032169, 0.015731 
  427, 0.062850, 0.032238, 0.019751 
  428, 0.062850, 0.028881, 0.019274 
  429, 0.062850, 0.033809, 0.023071 
  430, 0.062850, 0.036419, 0.020472 
  431, 0.062850, 0.028816, 0.018003 
  432, 0.062850, 0.034173, 0.022373 
  433, 0.062850, 0.026975, 0.018610 
  434, 0.062850, 0.037888, 0.018354 
  435, 0.062850, 0.031865, 0.018508 
  436, 0.062850, 0.026627, 0.020055 
  437, 0.062850, 0.029826, 0.020602 
  438, 0.062850, 0.036454, 0.019337 
  439, 0.062850, 0.035784, 0.017864 
  440, 0.062850, 0.030426, 0.019417 
  441, 0.062850, 0.031927, 0.019172 
  442, 0.062850, 0.036096, 0.018735 
  443, 0.062850, 0.042180, 0.014196 
  444, 0.062850, 0.038719, 0.016938 
  445, 0.062850, 0.027065, 0.017657 
  446, 0.062850, 0.034814, 0.019694 
  447, 0.062850, 0.038057, 0.020228 
  448, 0.062850, 0.035652, 0.019969 
  449, 0.062850, 0.040909, 0.016370 
  450, 0.062850, 0.026982, 0.017002 
  451, 0.062850, 0.025885, 0.018232 
  452, 0.062850, 0.035262, 0.021838 
  453, 0.062850, 0.028712, 0.020988 
  454, 0.062850, 0.046615, 0.022507 
  455, 0.062850, 0.038816, 0.020154 
  456, 0.062850, 0.032945, 0.016596 
  457, 0.062850, 0.037148, 0.018072 
  458, 0.062850, 0.031872, 0.017411 
  459, 0.062850, 0.033569, 0.017436 
  460, 0.062850, 0.034864, 0.016619 
  461, 0.062850, 0.033485, 0.019639 
  462, 0.062850, 0.032825, 0.019455 
  463, 0.062850, 0.033088, 0.023934 
  464, 0.062850, 0.037955, 0.016681 
  465, 0.062850, 0.036489, 0.017266 
  466, 0.062850, 0.037352, 0.022002 
  467, 0.062850, 0.036093, 0.020772 
  468, 0.062850, 0.039302, 0.017487 
  469, 0.062850, 0.040514, 0.020996 
  470, 0.062850, 0.033001, 0.017140 
  471, 0.062850, 0.037032, 0.022138 
  472, 0.062850, 0.031874, 0.019084 
  473, 0.062850, 0.035501, 0.023355 
  474, 0.062850, 0.034623, 0.017061 
  475, 0.062850, 0.035947, 0.017340 
  476, 0.062850, 0.034542, 0.018171 
  477, 0.062850, 0.034659, 0.014556 
  478, 0.062850, 0.028728, 0.019344 
  479, 0.062850, 0.035693, 0.017183 
  480, 0.062850, 0.031788, 0.021766 
  481, 0.062850, 0.031692, 0.018248 
  482, 0.062850, 0.034579, 0.019955 
  483, 0.062850, 0.031960, 0.020056 
  484, 0.062850, 0.032506, 0.021544 
  485, 0.062850, 0.035429, 0.021282 
  486, 0.062850, 0.027534, 0.017037 
  487, 0.062850, 0.029971, 0.019002 
  488, 0.062850, 0.034277, 0.018238 
  489, 0.062850, 0.037136, 0.018704 
  490, 0.062850, 0.032422, 0.015564 
  491, 0.062850, 0.036577, 0.023046 
  492, 0.062850, 0.035093, 0.021564 
  493, 0.062850, 0.034220, 0.017669 
  494, 0.062850, 0.035589, 0.018026 
  495, 0.062850, 0.041754, 0.016354 
  496, 0.062850, 0.039473, 0.021085 
  497, 0.062850, 0.026136, 0.018528 
  498, 0.062850, 0.024013, 0.012596 
  499, 0.062850, 0.029552, 0.023634 
  500, 0.062850, 0.033818, 0.021083 
  501, 0.062850, 0.033687, 0.020857 
  502, 0.062850, 0.029147, 0.018880 
  503, 0.062850, 0.033401, 0.021564 
  504, 0.062850, 0.035762, 0.020818 
  505, 0.062850, 0.033809, 0.019892 
  506, 0.062850, 0.040026, 0.024090 
  507, 0.062850, 0.028971, 0.015929 
  508, 0.062850, 0.036712, 0.016223 
  509, 0.062850, 0.030241, 0.018242 
  510, 0.062850, 0.028378, 0.016042 
  511, 0.062850, 0.033831, 0.021407 
  512, 0.062850, 0.032865, 0.019256 
  513, 0.062850, 0.025236, 0.015232 
  514, 0.062850, 0.029645, 0.021725 
  515, 0.062850, 0.035308, 0.023092 
  516, 0.062850, 0.035816, 0.023165 
  517, 0.062850, 0.031343, 0.018723 
  518, 0.062850, 0.029952, 0.020875 
  519, 0.062850, 0.033663, 0.019890 
  520, 0.062850, 0.026271, 0.015915 
  521, 0.062850, 0.022513, 0.019200 
  522, 0.062850, 0.033869, 0.018082 
  523, 0.062850, 0.031252, 0.016535 
  524, 0.062850, 0.032899, 0.020114 
  525, 0.062850, 0.036633, 0.020971 
  526, 0.062850, 0.034856, 0.024898 
  527, 0.062850, 0.032534, 0.018968 
  528, 0.062850, 0.028381, 0.017190 
  529, 0.062850, 0.033248, 0.018483 
  530, 0.062850, 0.033183, 0.021403 
  531, 0.062850, 0.034004, 0.020326 
  532, 0.062850, 0.029106, 0.021658 
  533, 0.062850, 0.026528, 0.018017 
  534, 0.062850, 0.030383, 0.021241 
  535, 0.062850, 0.033149, 0.016714 
  536, 0.062850, 0.043757, 0.019932 
  537, 0.062850, 0.036090, 0.019276 
  538, 0.062850, 0.035314, 0.018289 
  539, 0.062850, 0.028566, 0.018333 
  540, 0.062850, 0.026185, 0.018636 
  541, 0.062850, 0.028295, 0.019645 
  542, 0.062850, 0.038391, 0.023221 
  543, 0.062850, 0.040070, 0.018987 
  544, 0.062850, 0.034778, 0.018514 
  545, 0.062850, 0.030431, 0.019545 
  546, 0.062850, 0.028588, 0.023050 
  547, 0.062850, 0.030348, 0.025366 
  548, 0.062850, 0.027012, 0.018956 
  549, 0.062850, 0.031971, 0.022496 
  550, 0.062850, 0.028387, 0.019815 
  551, 0.062850, 0.027866, 0.018248 
  552, 0.062850, 0.029003, 0.024847 
  553, 0.062850, 0.037080, 0.022472 
  554, 0.062850, 0.043963, 0.020082 
  555, 0.062850, 0.034304, 0.018024 
  556, 0.062850, 0.034035, 0.020635 
  557, 0.062850, 0.030635, 0.017410 
  558, 0.062850, 0.026804, 0.021434 
  559, 0.062850, 0.028492, 0.021832 
  560, 0.062850, 0.021557, 0.021212 
  561, 0.062850, 0.034566, 0.021738 
  562, 0.062850, 0.027617, 0.018471 
  563, 0.062850, 0.031838, 0.020207 
  564, 0.062850, 0.033163, 0.018166 
  565, 0.062850, 0.025020, 0.014208 
  566, 0.062850, 0.023241, 0.017200 
  567, 0.062850, 0.033864, 0.021439 
  568, 0.062850, 0.026241, 0.021419 
  569, 0.062850, 0.030310, 0.022413 
  570, 0.062850, 0.033907, 0.019112 
  571, 0.062850, 0.034644, 0.019807 
  572, 0.062850, 0.038111, 0.020075 
  573, 0.062850, 0.027057, 0.016738 
  574, 0.062850, 0.029845, 0.019542 
  575, 0.062850, 0.035777, 0.018770 
  576, 0.062850, 0.030663, 0.016724 
  577, 0.062850, 0.034756, 0.023251 
  578, 0.062850, 0.042433, 0.019122 
  579, 0.062850, 0.034230, 0.017561 
  580, 0.062850, 0.029236, 0.018139 
  581, 0.062850, 0.032044, 0.016183 
  582, 0.062850, 0.043250, 0.017962 
  583, 0.062850, 0.038161, 0.020512 
  584, 0.062850, 0.034456, 0.022968 
  585, 0.062850, 0.032916, 0.020986 
  586, 0.062850, 0.044177, 0.019468 
  587, 0.062850, 0.034014, 0.018974 
  588, 0.062850, 0.029285, 0.021353 
  589, 0.062850, 0.024334, 0.017062 
  590, 0.062850, 0.037196, 0.023431 
  591, 0.062850, 0.030019, 0.019083 
  592, 0.062850, 0.029666, 0.015127 
  593, 0.062850, 0.031841, 0.017625 
  594, 0.062850, 0.034449, 0.020043 
  595, 0.062850, 0.030858, 0.021360 
  596, 0.062850, 0.031566, 0.021672 
  597, 0.062850, 0.026048, 0.020476 
  598, 0.062850, 0.035255, 0.021037 
  599, 0.062850, 0.030941, 0.020325 
  600, 0.062850, 0.031607, 0.025095 
  601, 0.062850, 0.032705, 0.019969 
  602, 0.062850, 0.034689, 0.023735 
  603, 0.062850, 0.029788, 0.018840 
  604, 0.062850, 0.026507, 0.019204 
  605, 0.062850, 0.039898, 0.022150 
  606, 0.062850, 0.031180, 0.020109 
  607, 0.062850, 0.035804, 0.019410 
  608, 0.062850, 0.033238, 0.017162 
  609, 0.062850, 0.029190, 0.018594 
  610, 0.062850, 0.035257, 0.019265 
  611, 0.062850, 0.030621, 0.020761 
  612, 0.062850, 0.027778, 0.019636 
  613, 0.062850, 0.032657, 0.022081 
  614, 0.062850, 0.030109, 0.021098 
  615, 0.062850, 0.031032, 0.016978 
  616, 0.062850, 0.033687, 0.019240 
  617, 0.062850, 0.028120, 0.014529 
  618, 0.062850, 0.030490, 0.022440 
  619, 0.062850, 0.028577, 0.020130 
  620, 0.062850, 0.026002, 0.021575 
  621, 0.062850, 0.029109, 0.018876 
  622, 0.062850, 0.033754, 0.020345 
  623, 0.062850, 0.030257, 0.020156 
  624, 0.062850, 0.027731, 0.021159 
  625, 0.062850, 0.039945, 0.021812 
  626, 0.062850, 0.038865, 0.019214 
  627, 0.062850, 0.036132, 0.017161 
  628, 0.062850, 0.038297, 0.016231 
  629, 0.062850, 0.040100, 0.015659 
  630, 0.062850, 0.027235, 0.016136 
  631, 0.062850, 0.020364, 0.015071 
  632, 0.062850, 0.037062, 0.021714 
  633, 0.062850, 0.033509, 0.018142 
  634, 0.062850, 0.035021, 0.019533 
  635, 0.062850, 0.029976, 0.016613 
  636, 0.062850, 0.029697, 0.020933 
  637, 0.062850, 0.030239, 0.017748 
  638, 0.062850, 0.027576, 0.019500 
  639, 0.062850, 0.033474, 0.020825 
  640, 0.062850, 0.031452, 0.019408 
  641, 0.062850, 0.039449, 0.023985 
  642, 0.062850, 0.033118, 0.022230 
  643, 0.062850, 0.027605, 0.018267 
  644, 0.062850, 0.042983, 0.020714 
  645, 0.062850, 0.036737, 0.021191 
  646, 0.062850, 0.038270, 0.024924 
  647, 0.062850, 0.033632, 0.021345 
  648, 0.062850, 0.031629, 0.017973 
  649, 0.062850, 0.025972, 0.019314 
  650, 0.062850, 0.032892, 0.018126 
  651, 0.062850, 0.037879, 0.019392 
  652, 0.062850, 0.031424, 0.019302 
  653, 0.062850, 0.028473, 0.021331 
  654, 0.062850, 0.038683, 0.019792 
  655, 0.062850, 0.034717, 0.021747 
  656, 0.062850, 0.040031, 0.024051 
  657, 0.062850, 0.038462, 0.016881 
  658, 0.062850, 0.032878, 0.019155 
  659, 0.062850, 0.035384, 0.017563 
  660, 0.062850, 0.029564, 0.018126 
  661, 0.062850, 0.035014, 0.023434 
  662, 0.062850, 0.030205, 0.017472 
  663, 0.062850, 0.039271, 0.020563 
  664, 0.062850, 0.039859, 0.023444 
  665, 0.062850, 0.032928, 0.021664 
  666, 0.062850, 0.033643, 0.023852 
  667, 0.062850, 0.025406, 0.021059 
  668, 0.062850, 0.027708, 0.019242 
  669, 0.062850, 0.029447, 0.019580 
  670, 0.062850, 0.028582, 0.021304 
  671, 0.062850, 0.041057, 0.024248 
  672, 0.062850, 0.040061, 0.019821 
  673, 0.062850, 0.033508, 0.020745 
  674, 0.062850, 0.034769, 0.018273 
  675, 0.062850, 0.032101, 0.022263 
  676, 0.062850, 0.039472, 0.020998 
  677, 0.062850, 0.032128, 0.019531 
  678, 0.062850, 0.034408, 0.021306 
  679, 0.062850, 0.040678, 0.022993 
  680, 0.062850, 0.037326, 0.019364 
  681, 0.062850, 0.027148, 0.017318 
  682, 0.062850, 0.033494, 0.020656 
  683, 0.062850, 0.032475, 0.022035 
  684, 0.062850, 0.045055, 0.021893 
  685, 0.062850, 0.040418, 0.020304 
  686, 0.062850, 0.035800, 0.015234 
  687, 0.062850, 0.034349, 0.017955 
  688, 0.062850, 0.031130, 0.015732 
  689, 0.062850, 0.032706, 0.021621 
  690, 0.062850, 0.042718, 0.020764 
  691, 0.062850, 0.042432, 0.020421 
  692, 0.062850, 0.039524, 0.021024 
  693, 0.062850, 0.029387, 0.021120 
  694, 0.062850, 0.041343, 0.020139 
  695, 0.062850, 0.032944, 0.018389 
  696, 0.062850, 0.028629, 0.016570 
  697, 0.062850, 0.033750, 0.020424 
  698, 0.062850, 0.030370, 0.017745 
  699, 0.062850, 0.027177, 0.018218 
  700, 0.062850, 0.039457, 0.022594 
  701, 0.062850, 0.026734, 0.017072 
  702, 0.062850, 0.030344, 0.021787 
  703, 0.062850, 0.035972, 0.016896 
  704, 0.062850, 0.027530, 0.017429 
  705, 0.062850, 0.030711, 0.024718 
  706, 0.062850, 0.024809, 0.015441 
  707, 0.062850, 0.032063, 0.021003 
  708, 0.062850, 0.031151, 0.021239 
  709, 0.062850, 0.028633, 0.020151 
  710, 0.062850, 0.029390, 0.024677 
  711, 0.062850, 0.034004, 0.018600 
  712, 0.062850, 0.035642, 0.021245 
  713, 0.062850, 0.036418, 0.018368 
  714, 0.062850, 0.032002, 0.019015 
  715, 0.062850, 0.046937, 0.020814 
  716, 0.062850, 0.034996, 0.017526 
  717, 0.062850, 0.033513, 0.016252 
  718, 0.062850, 0.028156, 0.018998 
  719, 0.062850, 0.034259, 0.021221 
  720, 0.062850, 0.035020, 0.017240 
  721, 0.062850, 0.032374, 0.018376 
  722, 0.062850, 0.037615, 0.021422 
  723, 0.062850, 0.041072, 0.021372 
  724, 0.062850, 0.029368, 0.023981 
  725, 0.062850, 0.026122, 0.020466 
  726, 0.062850, 0.029485, 0.020468 
  727, 0.062850, 0.020626, 0.018154 
  728, 0.062850, 0.031847, 0.022547 
  729, 0.062850, 0.033822, 0.018759 
  730, 0.062850, 0.030159, 0.018753 
  731, 0.062850, 0.034699, 0.021811 
  732, 0.062850, 0.042351, 0.021503 
  733, 0.062850, 0.029952, 0.016091 
  734, 0.062850, 0.032158, 0.020871 
  735, 0.062850, 0.037588, 0.020926 
  736, 0.062850, 0.024478, 0.015384 
  737, 0.062850, 0.030578, 0.022005 
  738, 0.062850, 0.037854, 0.018092 
  739, 0.062850, 0.037332, 0.017398 
  740, 0.062850, 0.036539, 0.017661 
  741, 0.062850, 0.033130, 0.019211 
  742, 0.062850, 0.038178, 0.017103 
  743, 0.062850, 0.029831, 0.017944 
  744, 0.062850, 0.032992, 0.021552 
  745, 0.062850, 0.038805, 0.020833 
  746, 0.062850, 0.036220, 0.019441 
  747, 0.062850, 0.025915, 0.017672 
  748, 0.062850, 0.030210, 0.020909 
  749, 0.062850, 0.034599, 0.018620 
  750, 0.062850, 0.031692, 0.018365 
  751, 0.062850, 0.036721, 0.022269 
  752, 0.062850, 0.040536, 0.018406 
  753, 0.062850, 0.037002, 0.022485 
  754, 0.062850, 0.042330, 0.018545 
  755, 0.062850, 0.043935, 0.016360 
  756, 0.062850, 0.034514, 0.015787 
  757, 0.062850, 0.030604, 0.015386 
  758, 0.062850, 0.029636, 0.021008 
  759, 0.062850, 0.029945, 0.018337 
  760, 0.062850, 0.028610, 0.018751 
  761, 0.062850, 0.028546, 0.021862 
  762, 0.062850, 0.028314, 0.021782 
  763, 0.062850, 0.040555, 0.018920 
  764, 0.062850, 0.035701, 0.017630 
  765, 0.062850, 0.026628, 0.019199 
  766, 0.062850, 0.034742, 0.022017 
  767, 0.062850, 0.027686, 0.015257 
  768, 0.062850, 0.033452, 0.018374 
  769, 0.062850, 0.035010, 0.017565 
  770, 0.062850, 0.040657, 0.020124 
  771, 0.062850, 0.037829, 0.019204 
  772, 0.062850, 0.023735, 0.018202 
  773, 0.062850, 0.030873, 0.021387 
  774, 0.062850, 0.045026, 0.020975 
  775, 0.062850, 0.040232, 0.015558 
  776, 0.062850, 0.028732, 0.019484 
  777, 0.062850, 0.030778, 0.024191 
  778, 0.062850, 0.034502, 0.024463 
  779, 0.062850, 0.024689, 0.016946 
  780, 0.062850, 0.026531, 0.017947 
  781, 0.062850, 0.024098, 0.021144 
  782, 0.062850, 0.034780, 0.022770 
  783, 0.062850, 0.030642, 0.021982 
  784, 0.062850, 0.037394, 0.023680 
  785, 0.062850, 0.038816, 0.019024 
  786, 0.062850, 0.029617, 0.016112 
  787, 0.062850, 0.039714, 0.019633 
  788, 0.062850, 0.027674, 0.015738 
  789, 0.062850, 0.031757, 0.020062 
  790, 0.062850, 0.031211, 0.019005 
  791, 0.062850, 0.028757, 0.022900 
  792, 0.062850, 0.033568, 0.018939 
  793, 0.062850, 0.030269, 0.018807 
  794, 0.062850, 0.031551, 0.022479 
  795, 0.062850, 0.025738, 0.018264 
  796, 0.062850, 0.034215, 0.022751 
  797, 0.062850, 0.032434, 0.021092 
  798, 0.062850, 0.040646, 0.018408 
  799, 0.062850, 0.037505, 0.018794 
  800, 0.062850, 0.025188, 0.013418 
  801, 0.062850, 0.043069, 0.021016 
  802, 0.062850, 0.038011, 0.016541 
  803, 0.062850, 0.027416, 0.017824 
  804, 0.062850, 0.032833, 0.021110 
  805, 0.062850, 0.039823, 0.021964 
  806, 0.062850, 0.029192, 0.016591 
  807, 0.062850, 0.026520, 0.019465 
  808, 0.062850, 0.041110, 0.023138 
  809, 0.062850, 0.033601, 0.020752 
  810, 0.062850, 0.030745, 0.021022 
  811, 0.062850, 0.032937, 0.018858 
  812, 0.062850, 0.033001, 0.020275 
  813, 0.062850, 0.032727, 0.014446 
  814, 0.062850, 0.030013, 0.025151 
  815, 0.062850, 0.029357, 0.022172 
  816, 0.062850, 0.043104, 0.019692 
  817, 0.062850, 0.025973, 0.017553 
  818, 0.062850, 0.026581, 0.019047 
  819, 0.062850, 0.028809, 0.019519 
  820, 0.062850, 0.031060, 0.023170 
  821, 0.062850, 0.029171, 0.021116 
  822, 0.062850, 0.030972, 0.018594 
  823, 0.062850, 0.029232, 0.015056 
  824, 0.062850, 0.037988, 0.021484 
  825, 0.062850, 0.038730, 0.019003 
  826, 0.062850, 0.033824, 0.017306 
  827, 0.062850, 0.034136, 0.021334 
  828, 0.062850, 0.028445, 0.015394 
  829, 0.062850, 0.027511, 0.017279 
  830, 0.062850, 0.033779, 0.018124 
  831, 0.062850, 0.032962, 0.020783 
  832, 0.062850, 0.032528, 0.018667 
  833, 0.062850, 0.038323, 0.019588 
  834, 0.062850, 0.037008, 0.016859 
  835, 0.062850, 0.037592, 0.019613 
  836, 0.062850, 0.027920, 0.020825 
  837, 0.062850, 0.038567, 0.019667 
  838, 0.062850, 0.025860, 0.017109 
  839, 0.062850, 0.021770, 0.016850 
  840, 0.062850, 0.027070, 0.018868 
  841, 0.062850, 0.034354, 0.017161 
  842, 0.062850, 0.034364, 0.018979 
  843, 0.062850, 0.029239, 0.017526 
  844, 0.062850, 0.030768, 0.018735 
  845, 0.062850, 0.029285, 0.021282 
  846, 0.062850, 0.030833, 0.021818 
  847, 0.062850, 0.030476, 0.022293 
  848, 0.062850, 0.038224, 0.022518 
  849, 0.062850, 0.037219, 0.018769 
  850, 0.062850, 0.037174, 0.017423 
  851, 0.062850, 0.033339, 0.019979 
  852, 0.062850, 0.036427, 0.021280 
  853, 0.062850, 0.032882, 0.018391 
  854, 0.062850, 0.033941, 0.020355 
  855, 0.062850, 0.032274, 0.022531 
  856, 0.062850, 0.035852, 0.020440 
  857, 0.062850, 0.036392, 0.015300 
  858, 0.062850, 0.034096, 0.021302 
  859, 0.062850, 0.030443, 0.019474 
  860, 0.062850, 0.042498, 0.020041 
  861, 0.062850, 0.044373, 0.017155 
  862, 0.062850, 0.034310, 0.018384 
  863, 0.062850, 0.031278, 0.014039 
  864, 0.062850, 0.027534, 0.019643 
  865, 0.062850, 0.032655, 0.018418 
  866, 0.062850, 0.039771, 0.018622 
  867, 0.062850, 0.030877, 0.018141 
  868, 0.062850, 0.039388, 0.023643 
  869, 0.062850, 0.036291, 0.018916 
  870, 0.062850, 0.030423, 0.020236 
  871, 0.062850, 0.024002, 0.015829 
  872, 0.062850, 0.028167, 0.021101 
  873, 0.062850, 0.034238, 0.020482 
  874, 0.062850, 0.032949, 0.022280 
  875, 0.062850, 0.026827, 0.022540 
  876, 0.062850, 0.040803, 0.019690 
  877, 0.062850, 0.036715, 0.019398 
  878, 0.062850, 0.033349, 0.021840 
  879, 0.062850, 0.039760, 0.019394 
  880, 0.062850, 0.033218, 0.018002 
  881, 0.062850, 0.029781, 0.017216 
  882, 0.062850, 0.024271, 0.015933 
  883, 0.062850, 0.034374, 0.019334 
  884, 0.062850, 0.036567, 0.020173 
  885, 0.062850, 0.035815, 0.018409 
  886, 0.062850, 0.034722, 0.013110 
  887, 0.062850, 0.033545, 0.017221 
  888, 0.062850, 0.037113, 0.018365 
  889, 0.062850, 0.031079, 0.016429 
  890, 0.062850, 0.030793, 0.020915 
  891, 0.062850, 0.031055, 0.020094 
  892, 0.062850, 0.029922, 0.023162 
  893, 0.062850, 0.033546, 0.018709 
  894, 0.062850, 0.029589, 0.017078 
  895, 0.062850, 0.032455, 0.019765 
  896, 0.062850, 0.038924, 0.019765 
  897, 0.062850, 0.034221, 0.017057 
  898, 0.062850, 0.039042, 0.019195 
  899, 0.062850, 0.025157, 0.017820 
  900, 0.062850, 0.026817, 0.021472 
  901, 0.062850, 0.030852, 0.020989 
  902, 0.062850, 0.030928, 0.018556 
  903, 0.062850, 0.031347, 0.022654 
  904, 0.062850, 0.047081, 0.017029 
  905, 0.062850, 0.034076, 0.016209 
  906, 0.062850, 0.030187, 0.018556 
  907, 0.062850, 0.030519, 0.020284 
  908, 0.062850, 0.034155, 0.020759 
  909, 0.062850, 0.029791, 0.019249 
  910, 0.062850, 0.031009, 0.020587 
  911, 0.062850, 0.031537, 0.021026 
  912, 0.062850, 0.027367, 0.018052 
  913, 0.062850, 0.032250, 0.021422 
  914, 0.062850, 0.036862, 0.021408 
  915, 0.062850, 0.037290, 0.017673 
  916, 0.062850, 0.037086, 0.019556 
  917, 0.062850, 0.032872, 0.019211 
  918, 0.062850, 0.031071, 0.017682 
  919, 0.062850, 0.032373, 0.014326 
  920, 0.062850, 0.035893, 0.018515 
  921, 0.062850, 0.038038, 0.017878 
  922, 0.062850, 0.033620, 0.018482 
  923, 0.062850, 0.034974, 0.020825 
  924, 0.062850, 0.033503, 0.020355 
  925, 0.062850, 0.032948, 0.018011 
  926, 0.062850, 0.033992, 0.020342 
  927, 0.062850, 0.030573, 0.019235 
  928, 0.062850, 0.029034, 0.017795 
  929, 0.062850, 0.032666, 0.019340 
  930, 0.062850, 0.033134, 0.019044 
  931, 0.062850, 0.037162, 0.016026 
  932, 0.062850, 0.030707, 0.013895 
  933, 0.062850, 0.026363, 0.020937 
  934, 0.062850, 0.029437, 0.019536 
  935, 0.062850, 0.038971, 0.020091 
  936, 0.062850, 0.035108, 0.016179 
  937, 0.062850, 0.032521, 0.013205 
  938, 0.062850, 0.031143, 0.020817 
  939, 0.062850, 0.030217, 0.020904 
  940, 0.062850, 0.030537, 0.020233 
  941, 0.062850, 0.028157, 0.017579 
  942, 0.062850, 0.027389, 0.014693 
  943, 0.062850, 0.032280, 0.019365 
  944, 0.062850, 0.047501, 0.019443 
  945, 0.062850, 0.036291, 0.020121 
  946, 0.062850, 0.037032, 0.023266 
  947, 0.062850, 0.032357, 0.017472 
  948, 0.062850, 0.034915, 0.017533 
  949, 0.062850, 0.029092, 0.019150 
  950, 0.062850, 0.027990, 0.023437 
  951, 0.062850, 0.027317, 0.021239 
  952, 0.062850, 0.044401, 0.022287 
  953, 0.062850, 0.028020, 0.020593 
  954, 0.062850, 0.038716, 0.021452 
  955, 0.062850, 0.036430, 0.020111 
  956, 0.062850, 0.030241, 0.016530 
  957, 0.062850, 0.032110, 0.018768 
  958, 0.062850, 0.035843, 0.019808 
  959, 0.062850, 0.040368, 0.018296 
  960, 0.062850, 0.035128, 0.016162 
  961, 0.062850, 0.027213, 0.018369 
  962, 0.062850, 0.027851, 0.019364 
  963, 0.062850, 0.034041, 0.023677 
  964, 0.062850, 0.034279, 0.020899 
  965, 0.062850, 0.036737, 0.020423 
  966, 0.062850, 0.029140, 0.019007 
  967, 0.062850, 0.037718, 0.022368 
  968, 0.062850, 0.036272, 0.016417 
  969, 0.062850, 0.032061, 0.019800 
  970, 0.062850, 0.029995, 0.018199 
  971, 0.062850, 0.031093, 0.021288 
  972, 0.062850, 0.029387, 0.018666 
  973, 0.062850, 0.034488, 0.020511 
  974, 0.062850, 0.036102, 0.020895 
  975, 0.062850, 0.034800, 0.017487 
  976, 0.062850, 0.033204, 0.020549 
  977, 0.062850, 0.031115, 0.018588 
  978, 0.062850, 0.027926, 0.017597 
  979, 0.062850, 0.023030, 0.019599 
  980, 0.062850, 0.027151, 0.017243 
  981, 0.062850, 0.036439, 0.021404 
  982, 0.062850, 0.027588, 0.019175 
  983, 0.062850, 0.033143, 0.020605 
  984, 0.062850, 0.035228, 0.021876 
  985, 0.062850, 0.037403, 0.018974 
  986, 0.062850, 0.032148, 0.015000 
  987, 0.062850, 0.023700, 0.015283 
  988, 0.062850, 0.029149, 0.020802 
  989, 0.062850, 0.029871, 0.020291 
  990, 0.062850, 0.032148, 0.020814 
  991, 0.062850, 0.029421, 0.016680 
  992, 0.062850, 0.035155, 0.018806 
  993, 0.062850, 0.033564, 0.021524 
  994, 0.062850, 0.033831, 0.022100 
  995, 0.062850, 0.032875, 0.021727 
  996, 0.062850, 0.040272, 0.022289 
  997, 0.062850, 0.038990, 0.016247 
  998, 0.062850, 0.037781, 0.021099 
  999, 0.062850, 0.035349, 0.019942 
 1000, 0.062850, 0.033009, 0.015805 

 Simulation completed

 Best member: 

 var(0) = 0
 var(1) = 0
 var(2) = 0
 var(3) = 0
 var(4) = 0
 var(5) = 1
 var(6) = 0
 var(7) = 1
 var(8) = 0
 var(9) = 0
 var(10) = 1
 var(11) = 0
 var(12) = 1
 var(13) = 0
 var(14) = 0
 var(15) = 0
 var(16) = 0
 var(17) = 0
 var(18) = 1
 var(19) = 1
 var(20) = 0
 var(21) = 0
 var(22) = 1
 var(23) = 0
 var(24) = 0
 var(25) = 0

 Best fitness = 0.062850