
 generation best average standard 
 number value fitness deviation 

    1, 0.004017, 0.004017, -1.#IND00 
    2, 0.011818, 0.007359, 0.003025 
    3, 0.021019, 0.011043, 0.006714 
    4, 0.025234, 0.015529, 0.007476 
    5, 0.037907, 0.020687, 0.013416 
    6, 0.037907, 0.023454, 0.012906 
    7, 0.040932, 0.026136, 0.009204 
    8, 0.040932, 0.029359, 0.012916 
    9, 0.040932, 0.025923, 0.013406 
   10, 0.040932, 0.022659, 0.011342 
   11, 0.040932, 0.021743, 0.011577 
   12, 0.040932, 0.018880, 0.010975 
   13, 0.040932, 0.019694, 0.012038 
   14, 0.040932, 0.021639, 0.012682 
   15, 0.040932, 0.026664, 0.011821 
   16, 0.044537, 0.027560, 0.010315 
   17, 0.062747, 0.028139, 0.020850 
   18, 0.062747, 0.028193, 0.017920 
   19, 0.062747, 0.025489, 0.019367 
   20, 0.062747, 0.029566, 0.021332 
   21, 0.062747, 0.025649, 0.017499 
   22, 0.062747, 0.027268, 0.022606 
   23, 0.062747, 0.032339, 0.021780 
   24, 0.062747, 0.036380, 0.023397 
   25, 0.062747, 0.023223, 0.017367 
   26, 0.062747, 0.030492, 0.019660 
   27, 0.062747, 0.029288, 0.018847 
   28, 0.062747, 0.034057, 0.017722 
   29, 0.062747, 0.035613, 0.024218 
   30, 0.062747, 0.031184, 0.021065 
   31, 0.062747, 0.032871, 0.017428 
   32, 0.062747, 0.030167, 0.020166 
   33, 0.062747, 0.028728, 0.020047 
   34, 0.062747, 0.038032, 0.018277 
   35, 0.062747, 0.035585, 0.023326 
   36, 0.062747, 0.033991, 0.018340 
   37, 0.062747, 0.031147, 0.019823 
   38, 0.062747, 0.036836, 0.021372 
   39, 0.062747, 0.041553, 0.021244 
   40, 0.062747, 0.032380, 0.020567 
   41, 0.062747, 0.037270, 0.018489 
   42, 0.062747, 0.028717, 0.019822 
   43, 0.062747, 0.032604, 0.021665 
   44, 0.062747, 0.034038, 0.013782 
   45, 0.062747, 0.036174, 0.019865 
   46, 0.062747, 0.028784, 0.019731 
   47, 0.062747, 0.035475, 0.021308 
   48, 0.062850, 0.037248, 0.019510 
   49, 0.062850, 0.030240, 0.020885 
   50, 0.062850, 0.032932, 0.018543 
   51, 0.062850, 0.031362, 0.016291 
   52, 0.062850, 0.032984, 0.020122 
   53, 0.062850, 0.030018, 0.018805 
   54, 0.062850, 0.026024, 0.016704 
   55, 0.062850, 0.030327, 0.023051 
   56, 0.062850, 0.036442, 0.020077 
   57, 0.062850, 0.044392, 0.022530 
   58, 0.062850, 0.032884, 0.019554 
   59, 0.062850, 0.029245, 0.018680 
   60, 0.062850, 0.031065, 0.017815 
   61, 0.062850, 0.033531, 0.021944 
   62, 0.062850, 0.034247, 0.020608 
   63, 0.062850, 0.033410, 0.016717 
   64, 0.062850, 0.030032, 0.018320 
   65, 0.062850, 0.029846, 0.020819 
   66, 0.062850, 0.028688, 0.021853 
   67, 0.062850, 0.028110, 0.018991 
   68, 0.062850, 0.032694, 0.022861 
   69, 0.062850, 0.032704, 0.023074 
   70, 0.062850, 0.035521, 0.022903 
   71, 0.062850, 0.033509, 0.018823 
   72, 0.062850, 0.024190, 0.017369 
   73, 0.062850, 0.026942, 0.024224 
   74, 0.062850, 0.028814, 0.021507 
   75, 0.062850, 0.046524, 0.017773 
   76, 0.062850, 0.032810, 0.016191 
   77, 0.062850, 0.026552, 0.016229 
   78, 0.062850, 0.027424, 0.018557 
   79, 0.062850, 0.037001, 0.022598 
   80, 0.062850, 0.031213, 0.019578 
   81, 0.062850, 0.026359, 0.019959 
   82, 0.062850, 0.033661, 0.018302 
   83, 0.062850, 0.034640, 0.018557 
   84, 0.062850, 0.030027, 0.023174 
   85, 0.062850, 0.035451, 0.023198 
   86, 0.062850, 0.029369, 0.019408 
   87, 0.062850, 0.043316, 0.020640 
   88, 0.062850, 0.032270, 0.018768 
   89, 0.062850, 0.033647, 0.020574 
   90, 0.062850, 0.033071, 0.018588 
   91, 0.062850, 0.038376, 0.019780 
   92, 0.062850, 0.033677, 0.016475 
   93, 0.062850, 0.030915, 0.020354 
   94, 0.062850, 0.025547, 0.020729 
   95, 0.062850, 0.031220, 0.018610 
   96, 0.062850, 0.034059, 0.023621 
   97, 0.062850, 0.034023, 0.022869 
   98, 0.062850, 0.028404, 0.015756 
   99, 0.062850, 0.033631, 0.021303 
  100, 0.062850, 0.037232, 0.019444 

 Simulation completed

 Best member: 

 var(0) = 0
 var(1) = 0
 var(2) = 0
 var(3) = 0
 var(4) = 0
 var(5) = 1
 var(6) = 0
 var(7) = 1
 var(8) = 0
 var(9) = 0
 var(10) = 1
 var(11) = 0
 var(12) = 1
 var(13) = 0
 var(14) = 0
 var(15) = 0
 var(16) = 0
 var(17) = 0
 var(18) = 1
 var(19) = 1
 var(20) = 0
 var(21) = 0
 var(22) = 1
 var(23) = 0
 var(24) = 0
 var(25) = 0

 Best fitness = 0.062850