
 generation best average standard 
 number value fitness deviation 
 maxFlow:38 

    1, 0.062850, 0.062850, 0.000000 
    2, 0.062850, 0.039271, 0.020745 
    3, 0.062850, 0.054962, 0.016631 
    4, 0.062850, 0.056109, 0.014213 
    5, 0.062850, 0.043365, 0.012553 
    6, 0.062850, 0.047691, 0.019571 
    7, 0.062850, 0.030644, 0.023133 
    8, 0.062850, 0.054375, 0.010941 
    9, 0.062850, 0.044952, 0.023161 
   10, 0.062850, 0.041529, 0.023208 
   11, 0.062850, 0.046505, 0.024319 
   12, 0.062850, 0.051290, 0.018552 
   13, 0.062850, 0.039272, 0.025252 
   14, 0.062850, 0.041371, 0.024055 
   15, 0.062850, 0.062850, 0.000000 
   16, 0.062850, 0.041664, 0.019157 
   17, 0.062850, 0.045047, 0.023181 
   18, 0.062850, 0.043498, 0.025097 
   19, 0.062850, 0.046471, 0.021778 
   20, 0.062850, 0.046070, 0.027019 
   21, 0.062850, 0.051367, 0.014825 
   22, 0.062850, 0.045505, 0.009840 
   23, 0.062850, 0.056442, 0.015996 
   24, 0.062850, 0.048202, 0.016400 
   25, 0.062850, 0.047342, 0.020649 
   26, 0.062850, 0.054376, 0.015058 
   27, 0.062850, 0.054821, 0.017118 
   28, 0.062850, 0.044717, 0.015607 
   29, 0.062850, 0.055228, 0.016069 
   30, 0.062850, 0.046393, 0.021408 
   31, 0.062850, 0.047043, 0.019143 
   32, 0.062850, 0.056848, 0.018982 
   33, 0.062850, 0.042396, 0.021657 
   34, 0.062850, 0.030056, 0.017749 
   35, 0.062850, 0.040732, 0.023315 
   36, 0.062850, 0.054512, 0.017578 
   37, 0.062850, 0.053605, 0.014886 
   38, 0.062850, 0.057980, 0.015403 
   39, 0.062850, 0.044376, 0.023850 
   40, 0.062850, 0.032685, 0.025967 
   41, 0.062850, 0.048186, 0.021308 
   42, 0.062850, 0.045898, 0.017869 
   43, 0.062850, 0.038801, 0.017107 
   44, 0.062850, 0.052512, 0.021795 
   45, 0.062850, 0.046610, 0.018358 
   46, 0.062850, 0.039999, 0.024958 
   47, 0.062850, 0.039482, 0.021457 
   48, 0.062850, 0.045459, 0.015219 
   49, 0.062850, 0.051421, 0.018403 
   50, 0.062850, 0.054604, 0.008692 
   51, 0.062850, 0.047591, 0.016218 
   52, 0.062850, 0.050543, 0.015682 
   53, 0.062850, 0.045367, 0.018493 
   54, 0.062850, 0.050843, 0.019334 
   55, 0.062850, 0.053295, 0.020374 
   56, 0.062850, 0.046944, 0.016767 
   57, 0.062850, 0.043603, 0.018284 
   58, 0.062850, 0.049343, 0.017686 
   59, 0.062850, 0.048202, 0.016758 
   60, 0.062850, 0.040465, 0.020419 
   61, 0.062850, 0.045796, 0.021715 
   62, 0.062850, 0.062850, 0.000000 
   63, 0.062850, 0.058291, 0.014418 
   64, 0.062850, 0.041468, 0.022874 
   65, 0.062850, 0.043541, 0.019279 
   66, 0.062850, 0.033181, 0.025710 
   67, 0.062850, 0.062850, 0.000000 
   68, 0.062850, 0.042892, 0.014328 
   69, 0.062850, 0.053133, 0.015646 
   70, 0.062850, 0.062850, 0.000000 
   71, 0.062850, 0.040222, 0.024424 
   72, 0.062850, 0.038821, 0.020908 
   73, 0.062850, 0.048919, 0.022638 
   74, 0.062850, 0.037442, 0.022838 
   75, 0.062850, 0.057449, 0.017081 
   76, 0.062850, 0.055734, 0.013845 
   77, 0.062850, 0.041258, 0.027964 
   78, 0.062850, 0.044506, 0.011129 
   79, 0.062850, 0.054045, 0.018828 
   80, 0.062850, 0.045101, 0.022920 
   81, 0.062850, 0.042737, 0.017395 
   82, 0.062850, 0.043165, 0.021955 
   83, 0.062850, 0.062850, 0.000000 
   84, 0.062850, 0.052938, 0.014859 
   85, 0.062850, 0.046459, 0.013095 
   86, 0.062850, 0.048868, 0.016080 
   87, 0.062850, 0.062038, 0.001712 
   88, 0.062850, 0.043360, 0.011956 
   89, 0.062850, 0.051735, 0.017803 
   90, 0.062850, 0.035996, 0.018566 
   91, 0.062850, 0.057369, 0.014577 
   92, 0.062850, 0.054949, 0.008233 
   93, 0.062850, 0.038248, 0.015904 
   94, 0.062850, 0.058791, 0.012836 
   95, 0.062850, 0.041304, 0.019417 
   96, 0.062850, 0.041248, 0.018592 
   97, 0.062850, 0.056552, 0.005421 
   98, 0.062850, 0.043185, 0.022503 
   99, 0.062850, 0.047958, 0.024122 
  100, 0.062850, 0.055398, 0.015710  
Execute time is:7.520926 ms


 Simulation completed

 Best member: 

 var(0) = 0
 var(1) = 0
 var(2) = 0
 var(3) = 0
 var(4) = 0
 var(5) = 1
 var(6) = 0
 var(7) = 1
 var(8) = 0
 var(9) = 0
 var(10) = 1
 var(11) = 0
 var(12) = 1
 var(13) = 0
 var(14) = 0
 var(15) = 0
 var(16) = 0
 var(17) = 0
 var(18) = 1
 var(19) = 1
 var(20) = 0
 var(21) = 0
 var(22) = 1
 var(23) = 0
 var(24) = 0
 var(25) = 0

 Best fitness = 0.062850