
 generation best average standard 
 number value fitness deviation 

    1, 0.004676, 0.004676, -1.#IND00 
    2, 0.014519, 0.009302, 0.004428 
    3, 0.016041, 0.008687, 0.004382 
    4, 0.027040, 0.014407, 0.008747 
    5, 0.034855, 0.018137, 0.011267 
    6, 0.034855, 0.021869, 0.012173 
    7, 0.048893, 0.023467, 0.015485 
    8, 0.052266, 0.024223, 0.017596 
    9, 0.052266, 0.023120, 0.015058 
   10, 0.052266, 0.026779, 0.020447 
   11, 0.052266, 0.020301, 0.015212 
   12, 0.052266, 0.028613, 0.017647 
   13, 0.052266, 0.022103, 0.016810 
   14, 0.052266, 0.028967, 0.014767 
   15, 0.052266, 0.027878, 0.015412 
   16, 0.052266, 0.030138, 0.017469 
   17, 0.052266, 0.032252, 0.014957 
   18, 0.052266, 0.032340, 0.016831 
   19, 0.052266, 0.031088, 0.013274 
   20, 0.052266, 0.031389, 0.016677 
   21, 0.052266, 0.029342, 0.014985 
   22, 0.052266, 0.021244, 0.013776 
   23, 0.052266, 0.025584, 0.016142 
   24, 0.052266, 0.019744, 0.014094 
   25, 0.052266, 0.023432, 0.020358 
   26, 0.052266, 0.024826, 0.016580 
   27, 0.052266, 0.030463, 0.013688 
   28, 0.062747, 0.032967, 0.020268 
   29, 0.062747, 0.030794, 0.018379 
   30, 0.062747, 0.032482, 0.015450 
   31, 0.062747, 0.033385, 0.021240 
   32, 0.062747, 0.033057, 0.017883 
   33, 0.062747, 0.034661, 0.018686 
   34, 0.062747, 0.036991, 0.017543 
   35, 0.062747, 0.030626, 0.018589 
   36, 0.062747, 0.036628, 0.020286 
   37, 0.062747, 0.031882, 0.016238 
   38, 0.062747, 0.030041, 0.017604 
   39, 0.062747, 0.030052, 0.024478 
   40, 0.062747, 0.025735, 0.019206 
   41, 0.062747, 0.036845, 0.022062 
   42, 0.062747, 0.033352, 0.015520 
   43, 0.062747, 0.029739, 0.016503 
   44, 0.062747, 0.043672, 0.019890 
   45, 0.062747, 0.037520, 0.014047 
   46, 0.062747, 0.033118, 0.019961 
   47, 0.062747, 0.037868, 0.020057 
   48, 0.062747, 0.037305, 0.021375 
   49, 0.062747, 0.038660, 0.017087 
   50, 0.062747, 0.022678, 0.015384 

 Simulation completed

 Best member: 

 var(0) = 0
 var(1) = 0
 var(2) = 0
 var(3) = 0
 var(4) = 0
 var(5) = 1
 var(6) = 0
 var(7) = 1
 var(8) = 0
 var(9) = 0
 var(10) = 1
 var(11) = 0
 var(12) = 1
 var(13) = 0
 var(14) = 0
 var(15) = 0
 var(16) = 1
 var(17) = 0
 var(18) = 1
 var(19) = 1
 var(20) = 0
 var(21) = 0
 var(22) = 1
 var(23) = 0
 var(24) = 0
 var(25) = 0

 Best fitness = 0.062747