
 generation best average standard 
 number value fitness deviation 
 maxFlow:29 

    1, 0.099252, 0.099252, 0.000000 
    2, 0.099252, 0.047133, 0.036873 
    3, 0.099252, 0.047546, 0.042813 
    4, 0.099252, 0.047905, 0.037032 
    5, 0.099252, 0.048369, 0.045760 
    6, 0.099252, 0.069102, 0.037321 
    7, 0.099252, 0.048697, 0.045349 
    8, 0.099252, 0.044314, 0.033960 
    9, 0.099252, 0.058164, 0.041879 
   10, 0.099252, 0.041420, 0.031148 
   11, 0.099252, 0.051790, 0.042833 
   12, 0.099252, 0.057092, 0.044501 
   13, 0.099252, 0.052434, 0.038153 
   14, 0.099252, 0.037134, 0.039530 
   15, 0.099252, 0.053336, 0.044768 
   16, 0.099252, 0.040102, 0.034821 
   17, 0.099252, 0.050282, 0.039265 
   18, 0.099252, 0.065425, 0.039087 
   19, 0.099252, 0.057239, 0.038518 
   20, 0.099252, 0.042334, 0.041453 
   21, 0.099252, 0.058968, 0.036069 
   22, 0.099252, 0.043431, 0.039388 
   23, 0.099252, 0.057173, 0.036613 
   24, 0.099252, 0.045279, 0.038897 
   25, 0.099252, 0.046782, 0.043531 
   26, 0.099252, 0.053407, 0.044804 
   27, 0.099252, 0.058347, 0.044964 
   28, 0.099252, 0.064267, 0.045356 
   29, 0.099252, 0.046862, 0.043477 
   30, 0.099252, 0.062123, 0.036735 
   31, 0.099252, 0.043372, 0.035977 
   32, 0.099252, 0.052911, 0.041916 
   33, 0.099252, 0.049255, 0.043117 
   34, 0.099252, 0.040093, 0.036565 
   35, 0.099252, 0.043959, 0.038182 
   36, 0.099252, 0.055131, 0.038573 
   37, 0.099252, 0.049650, 0.038011 
   38, 0.099252, 0.045404, 0.033885 
   39, 0.099252, 0.056010, 0.045564 
   40, 0.099252, 0.051470, 0.039081 
   41, 0.099252, 0.053429, 0.043153 
   42, 0.099252, 0.065351, 0.043926 
   43, 0.099252, 0.041616, 0.032625 
   44, 0.099252, 0.051302, 0.042322 
   45, 0.099252, 0.061511, 0.041645 
   46, 0.099252, 0.043643, 0.036678 
   47, 0.099252, 0.044925, 0.037080 
   48, 0.099252, 0.057667, 0.039355 
   49, 0.099252, 0.044969, 0.038455 
   50, 0.099252, 0.063101, 0.043365 
   51, 0.099252, 0.062167, 0.038719 
   52, 0.099252, 0.050071, 0.040859 
   53, 0.099252, 0.055781, 0.045821 
   54, 0.099252, 0.068394, 0.035043 
   55, 0.099252, 0.056503, 0.039257 
   56, 0.099252, 0.053499, 0.040302 
   57, 0.099252, 0.061308, 0.040220 
   58, 0.099252, 0.047567, 0.039814 
   59, 0.099252, 0.056365, 0.042317 
   60, 0.099252, 0.055546, 0.037213 
   61, 0.099252, 0.048170, 0.042620 
   62, 0.099252, 0.044815, 0.042192 
   63, 0.099252, 0.053631, 0.044553 
   64, 0.099252, 0.049968, 0.044814 
   65, 0.099252, 0.051518, 0.039923 
   66, 0.099252, 0.051209, 0.036611 
   67, 0.099252, 0.054661, 0.033098 
   68, 0.099252, 0.043960, 0.037183 
   69, 0.099252, 0.061131, 0.045329 
   70, 0.099252, 0.059214, 0.031740 
   71, 0.099252, 0.054061, 0.041211 
   72, 0.099252, 0.052598, 0.042318 
   73, 0.099252, 0.035273, 0.033472 
   74, 0.099252, 0.052359, 0.040920 
   75, 0.099252, 0.053285, 0.041938 
   76, 0.099252, 0.043236, 0.039312 
   77, 0.099252, 0.060193, 0.042257 
   78, 0.099252, 0.058417, 0.039918 
   79, 0.099252, 0.047072, 0.041875 
   80, 0.099252, 0.053415, 0.038790 
   81, 0.099252, 0.059965, 0.044888 
   82, 0.099252, 0.050978, 0.038141 
   83, 0.099252, 0.057490, 0.041747 
   84, 0.099252, 0.062555, 0.045490 
   85, 0.099252, 0.057864, 0.038076 
   86, 0.099252, 0.058210, 0.037205 
   87, 0.099252, 0.071491, 0.033356 
   88, 0.099252, 0.036643, 0.038204 
   89, 0.099252, 0.051634, 0.039137 
   90, 0.099252, 0.040910, 0.040978 
   91, 0.099252, 0.051420, 0.037052 
   92, 0.099252, 0.044034, 0.041280 
   93, 0.099252, 0.052144, 0.038643 
   94, 0.099252, 0.048965, 0.041953 
   95, 0.099252, 0.064687, 0.041583 
   96, 0.099252, 0.052867, 0.031901 
   97, 0.099252, 0.048283, 0.042431 
   98, 0.099252, 0.051019, 0.034989 
   99, 0.099252, 0.044484, 0.039004 
  100, 0.099252, 0.064706, 0.043001 
  101, 0.099252, 0.038320, 0.037795 
  102, 0.099252, 0.052120, 0.045911 
  103, 0.099252, 0.058139, 0.045180 
  104, 0.099252, 0.068065, 0.038229 
  105, 0.099252, 0.057176, 0.037189 
  106, 0.099252, 0.062510, 0.039422 
  107, 0.099252, 0.047253, 0.039888 
  108, 0.099252, 0.049712, 0.039815 
  109, 0.099252, 0.044909, 0.038944 
  110, 0.099252, 0.055872, 0.041408 
  111, 0.099252, 0.052724, 0.040993 
  112, 0.099252, 0.048650, 0.036624 
  113, 0.099252, 0.050960, 0.040789 
  114, 0.099252, 0.042445, 0.041783 
  115, 0.099252, 0.053933, 0.037057 
  116, 0.099252, 0.051377, 0.044937 
  117, 0.099252, 0.047547, 0.044582 
  118, 0.099252, 0.056553, 0.040612 
  119, 0.099252, 0.051126, 0.031765 
  120, 0.099252, 0.054508, 0.042258 
  121, 0.099252, 0.056433, 0.045239 
  122, 0.099252, 0.041042, 0.036723 
  123, 0.099252, 0.045066, 0.043466 
  124, 0.099252, 0.052377, 0.036689 
  125, 0.099252, 0.049367, 0.040504 
  126, 0.099252, 0.046407, 0.039086 
  127, 0.099252, 0.053733, 0.041342 
  128, 0.099252, 0.046308, 0.039061 
  129, 0.099252, 0.046423, 0.036593 
  130, 0.099252, 0.052142, 0.040968 
  131, 0.099252, 0.055218, 0.040759 
  132, 0.099252, 0.049516, 0.038150 
  133, 0.099252, 0.052338, 0.043967 
  134, 0.099252, 0.052594, 0.040039 
  135, 0.099252, 0.069259, 0.042332 
  136, 0.099252, 0.035813, 0.031749 
  137, 0.099252, 0.068130, 0.043857 
  138, 0.099252, 0.051779, 0.034294 
  139, 0.099252, 0.046541, 0.043725 
  140, 0.099252, 0.075725, 0.035821 
  141, 0.099252, 0.058175, 0.033277 
  142, 0.099252, 0.040015, 0.039610 
  143, 0.099252, 0.047270, 0.041820 
  144, 0.099252, 0.052848, 0.037281 
  145, 0.099252, 0.057564, 0.040989 
  146, 0.099252, 0.059082, 0.042922 
  147, 0.099252, 0.046245, 0.037298 
  148, 0.099252, 0.045635, 0.040129 
  149, 0.099252, 0.049363, 0.037487 
  150, 0.099252, 0.039515, 0.040268 
  151, 0.099252, 0.064284, 0.041996 
  152, 0.099252, 0.058290, 0.043427 
  153, 0.099252, 0.042820, 0.037891 
  154, 0.099252, 0.060418, 0.044474 
  155, 0.099252, 0.058882, 0.044402 
  156, 0.099252, 0.059815, 0.041885 
  157, 0.099252, 0.068126, 0.037043 
  158, 0.099252, 0.052943, 0.040309 
  159, 0.099252, 0.049246, 0.037834 
  160, 0.099252, 0.061366, 0.040860 
  161, 0.099252, 0.044120, 0.034928 
  162, 0.099252, 0.045733, 0.041320 
  163, 0.099252, 0.064672, 0.042942 
  164, 0.099252, 0.046044, 0.034042 
  165, 0.099252, 0.066342, 0.042708 
  166, 0.099252, 0.052038, 0.045903 
  167, 0.099252, 0.061374, 0.043467 
  168, 0.099252, 0.056241, 0.042190 
  169, 0.099252, 0.044573, 0.040192 
  170, 0.099252, 0.048320, 0.041240 
  171, 0.099252, 0.050822, 0.039271 
  172, 0.099252, 0.059541, 0.043758 
  173, 0.119741, 0.054598, 0.047862 
  174, 0.119741, 0.078342, 0.051732 
  175, 0.119741, 0.082978, 0.047325 
  176, 0.119741, 0.048514, 0.037962 
  177, 0.119741, 0.068609, 0.048489 
  178, 0.119741, 0.061611, 0.041993 
  179, 0.119741, 0.043280, 0.050679 
  180, 0.119741, 0.087613, 0.052053 
  181, 0.119741, 0.063051, 0.051812 
  182, 0.119741, 0.060484, 0.048636 
  183, 0.119741, 0.069316, 0.046976 
  184, 0.119741, 0.050540, 0.048500 
  185, 0.119741, 0.082277, 0.052806 
  186, 0.119741, 0.057475, 0.038692 
  187, 0.119741, 0.054578, 0.048242 
  188, 0.119741, 0.057189, 0.046824 
  189, 0.119741, 0.061916, 0.048359 
  190, 0.119741, 0.065526, 0.052929 
  191, 0.119741, 0.058534, 0.049723 
  192, 0.119741, 0.076653, 0.051386 
  193, 0.119741, 0.064116, 0.047988 
  194, 0.119741, 0.053959, 0.050919 
  195, 0.119741, 0.059706, 0.043603 
  196, 0.119741, 0.079779, 0.049030 
  197, 0.119741, 0.058275, 0.049239 
  198, 0.119741, 0.061220, 0.048217 
  199, 0.119741, 0.072342, 0.054235 
  200, 0.119741, 0.074083, 0.047815 
  201, 0.119741, 0.059392, 0.043418 
  202, 0.119741, 0.073488, 0.052837 
  203, 0.119741, 0.071542, 0.053116 
  204, 0.119741, 0.067587, 0.049256 
  205, 0.119741, 0.071409, 0.049121 
  206, 0.119741, 0.055163, 0.046459 
  207, 0.119741, 0.060096, 0.045984 
  208, 0.119741, 0.052312, 0.044791 
  209, 0.119741, 0.034932, 0.033599 
  210, 0.119741, 0.081658, 0.053663 
  211, 0.119741, 0.066426, 0.054046 
  212, 0.119741, 0.055271, 0.049733 
  213, 0.119741, 0.067811, 0.054849 
  214, 0.119741, 0.054219, 0.050210 
  215, 0.119741, 0.056531, 0.050896 
  216, 0.119741, 0.064379, 0.050301 
  217, 0.119741, 0.057477, 0.041918 
  218, 0.119741, 0.068737, 0.053748 
  219, 0.119741, 0.076891, 0.053189 
  220, 0.119741, 0.046185, 0.040276 
  221, 0.119741, 0.055971, 0.047798 
  222, 0.119741, 0.063535, 0.046922 
  223, 0.119741, 0.073934, 0.036444 
  224, 0.119741, 0.064864, 0.049916 
  225, 0.119741, 0.048438, 0.041759 
  226, 0.119741, 0.077972, 0.041698 
  227, 0.119741, 0.078271, 0.053568 
  228, 0.119741, 0.060179, 0.051982 
  229, 0.119741, 0.056283, 0.044407 
  230, 0.119741, 0.057909, 0.044253 
  231, 0.119741, 0.070561, 0.043084 
  232, 0.119741, 0.059438, 0.042166 
  233, 0.119741, 0.051376, 0.048304 
  234, 0.119741, 0.074748, 0.053623 
  235, 0.119741, 0.063780, 0.054488 
  236, 0.119741, 0.045585, 0.045481 
  237, 0.119741, 0.075521, 0.054992 
  238, 0.119741, 0.076142, 0.048524 
  239, 0.119741, 0.054064, 0.048643 
  240, 0.119741, 0.078262, 0.048074 
  241, 0.119741, 0.051453, 0.043021 
  242, 0.119741, 0.061237, 0.045718 
  243, 0.119741, 0.080276, 0.051298 
  244, 0.119741, 0.052160, 0.051325 
  245, 0.119741, 0.053009, 0.045797 
  246, 0.119741, 0.057320, 0.049956 
  247, 0.119741, 0.067643, 0.046325 
  248, 0.119741, 0.068491, 0.050606 
  249, 0.119741, 0.063445, 0.046528 
  250, 0.119741, 0.055606, 0.043471 
  251, 0.119741, 0.052292, 0.046500 
  252, 0.119741, 0.060399, 0.044453 
  253, 0.119741, 0.071080, 0.046844 
  254, 0.119741, 0.067204, 0.051664 
  255, 0.119741, 0.066021, 0.047947 
  256, 0.119741, 0.055650, 0.049318 
  257, 0.119741, 0.093562, 0.041213 
  258, 0.119741, 0.065306, 0.037432 
  259, 0.119741, 0.064444, 0.054048 
  260, 0.119741, 0.056285, 0.050721 
  261, 0.119741, 0.078506, 0.042834 
  262, 0.119741, 0.055409, 0.055373 
  263, 0.119741, 0.074431, 0.056073 
  264, 0.119741, 0.060866, 0.047909 
  265, 0.119741, 0.063177, 0.045987 
  266, 0.119741, 0.065091, 0.053495 
  267, 0.119741, 0.056442, 0.045200 
  268, 0.119741, 0.055331, 0.051214 
  269, 0.119741, 0.058437, 0.049419 
  270, 0.119741, 0.058001, 0.049791 
  271, 0.119741, 0.062856, 0.051249 
  272, 0.119741, 0.073590, 0.048121 
  273, 0.119741, 0.077522, 0.045777 
  274, 0.119741, 0.053720, 0.041625 
  275, 0.119741, 0.069592, 0.053103 
  276, 0.119741, 0.048102, 0.043700 
  277, 0.119741, 0.091276, 0.037763 
  278, 0.119741, 0.050413, 0.050883 
  279, 0.119741, 0.069466, 0.051322 
  280, 0.119741, 0.055309, 0.047521 
  281, 0.119741, 0.055791, 0.046952 
  282, 0.119741, 0.063574, 0.052670 
  283, 0.119741, 0.068835, 0.053773 
  284, 0.119741, 0.080600, 0.047040 
  285, 0.119741, 0.053865, 0.046828 
  286, 0.119741, 0.056133, 0.047644 
  287, 0.119741, 0.044385, 0.048256 
  288, 0.119741, 0.081018, 0.054503 
  289, 0.119741, 0.076720, 0.051356 
  290, 0.119741, 0.062172, 0.049936 
  291, 0.119741, 0.061014, 0.042849 
  292, 0.119741, 0.077096, 0.050998 
  293, 0.119741, 0.068429, 0.045043 
  294, 0.119741, 0.049565, 0.047534 
  295, 0.119741, 0.070910, 0.053614 
  296, 0.119741, 0.072369, 0.048899 
  297, 0.119741, 0.064648, 0.048430 
  298, 0.119741, 0.054719, 0.043504 
  299, 0.119741, 0.064929, 0.053380 
  300, 0.119741, 0.064306, 0.050763 
  301, 0.119741, 0.063401, 0.051384 
  302, 0.119741, 0.091657, 0.036853 
  303, 0.119741, 0.059103, 0.044059 
  304, 0.119741, 0.056567, 0.048870 
  305, 0.119741, 0.060716, 0.051157 
  306, 0.119741, 0.068049, 0.045637 
  307, 0.119741, 0.057334, 0.053894 
  308, 0.119741, 0.063703, 0.044340 
  309, 0.119741, 0.052193, 0.049652 
  310, 0.119741, 0.055896, 0.047848 
  311, 0.119741, 0.059325, 0.052074 
  312, 0.119741, 0.070850, 0.047797 
  313, 0.119741, 0.067767, 0.052077 
  314, 0.119741, 0.050592, 0.045593 
  315, 0.119741, 0.071546, 0.050294 
  316, 0.119741, 0.065559, 0.041833 
  317, 0.119741, 0.055198, 0.049583 
  318, 0.119741, 0.060674, 0.051169 
  319, 0.119741, 0.066586, 0.052090 
  320, 0.119741, 0.087695, 0.040036 
  321, 0.119741, 0.071343, 0.043105 
  322, 0.119741, 0.050536, 0.048979 
  323, 0.119741, 0.077690, 0.052386 
  324, 0.119741, 0.050847, 0.050623 
  325, 0.119741, 0.059406, 0.054271 
  326, 0.119741, 0.050538, 0.046745 
  327, 0.119741, 0.070222, 0.053024 
  328, 0.119741, 0.063977, 0.048063 
  329, 0.119741, 0.057412, 0.049922 
  330, 0.119741, 0.061105, 0.052941 
  331, 0.119741, 0.051814, 0.043297 
  332, 0.119741, 0.067477, 0.051312 
  333, 0.119741, 0.047413, 0.046216 
  334, 0.119741, 0.070876, 0.046606 
  335, 0.119741, 0.048807, 0.046472 
  336, 0.119741, 0.053120, 0.045633 
  337, 0.119741, 0.081518, 0.044236 
  338, 0.119741, 0.077918, 0.045651 
  339, 0.119741, 0.058030, 0.046292 
  340, 0.119741, 0.058608, 0.050814 
  341, 0.119741, 0.060916, 0.046952 
  342, 0.119741, 0.063200, 0.053237 
  343, 0.119741, 0.058735, 0.050965 
  344, 0.119741, 0.070178, 0.054355 
  345, 0.119741, 0.046387, 0.048792 
  346, 0.119741, 0.062210, 0.052360 
  347, 0.119741, 0.064789, 0.049847 
  348, 0.119741, 0.065490, 0.052941 
  349, 0.119741, 0.074421, 0.048240 
  350, 0.119741, 0.074501, 0.050138 
  351, 0.119741, 0.073825, 0.040377 
  352, 0.119741, 0.053139, 0.044191 
  353, 0.119741, 0.061442, 0.052644 
  354, 0.119741, 0.071665, 0.041788 
  355, 0.119741, 0.064587, 0.047709 
  356, 0.119741, 0.058576, 0.051090 
  357, 0.119741, 0.056721, 0.049278 
  358, 0.119741, 0.070721, 0.050300 
  359, 0.119741, 0.069705, 0.054799 
  360, 0.119741, 0.082116, 0.053005 
  361, 0.119741, 0.073890, 0.039461 
  362, 0.119741, 0.065433, 0.043654 
  363, 0.119741, 0.066900, 0.046660 
  364, 0.119741, 0.062396, 0.051245 
  365, 0.119741, 0.058107, 0.047119 
  366, 0.119741, 0.077853, 0.050626 
  367, 0.119741, 0.053658, 0.050503 
  368, 0.119741, 0.064553, 0.042012 
  369, 0.119741, 0.050395, 0.048665 
  370, 0.119741, 0.043973, 0.045107 
  371, 0.119741, 0.076448, 0.053786 
  372, 0.119741, 0.061960, 0.048056 
  373, 0.119741, 0.046889, 0.041191 
  374, 0.119741, 0.074514, 0.051864 
  375, 0.119741, 0.056802, 0.047605 
  376, 0.119741, 0.088477, 0.050662 
  377, 0.119741, 0.054261, 0.054110 
  378, 0.119741, 0.062464, 0.053742 
  379, 0.119741, 0.064805, 0.045688 
  380, 0.119741, 0.081089, 0.052213 
  381, 0.119741, 0.059410, 0.052146 
  382, 0.119741, 0.046937, 0.047134 
  383, 0.119741, 0.059542, 0.052347 
  384, 0.119741, 0.055416, 0.047054 
  385, 0.119741, 0.055127, 0.043156 
  386, 0.119741, 0.064105, 0.049669 
  387, 0.119741, 0.057398, 0.045756 
  388, 0.119741, 0.059370, 0.048082 
  389, 0.119741, 0.054518, 0.046497 
  390, 0.119741, 0.063856, 0.054573 
  391, 0.119741, 0.049965, 0.042866 
  392, 0.119741, 0.065125, 0.049188 
  393, 0.119741, 0.048625, 0.047624 
  394, 0.119741, 0.082047, 0.044181 
  395, 0.119741, 0.053001, 0.049275 
  396, 0.119741, 0.063760, 0.044844 
  397, 0.119741, 0.048644, 0.047921 
  398, 0.119741, 0.068732, 0.052268 
  399, 0.119741, 0.071535, 0.055032 
  400, 0.119741, 0.055517, 0.047431 
  401, 0.119741, 0.064562, 0.043720 
  402, 0.119741, 0.069359, 0.053151 
  403, 0.119741, 0.053109, 0.048976 
  404, 0.119741, 0.060505, 0.049738 
  405, 0.119741, 0.056060, 0.047685 
  406, 0.119741, 0.064564, 0.051789 
  407, 0.119741, 0.068113, 0.046068 
  408, 0.119741, 0.054920, 0.052060 
  409, 0.119741, 0.057323, 0.044931 
  410, 0.119741, 0.054320, 0.052719 
  411, 0.119741, 0.067120, 0.055423 
  412, 0.119741, 0.061097, 0.051122 
  413, 0.119741, 0.057459, 0.049639 
  414, 0.119741, 0.055241, 0.046348 
  415, 0.119741, 0.060474, 0.051506 
  416, 0.119741, 0.065194, 0.051201 
  417, 0.119741, 0.067125, 0.055407 
  418, 0.119741, 0.073649, 0.051521 
  419, 0.119741, 0.047630, 0.044079 
  420, 0.119741, 0.065020, 0.055430 
  421, 0.119741, 0.066717, 0.052475 
  422, 0.119741, 0.053561, 0.050735 
  423, 0.119741, 0.060029, 0.044097 
  424, 0.119741, 0.054204, 0.052147 
  425, 0.119741, 0.062103, 0.053119 
  426, 0.119741, 0.076422, 0.050166 
  427, 0.119741, 0.064623, 0.048582 
  428, 0.119741, 0.058128, 0.051190 
  429, 0.119741, 0.069580, 0.053212 
  430, 0.119741, 0.058704, 0.045756 
  431, 0.119741, 0.055604, 0.051079 
  432, 0.119741, 0.067672, 0.054807 
  433, 0.119741, 0.070172, 0.047444 
  434, 0.119741, 0.060537, 0.050826 
  435, 0.119741, 0.061385, 0.050972 
  436, 0.119741, 0.062420, 0.055859 
  437, 0.119741, 0.064918, 0.050245 
  438, 0.119741, 0.061317, 0.047085 
  439, 0.119741, 0.068879, 0.054040 
  440, 0.119741, 0.068430, 0.045524 
  441, 0.119741, 0.075029, 0.049063 
  442, 0.119741, 0.064349, 0.054037 
  443, 0.119741, 0.074688, 0.051481 
  444, 0.119741, 0.064685, 0.044196 
  445, 0.119741, 0.075213, 0.044660 
  446, 0.119741, 0.052781, 0.051024 
  447, 0.119741, 0.052595, 0.041684 
  448, 0.119741, 0.078534, 0.051070 
  449, 0.119741, 0.060057, 0.050685 
  450, 0.119741, 0.062693, 0.046070 
  451, 0.119741, 0.064888, 0.046382 
  452, 0.119741, 0.057193, 0.050243 
  453, 0.119741, 0.056915, 0.054147 
  454, 0.119741, 0.072095, 0.051322 
  455, 0.119741, 0.048519, 0.047683 
  456, 0.119741, 0.062377, 0.050573 
  457, 0.119741, 0.067218, 0.053415 
  458, 0.119741, 0.072606, 0.054127 
  459, 0.119741, 0.066871, 0.043066 
  460, 0.119741, 0.061739, 0.046886 
  461, 0.119741, 0.078615, 0.050981 
  462, 0.119741, 0.054662, 0.043711 
  463, 0.119741, 0.070106, 0.051783 
  464, 0.119741, 0.072086, 0.052339 
  465, 0.119741, 0.055916, 0.051648 
  466, 0.119741, 0.072277, 0.045963 
  467, 0.119741, 0.057457, 0.051670 
  468, 0.119741, 0.092596, 0.048827 
  469, 0.119741, 0.068600, 0.045159 
  470, 0.119741, 0.055121, 0.044590 
  471, 0.119741, 0.067861, 0.051200 
  472, 0.119741, 0.062294, 0.053916 
  473, 0.119741, 0.085611, 0.050488 
  474, 0.119741, 0.053989, 0.043070 
  475, 0.119741, 0.055711, 0.041340 
  476, 0.119741, 0.051833, 0.043795 
  477, 0.119741, 0.056741, 0.052514 
  478, 0.119741, 0.077991, 0.048440 
  479, 0.119741, 0.070306, 0.052302 
  480, 0.119741, 0.054421, 0.040168 
  481, 0.119741, 0.073126, 0.053430 
  482, 0.119741, 0.054922, 0.042259 
  483, 0.119741, 0.051706, 0.051639 
  484, 0.119741, 0.072837, 0.053821 
  485, 0.119741, 0.070474, 0.043588 
  486, 0.119741, 0.071350, 0.053081 
  487, 0.119741, 0.046074, 0.045393 
  488, 0.119741, 0.061062, 0.046739 
  489, 0.119741, 0.048181, 0.048050 
  490, 0.119741, 0.068932, 0.050696 
  491, 0.119741, 0.067180, 0.050428 
  492, 0.119741, 0.066970, 0.049901 
  493, 0.119741, 0.063210, 0.040734 
  494, 0.119741, 0.062036, 0.040897 
  495, 0.119741, 0.065302, 0.049543 
  496, 0.119741, 0.064768, 0.045562 
  497, 0.119741, 0.046880, 0.046738 
  498, 0.119741, 0.069918, 0.052644 
  499, 0.119741, 0.084552, 0.046779 
  500, 0.119741, 0.060762, 0.053130 
  501, 0.119741, 0.054018, 0.042605 
  502, 0.119741, 0.077356, 0.040496 
  503, 0.119741, 0.069541, 0.044602 
  504, 0.119741, 0.044358, 0.046097 
  505, 0.119741, 0.064861, 0.053496 
  506, 0.119741, 0.059761, 0.052033 
  507, 0.119741, 0.059760, 0.048659 
  508, 0.119741, 0.082046, 0.049309 
  509, 0.119741, 0.033457, 0.034695 
  510, 0.119741, 0.086101, 0.052020 
  511, 0.119741, 0.068028, 0.044003 
  512, 0.119741, 0.063910, 0.047879 
  513, 0.119741, 0.052648, 0.045311 
  514, 0.119741, 0.058681, 0.052894 
  515, 0.119741, 0.060092, 0.053667 
  516, 0.119741, 0.078379, 0.044093 
  517, 0.119741, 0.050989, 0.045002 
  518, 0.119741, 0.059972, 0.034745 
  519, 0.119741, 0.042661, 0.036425 
  520, 0.119741, 0.079023, 0.049235 
  521, 0.119741, 0.057713, 0.047944 
  522, 0.119741, 0.050305, 0.052719 
  523, 0.119741, 0.083735, 0.053042 
  524, 0.119741, 0.075551, 0.050761 
  525, 0.119741, 0.065820, 0.054747 
  526, 0.119741, 0.056129, 0.049293 
  527, 0.119741, 0.086805, 0.050934 
  528, 0.119741, 0.063853, 0.046998 
  529, 0.119741, 0.073656, 0.052649 
  530, 0.119741, 0.064157, 0.046750 
  531, 0.119741, 0.049719, 0.044988 
  532, 0.119741, 0.069609, 0.048900 
  533, 0.119741, 0.061856, 0.045063 
  534, 0.119741, 0.048915, 0.047502 
  535, 0.119741, 0.075762, 0.044615 
  536, 0.119741, 0.052500, 0.041616 
  537, 0.119741, 0.069384, 0.048549 
  538, 0.119741, 0.073764, 0.052643 
  539, 0.119741, 0.073424, 0.055083 
  540, 0.119741, 0.062443, 0.044072 
  541, 0.119741, 0.051751, 0.043769 
  542, 0.119741, 0.075145, 0.051024 
  543, 0.119741, 0.074245, 0.054107 
  544, 0.119741, 0.057102, 0.050043 
  545, 0.119741, 0.065593, 0.053144 
  546, 0.119741, 0.068044, 0.054569 
  547, 0.119741, 0.064191, 0.056284 
  548, 0.119741, 0.088152, 0.049010 
  549, 0.119741, 0.067795, 0.048269 
  550, 0.119741, 0.052566, 0.047818 
  551, 0.119741, 0.059086, 0.037413 
  552, 0.119741, 0.051038, 0.050219 
  553, 0.119741, 0.060881, 0.047702 
  554, 0.119741, 0.047760, 0.049367 
  555, 0.119741, 0.077952, 0.054053 
  556, 0.119741, 0.074595, 0.048737 
  557, 0.119741, 0.056026, 0.048287 
  558, 0.119741, 0.064495, 0.053947 
  559, 0.119741, 0.054636, 0.037868 
  560, 0.119741, 0.085037, 0.051195 
  561, 0.119741, 0.050619, 0.044764 
  562, 0.119741, 0.052033, 0.051653 
  563, 0.119741, 0.064454, 0.043376 
  564, 0.119741, 0.054343, 0.050158 
  565, 0.119741, 0.049400, 0.048952 
  566, 0.119741, 0.054756, 0.051589 
  567, 0.119741, 0.070488, 0.044976 
  568, 0.119741, 0.058817, 0.047317 
  569, 0.119741, 0.068288, 0.049443 
  570, 0.119741, 0.060240, 0.053769 
  571, 0.119741, 0.059893, 0.052424 
  572, 0.119741, 0.064698, 0.055763 
  573, 0.119741, 0.073143, 0.055430 
  574, 0.119741, 0.056998, 0.050411 
  575, 0.119741, 0.074996, 0.048774 
  576, 0.119741, 0.051476, 0.045712 
  577, 0.119741, 0.057420, 0.049380 
  578, 0.119741, 0.064276, 0.054152 
  579, 0.119741, 0.058751, 0.050427 
  580, 0.119741, 0.064211, 0.052871 
  581, 0.119741, 0.063546, 0.041238 
  582, 0.119741, 0.045473, 0.043399 
  583, 0.119741, 0.070265, 0.054390 
  584, 0.119741, 0.072048, 0.054439 
  585, 0.119741, 0.055663, 0.046640 
  586, 0.119741, 0.049809, 0.049141 
  587, 0.119741, 0.071743, 0.050312 
  588, 0.119741, 0.046609, 0.048994 
  589, 0.119741, 0.081346, 0.054099 
  590, 0.119741, 0.075497, 0.051183 
  591, 0.119741, 0.039601, 0.043694 
  592, 0.119741, 0.068688, 0.049962 
  593, 0.119741, 0.071183, 0.053520 
  594, 0.119741, 0.071100, 0.051593 
  595, 0.119741, 0.044741, 0.039967 
  596, 0.119741, 0.063497, 0.052135 
  597, 0.119741, 0.072036, 0.054449 
  598, 0.119741, 0.052080, 0.038463 
  599, 0.119741, 0.068891, 0.051904 
  600, 0.119741, 0.047337, 0.044296 
  601, 0.119741, 0.053911, 0.048464 
  602, 0.119741, 0.054686, 0.046514 
  603, 0.119741, 0.069619, 0.055150 
  604, 0.119741, 0.062375, 0.049944 
  605, 0.119741, 0.068961, 0.051881 
  606, 0.119741, 0.047494, 0.044439 
  607, 0.119741, 0.074566, 0.052126 
  608, 0.119741, 0.074722, 0.055738 
  609, 0.119741, 0.060066, 0.046228 
  610, 0.119741, 0.064327, 0.048848 
  611, 0.119741, 0.063443, 0.044962 
  612, 0.119741, 0.060823, 0.049585 
  613, 0.119741, 0.073232, 0.050133 
  614, 0.119741, 0.050151, 0.049067 
  615, 0.119741, 0.078701, 0.047983 
  616, 0.119741, 0.059615, 0.047530 
  617, 0.119741, 0.085956, 0.049795 
  618, 0.119741, 0.055121, 0.045807 
  619, 0.119741, 0.070629, 0.052602 
  620, 0.119741, 0.060605, 0.044420 
  621, 0.119741, 0.090735, 0.049497 
  622, 0.119741, 0.068400, 0.050908 
  623, 0.119741, 0.057723, 0.049447 
  624, 0.119741, 0.074327, 0.049433 
  625, 0.119741, 0.053086, 0.047542 
  626, 0.119741, 0.064643, 0.052240 
  627, 0.119741, 0.075465, 0.052662 
  628, 0.119741, 0.049251, 0.042600 
  629, 0.119741, 0.076773, 0.053278 
  630, 0.119741, 0.052863, 0.043346 
  631, 0.119741, 0.064420, 0.050228 
  632, 0.119741, 0.056597, 0.050700 
  633, 0.119741, 0.060772, 0.048499 
  634, 0.119741, 0.065873, 0.048309 
  635, 0.119741, 0.057265, 0.049968 
  636, 0.119741, 0.069470, 0.053091 
  637, 0.119741, 0.077638, 0.046646 
  638, 0.119741, 0.060034, 0.051990 
  639, 0.119741, 0.078217, 0.048559 
  640, 0.119741, 0.049847, 0.042279 
  641, 0.119741, 0.061254, 0.048736 
  642, 0.119741, 0.069976, 0.054867 
  643, 0.119741, 0.080593, 0.044501 
  644, 0.119741, 0.058231, 0.041769 
  645, 0.119741, 0.059479, 0.052502 
  646, 0.119741, 0.063312, 0.050917 
  647, 0.119741, 0.076049, 0.047152 
  648, 0.119741, 0.045655, 0.041806 
  649, 0.119741, 0.067529, 0.051245 
  650, 0.119741, 0.060032, 0.048222 
  651, 0.119741, 0.066372, 0.048719 
  652, 0.119741, 0.055645, 0.045964 
  653, 0.119741, 0.058642, 0.046549 
  654, 0.119741, 0.069551, 0.052219 
  655, 0.119741, 0.061095, 0.040853 
  656, 0.119741, 0.061444, 0.052767 
  657, 0.119741, 0.054034, 0.050155 
  658, 0.119741, 0.070128, 0.052946 
  659, 0.119741, 0.082795, 0.044076 
  660, 0.119741, 0.062819, 0.051742 
  661, 0.119741, 0.066264, 0.056283 
  662, 0.119741, 0.075519, 0.052653 
  663, 0.119741, 0.052799, 0.049507 
  664, 0.119741, 0.071884, 0.050984 
  665, 0.119741, 0.067511, 0.055206 
  666, 0.119741, 0.062897, 0.047649 
  667, 0.119741, 0.055346, 0.043811 
  668, 0.119741, 0.059127, 0.052226 
  669, 0.119741, 0.057705, 0.036934 
  670, 0.119741, 0.070820, 0.051838 
  671, 0.119741, 0.065110, 0.042016 
  672, 0.119741, 0.063276, 0.052981 
  673, 0.119741, 0.061079, 0.048917 
  674, 0.119741, 0.073910, 0.054493 
  675, 0.119741, 0.045771, 0.047166 
  676, 0.119741, 0.070050, 0.053198 
  677, 0.119741, 0.074322, 0.043511 
  678, 0.119741, 0.054192, 0.046032 
  679, 0.119741, 0.085632, 0.041240 
  680, 0.119741, 0.064547, 0.053847 
  681, 0.119741, 0.052553, 0.050958 
  682, 0.119741, 0.076795, 0.046534 
  683, 0.119741, 0.063316, 0.054890 
  684, 0.119741, 0.063843, 0.047712 
  685, 0.119741, 0.062081, 0.050072 
  686, 0.119741, 0.070472, 0.050598 
  687, 0.119741, 0.080718, 0.052637 
  688, 0.119741, 0.054729, 0.047807 
  689, 0.119741, 0.074719, 0.055749 
  690, 0.119741, 0.072095, 0.045488 
  691, 0.119741, 0.055898, 0.049222 
  692, 0.119741, 0.052826, 0.049608 
  693, 0.120407, 0.059265, 0.051064 
  694, 0.120407, 0.071856, 0.047358 
  695, 0.120407, 0.064955, 0.056215 
  696, 0.120407, 0.067340, 0.049130 
  697, 0.120407, 0.054854, 0.050254 
  698, 0.120407, 0.076537, 0.048163 
  699, 0.120407, 0.075449, 0.033477 
  700, 0.120407, 0.069607, 0.053650 
  701, 0.120407, 0.053175, 0.046974 
  702, 0.120407, 0.056280, 0.047529 
  703, 0.120407, 0.067241, 0.056104 
  704, 0.120407, 0.054411, 0.049018 
  705, 0.120407, 0.066138, 0.053264 
  706, 0.120407, 0.063459, 0.043272 
  707, 0.120407, 0.073095, 0.048925 
  708, 0.120407, 0.053957, 0.050692 
  709, 0.120407, 0.060186, 0.045558 
  710, 0.120407, 0.064963, 0.054494 
  711, 0.120407, 0.066019, 0.047090 
  712, 0.120407, 0.071571, 0.053612 
  713, 0.120407, 0.060437, 0.053806 
  714, 0.120407, 0.068920, 0.050679 
  715, 0.120407, 0.076044, 0.048469 
  716, 0.120407, 0.068610, 0.043897 
  717, 0.120407, 0.056728, 0.046201 
  718, 0.120407, 0.069787, 0.042432 
  719, 0.120407, 0.061345, 0.044225 
  720, 0.120407, 0.063700, 0.055161 
  721, 0.120407, 0.058999, 0.052884 
  722, 0.120407, 0.073670, 0.053649 
  723, 0.120407, 0.065843, 0.055304 
  724, 0.120407, 0.066991, 0.054310 
  725, 0.120407, 0.072447, 0.052805 
  726, 0.120407, 0.063824, 0.044980 
  727, 0.120407, 0.056953, 0.048946 
  728, 0.120407, 0.062937, 0.048676 
  729, 0.120407, 0.048097, 0.039917 
  730, 0.120407, 0.056366, 0.049627 
  731, 0.120407, 0.069489, 0.043395 
  732, 0.120407, 0.054364, 0.047765 
  733, 0.120407, 0.056189, 0.051465 
  734, 0.120407, 0.080979, 0.048923 
  735, 0.120407, 0.070911, 0.052446 
  736, 0.120407, 0.053501, 0.050987 
  737, 0.120407, 0.058268, 0.053773 
  738, 0.120407, 0.083138, 0.050573 
  739, 0.120407, 0.066029, 0.042564 
  740, 0.120407, 0.058477, 0.051583 
  741, 0.120407, 0.057268, 0.050309 
  742, 0.120407, 0.066409, 0.051264 
  743, 0.120407, 0.062862, 0.049272 
  744, 0.120407, 0.054584, 0.045930 
  745, 0.120407, 0.060709, 0.051718 
  746, 0.120407, 0.081364, 0.052677 
  747, 0.120407, 0.075973, 0.048233 
  748, 0.120407, 0.072248, 0.050515 
  749, 0.120407, 0.072764, 0.047268 
  750, 0.120407, 0.055127, 0.051912 
  751, 0.120407, 0.052463, 0.042546 
  752, 0.120407, 0.045594, 0.039465 
  753, 0.120407, 0.062196, 0.049744 
  754, 0.120407, 0.062296, 0.046605 
  755, 0.120407, 0.055395, 0.053767 
  756, 0.120407, 0.067975, 0.045521 
  757, 0.120407, 0.053848, 0.047402 
  758, 0.120407, 0.054659, 0.051050 
  759, 0.120407, 0.059900, 0.047922 
  760, 0.120407, 0.073839, 0.043542 
  761, 0.120407, 0.050780, 0.050923 
  762, 0.120407, 0.056686, 0.041986 
  763, 0.120407, 0.085926, 0.044410 
  764, 0.120407, 0.060208, 0.046438 
  765, 0.120407, 0.064654, 0.052236 
  766, 0.120407, 0.080656, 0.051374 
  767, 0.120407, 0.066075, 0.048538 
  768, 0.120407, 0.066308, 0.052967 
  769, 0.120407, 0.065981, 0.042036 
  770, 0.120407, 0.056458, 0.051329 
  771, 0.120407, 0.058322, 0.055655 
  772, 0.120407, 0.057811, 0.054571 
  773, 0.120407, 0.064132, 0.047181 
  774, 0.120407, 0.062718, 0.043966 
  775, 0.120407, 0.055462, 0.053791 
  776, 0.120407, 0.056138, 0.049083 
  777, 0.120407, 0.069854, 0.047107 
  778, 0.120407, 0.055958, 0.043477 
  779, 0.120407, 0.054150, 0.045572 
  780, 0.120407, 0.074862, 0.050505 
  781, 0.120407, 0.070214, 0.046952 
  782, 0.120407, 0.074347, 0.045933 
  783, 0.120407, 0.068711, 0.049719 
  784, 0.120407, 0.057947, 0.052584 
  785, 0.120407, 0.074454, 0.049581 
  786, 0.120407, 0.081747, 0.045889 
  787, 0.120407, 0.069850, 0.049899 
  788, 0.120407, 0.043974, 0.046352 
  789, 0.120407, 0.075097, 0.048791 
  790, 0.120407, 0.071814, 0.053379 
  791, 0.120407, 0.063941, 0.047584 
  792, 0.120407, 0.065528, 0.045948 
  793, 0.120407, 0.073594, 0.044122 
  794, 0.120407, 0.057430, 0.053108 
  795, 0.120407, 0.074187, 0.054954 
  796, 0.120407, 0.062361, 0.052302 
  797, 0.120407, 0.061120, 0.048159 
  798, 0.120407, 0.065212, 0.053820 
  799, 0.120407, 0.070949, 0.052251 
  800, 0.120407, 0.057893, 0.054058 
  801, 0.120407, 0.066418, 0.047696 
  802, 0.120407, 0.064763, 0.048805 
  803, 0.120407, 0.054863, 0.048173 
  804, 0.120407, 0.063840, 0.053228 
  805, 0.120407, 0.061665, 0.041617 
  806, 0.120407, 0.065389, 0.051751 
  807, 0.120407, 0.059821, 0.054537 
  808, 0.120407, 0.038919, 0.035176 
  809, 0.120407, 0.060469, 0.050080 
  810, 0.120407, 0.056630, 0.052826 
  811, 0.120407, 0.045775, 0.047566 
  812, 0.120407, 0.067943, 0.055252 
  813, 0.120407, 0.059098, 0.049439 
  814, 0.120407, 0.067809, 0.052652 
  815, 0.120407, 0.071984, 0.055287 
  816, 0.120407, 0.079820, 0.050786 
  817, 0.120407, 0.075458, 0.045105 
  818, 0.120407, 0.057675, 0.045442 
  819, 0.120407, 0.060742, 0.049628 
  820, 0.120407, 0.060821, 0.046025 
  821, 0.120407, 0.074465, 0.047215 
  822, 0.120407, 0.052093, 0.041334 
  823, 0.120407, 0.051889, 0.050159 
  824, 0.120407, 0.062943, 0.053957 
  825, 0.120407, 0.060884, 0.048511 
  826, 0.120407, 0.051829, 0.052133 
  827, 0.120407, 0.064411, 0.047600 
  828, 0.120407, 0.066304, 0.046817 
  829, 0.120407, 0.043787, 0.046276 
  830, 0.120407, 0.087550, 0.048555 
  831, 0.120407, 0.056064, 0.037712 
  832, 0.120407, 0.070076, 0.051158 
  833, 0.120407, 0.057700, 0.050031 
  834, 0.120407, 0.056499, 0.053068 
  835, 0.120407, 0.077285, 0.048735 
  836, 0.120407, 0.062048, 0.044546 
  837, 0.120407, 0.041326, 0.043420 
  838, 0.120407, 0.061145, 0.049900 
  839, 0.120407, 0.063416, 0.051881 
  840, 0.120407, 0.057878, 0.048000 
  841, 0.120407, 0.052466, 0.049672 
  842, 0.120407, 0.066919, 0.054611 
  843, 0.120407, 0.074556, 0.054523 
  844, 0.120407, 0.079534, 0.035996 
  845, 0.120407, 0.055246, 0.046679 
  846, 0.120407, 0.063850, 0.040257 
  847, 0.120407, 0.067241, 0.053968 
  848, 0.120407, 0.061916, 0.043269 
  849, 0.120407, 0.074594, 0.045396 
  850, 0.120407, 0.067107, 0.050031 
  851, 0.120407, 0.070968, 0.054383 
  852, 0.120407, 0.060875, 0.047668 
  853, 0.120407, 0.052794, 0.042390 
  854, 0.120407, 0.081733, 0.049067 
  855, 0.120407, 0.056890, 0.044301 
  856, 0.120407, 0.067548, 0.051620 
  857, 0.120407, 0.066185, 0.052922 
  858, 0.120407, 0.065448, 0.047565 
  859, 0.120407, 0.066379, 0.045304 
  860, 0.120407, 0.059472, 0.050578 
  861, 0.120407, 0.075331, 0.051855 
  862, 0.120407, 0.055523, 0.042580 
  863, 0.120407, 0.069714, 0.047969 
  864, 0.120407, 0.054492, 0.048754 
  865, 0.120407, 0.066644, 0.046629 
  866, 0.120407, 0.079340, 0.053054 
  867, 0.120407, 0.065838, 0.051316 
  868, 0.120407, 0.056075, 0.041265 
  869, 0.120407, 0.062106, 0.050980 
  870, 0.120407, 0.071505, 0.054181 
  871, 0.120407, 0.055522, 0.051632 
  872, 0.120407, 0.067007, 0.046380 
  873, 0.120407, 0.067083, 0.048226 
  874, 0.120407, 0.063413, 0.045744 
  875, 0.120407, 0.060363, 0.051951 
  876, 0.120407, 0.063839, 0.053114 
  877, 0.120407, 0.057588, 0.048893 
  878, 0.120407, 0.066675, 0.046363 
  879, 0.120407, 0.062528, 0.043730 
  880, 0.120407, 0.069811, 0.053318 
  881, 0.120407, 0.059675, 0.049428 
  882, 0.120407, 0.058915, 0.048428 
  883, 0.120407, 0.074330, 0.054849 
  884, 0.120407, 0.053758, 0.042904 
  885, 0.120407, 0.066385, 0.054888 
  886, 0.120407, 0.092219, 0.034597 
  887, 0.120407, 0.037722, 0.035053 
  888, 0.120407, 0.069931, 0.055425 
  889, 0.120407, 0.064631, 0.052338 
  890, 0.120407, 0.062405, 0.049109 
  891, 0.120407, 0.085219, 0.049764 
  892, 0.120407, 0.062851, 0.049081 
  893, 0.120407, 0.079520, 0.055094 
  894, 0.120407, 0.054196, 0.044901 
  895, 0.120407, 0.066079, 0.053007 
  896, 0.120407, 0.058139, 0.045591 
  897, 0.120407, 0.053351, 0.036224 
  898, 0.120407, 0.051458, 0.049704 
  899, 0.120407, 0.058390, 0.042400 
  900, 0.120407, 0.048373, 0.046340 
  901, 0.120407, 0.061168, 0.055445 
  902, 0.120407, 0.060071, 0.041575 
  903, 0.120407, 0.078934, 0.048131 
  904, 0.120407, 0.073283, 0.051900 
  905, 0.120407, 0.053748, 0.043358 
  906, 0.120407, 0.060833, 0.048324 
  907, 0.120407, 0.074809, 0.050730 
  908, 0.120407, 0.074639, 0.052730 
  909, 0.120407, 0.071852, 0.039424 
  910, 0.120407, 0.073892, 0.045665 
  911, 0.120407, 0.060260, 0.050317 
  912, 0.120407, 0.063651, 0.051016 
  913, 0.120407, 0.061425, 0.053058 
  914, 0.120407, 0.068017, 0.057404 
  915, 0.120407, 0.074463, 0.053004 
  916, 0.120407, 0.063410, 0.038360 
  917, 0.120407, 0.065637, 0.047781 
  918, 0.120407, 0.045962, 0.045011 
  919, 0.120407, 0.062098, 0.052555 
  920, 0.120407, 0.067608, 0.053519 
  921, 0.120407, 0.064355, 0.050494 
  922, 0.120407, 0.061960, 0.049813 
  923, 0.120407, 0.060155, 0.054632 
  924, 0.120407, 0.054065, 0.051088 
  925, 0.120407, 0.061323, 0.049541 
  926, 0.120407, 0.066769, 0.041853 
  927, 0.120407, 0.058560, 0.053382 
  928, 0.120407, 0.057522, 0.050630 
  929, 0.120407, 0.075672, 0.042241 
  930, 0.120407, 0.065047, 0.050957 
  931, 0.120407, 0.081781, 0.054424 
  932, 0.120407, 0.066280, 0.054809 
  933, 0.120407, 0.068667, 0.045485 
  934, 0.120407, 0.064722, 0.044068 
  935, 0.120407, 0.065484, 0.053683 
  936, 0.120407, 0.061872, 0.050969 
  937, 0.120407, 0.071301, 0.045664 
  938, 0.120407, 0.061890, 0.042948 
  939, 0.120407, 0.050745, 0.039159 
  940, 0.120407, 0.068565, 0.054709 
  941, 0.120407, 0.062807, 0.045312 
  942, 0.120407, 0.080218, 0.051951 
  943, 0.120407, 0.059625, 0.043380 
  944, 0.120407, 0.071969, 0.055434 
  945, 0.120407, 0.067541, 0.049989 
  946, 0.120407, 0.071730, 0.047925 
  947, 0.120407, 0.084422, 0.053047 
  948, 0.120407, 0.078653, 0.050625 
  949, 0.120407, 0.075296, 0.048668 
  950, 0.120407, 0.079008, 0.053673 
  951, 0.120407, 0.046512, 0.045316 
  952, 0.120407, 0.065474, 0.049174 
  953, 0.120407, 0.076801, 0.044551 
  954, 0.120407, 0.052109, 0.044604 
  955, 0.120407, 0.071428, 0.046006 
  956, 0.120407, 0.054918, 0.048541 
  957, 0.120407, 0.084391, 0.047413 
  958, 0.120407, 0.059236, 0.042616 
  959, 0.120407, 0.045558, 0.045881 
  960, 0.120407, 0.054570, 0.049105 
  961, 0.120407, 0.070533, 0.052868 
  962, 0.120407, 0.078612, 0.049179 
  963, 0.120407, 0.063882, 0.053124 
  964, 0.120407, 0.093704, 0.048072 
  965, 0.120407, 0.071276, 0.048148 
  966, 0.120407, 0.073983, 0.045808 
  967, 0.120407, 0.056495, 0.041756 
  968, 0.120407, 0.059158, 0.052978 
  969, 0.120407, 0.063129, 0.045936 
  970, 0.120407, 0.070859, 0.052617 
  971, 0.120407, 0.060131, 0.045755 
  972, 0.120407, 0.062652, 0.048528 
  973, 0.120407, 0.065236, 0.051927 
  974, 0.120407, 0.078510, 0.052175 
  975, 0.120407, 0.053484, 0.046009 
  976, 0.120407, 0.080025, 0.050355 
  977, 0.120407, 0.068828, 0.050999 
  978, 0.120407, 0.072166, 0.042554 
  979, 0.120407, 0.064070, 0.042713 
  980, 0.120407, 0.054997, 0.050911 
  981, 0.120407, 0.066551, 0.048328 
  982, 0.120407, 0.069990, 0.049807 
  983, 0.120407, 0.069922, 0.039558 
  984, 0.120407, 0.053942, 0.042783 
  985, 0.120407, 0.071396, 0.052272 
  986, 0.120407, 0.068407, 0.051053 
  987, 0.120407, 0.079699, 0.047568 
  988, 0.120407, 0.063015, 0.051927 
  989, 0.120407, 0.047624, 0.046676 
  990, 0.120407, 0.071628, 0.055672 
  991, 0.120407, 0.059925, 0.048609 
  992, 0.120407, 0.070166, 0.047564 
  993, 0.120407, 0.049502, 0.047336 
  994, 0.120407, 0.068733, 0.054885 
  995, 0.120407, 0.065868, 0.047302 
  996, 0.120407, 0.063701, 0.045940 
  997, 0.120407, 0.082895, 0.052853 
  998, 0.120407, 0.055416, 0.042966 
  999, 0.120407, 0.052773, 0.041335 
 1000, 0.120407, 0.058777, 0.043265  
Execute time is:467.027278 ms


 Simulation completed

 Best member: 

 var(0) = 0
 var(1) = 0
 var(2) = 0
 var(3) = 0
 var(4) = 1
 var(5) = 0
 var(6) = 0
 var(7) = 0
 var(8) = 0
 var(9) = 0
 var(10) = 0
 var(11) = 0
 var(12) = 0
 var(13) = 0
 var(14) = 0
 var(15) = 0
 var(16) = 0
 var(17) = 0
 var(18) = 0
 var(19) = 0
 var(20) = 0
 var(21) = 1
 var(22) = 0
 var(23) = 1
 var(24) = 0
 var(25) = 1
 var(26) = 0
 var(27) = 0
 var(28) = 0
 var(29) = 0
 var(30) = 0
 var(31) = 0
 var(32) = 0
 var(33) = 0
 var(34) = 0
 var(35) = 0
 var(36) = 0
 var(37) = 0
 var(38) = 0
 var(39) = 0
 var(40) = 0
 var(41) = 1
 var(42) = 0
 var(43) = 0
 var(44) = 0
 var(45) = 0
 var(46) = 0
 var(47) = 0
 var(48) = 0
 var(49) = 1
 var(50) = 0
 var(51) = 1
 var(52) = 0
 var(53) = 1
 var(54) = 1
 var(55) = 0

 Best fitness = 0.120407