
 generation best average standard 
 number value fitness deviation 

    1, 0.158969, 0.158969, 0.000000 
    2, 0.238546, 0.162143, 0.030807 
    3, 0.238546, 0.182188, 0.040103 
    4, 0.354885, 0.227227, 0.093287 
    5, 0.354885, 0.210431, 0.077943 
    6, 0.354885, 0.202591, 0.087144 
    7, 0.354885, 0.276759, 0.083679 
    8, 0.354885, 0.274485, 0.077666 
    9, 0.354885, 0.257395, 0.061382 
   10, 0.354885, 0.278178, 0.063020 
   11, 0.354885, 0.261616, 0.061045 
   12, 0.354885, 0.279336, 0.064154 
   13, 0.354885, 0.269077, 0.073618 
   14, 0.354885, 0.262827, 0.069292 
   15, 0.354885, 0.260387, 0.054554 
   16, 0.354885, 0.264368, 0.070983 
   17, 0.354885, 0.278889, 0.065434 
   18, 0.354885, 0.285928, 0.078555 
   19, 0.354885, 0.282792, 0.078827 
   20, 0.354885, 0.284299, 0.074641 
   21, 0.354885, 0.256227, 0.057447 
   22, 0.354885, 0.250926, 0.069755 
   23, 0.354885, 0.269916, 0.057174 
   24, 0.354885, 0.249464, 0.065990 
   25, 0.354885, 0.287549, 0.082549 
   26, 0.354885, 0.266574, 0.079436 
   27, 0.354885, 0.291659, 0.065496 
   28, 0.354885, 0.283170, 0.070240 
   29, 0.354885, 0.285688, 0.088012 
   30, 0.354885, 0.267053, 0.073176 
   31, 0.354885, 0.260304, 0.062575 
   32, 0.354885, 0.290449, 0.073638 
   33, 0.354885, 0.256290, 0.072241 
   34, 0.354885, 0.282615, 0.068911 
   35, 0.354885, 0.281095, 0.075490 
   36, 0.354885, 0.289994, 0.066120 
   37, 0.354885, 0.268789, 0.079978 
   38, 0.354885, 0.252328, 0.091888 
   39, 0.354885, 0.310397, 0.067616 
   40, 0.354885, 0.292915, 0.062942 
   41, 0.354885, 0.289010, 0.059345 
   42, 0.354885, 0.294789, 0.070218 
   43, 0.354885, 0.313933, 0.064613 
   44, 0.354885, 0.277077, 0.072891 
   45, 0.354885, 0.268274, 0.068415 
   46, 0.354885, 0.260577, 0.061875 
   47, 0.354885, 0.257126, 0.061368 
   48, 0.354885, 0.251519, 0.078343 
   49, 0.354885, 0.275192, 0.075210 
   50, 0.354885, 0.286189, 0.081188 
   51, 0.354885, 0.280560, 0.073129 
   52, 0.354885, 0.261018, 0.079356 
   53, 0.354885, 0.254818, 0.071657 
   54, 0.354885, 0.252155, 0.065066 
   55, 0.354885, 0.237076, 0.076359 
   56, 0.354885, 0.233938, 0.057082 
   57, 0.354885, 0.220384, 0.079488 
   58, 0.354885, 0.246702, 0.074336 
   59, 0.354885, 0.264179, 0.070397 
   60, 0.354885, 0.276068, 0.080570 
   61, 0.354885, 0.267516, 0.077030 
   62, 0.354885, 0.257406, 0.088209 
   63, 0.354885, 0.287483, 0.079915 
   64, 0.354885, 0.265756, 0.067926 
   65, 0.354885, 0.291355, 0.073270 
   66, 0.354885, 0.294233, 0.081746 
   67, 0.354885, 0.305056, 0.060028 
   68, 0.354885, 0.287060, 0.056738 
   69, 0.354885, 0.271270, 0.074288 
   70, 0.354885, 0.234435, 0.065128 
   71, 0.354885, 0.252222, 0.070103 
   72, 0.354885, 0.244757, 0.066193 
   73, 0.354885, 0.267524, 0.088646 
   74, 0.354885, 0.291215, 0.080941 
   75, 0.354885, 0.284065, 0.065665 
   76, 0.354885, 0.311891, 0.052215 
   77, 0.354885, 0.275068, 0.076436 
   78, 0.354885, 0.265334, 0.089635 
   79, 0.354885, 0.237647, 0.083204 
   80, 0.354885, 0.245505, 0.065153 
   81, 0.354885, 0.261264, 0.092991 
   82, 0.354885, 0.308766, 0.062525 
   83, 0.354885, 0.301157, 0.068578 
   84, 0.354885, 0.270735, 0.062465 
   85, 0.354885, 0.263782, 0.066407 
   86, 0.354885, 0.275367, 0.064528 
   87, 0.354885, 0.238989, 0.065624 
   88, 0.354885, 0.251847, 0.078875 
   89, 0.354885, 0.242597, 0.078425 
   90, 0.354885, 0.281378, 0.065751 
   91, 0.354885, 0.309879, 0.060067 
   92, 0.354885, 0.287288, 0.068046 
   93, 0.354885, 0.286922, 0.066636 
   94, 0.354885, 0.269001, 0.081128 
   95, 0.354885, 0.256658, 0.083800 
   96, 0.354885, 0.260350, 0.073881 
   97, 0.354885, 0.279988, 0.077768 
   98, 0.354885, 0.258554, 0.069470 
   99, 0.354885, 0.280047, 0.067365 
  100, 0.354885, 0.278569, 0.079115 

 Simulation completed

 Best member: 

 var(0) = 0
 var(1) = 0
 var(2) = 1
 var(3) = 0
 var(4) = 1
 var(5) = 1
 var(6) = 1
 var(7) = 0
 var(8) = 1
 var(9) = 1

 Best fitness = 0.354885