
 generation best average standard 
 number value fitness deviation 

    1, 0.209596, 0.155837, 0.051182 
    2, 0.236498, 0.198986, 0.040685 
    3, 0.314516, 0.224970, 0.052996 
    4, 0.314516, 0.233325, 0.053571 
    5, 0.354885, 0.247025, 0.067665 
    6, 0.354885, 0.256122, 0.069608 
    7, 0.354885, 0.266439, 0.084637 
    8, 0.354885, 0.318117, 0.053042 
    9, 0.354885, 0.307877, 0.051908 
   10, 0.354885, 0.294785, 0.065769 
   11, 0.354885, 0.308646, 0.077678 
   12, 0.354885, 0.285393, 0.063403 
   13, 0.354885, 0.271371, 0.070764 
   14, 0.354885, 0.252932, 0.065035 
   15, 0.354885, 0.258141, 0.074324 
   16, 0.354885, 0.250053, 0.057715 
   17, 0.354885, 0.263049, 0.059923 
   18, 0.354885, 0.242371, 0.062110 
   19, 0.354885, 0.236607, 0.055561 
   20, 0.354885, 0.256897, 0.073679 
   21, 0.354885, 0.236788, 0.052960 
   22, 0.354885, 0.247903, 0.074279 
   23, 0.354885, 0.263129, 0.083533 
   24, 0.354885, 0.265835, 0.090325 
   25, 0.354885, 0.311546, 0.067649 
   26, 0.354885, 0.308332, 0.066571 
   27, 0.354885, 0.285273, 0.068904 
   28, 0.354885, 0.276927, 0.079730 
   29, 0.354885, 0.264839, 0.079687 
   30, 0.354885, 0.276790, 0.074462 
   31, 0.354885, 0.275159, 0.068080 
   32, 0.354885, 0.250696, 0.080807 
   33, 0.354885, 0.265136, 0.076470 
   34, 0.354885, 0.291385, 0.070357 
   35, 0.354885, 0.295678, 0.066191 
   36, 0.354885, 0.287410, 0.076394 
   37, 0.354885, 0.302594, 0.056734 
   38, 0.354885, 0.294593, 0.056645 
   39, 0.354885, 0.299750, 0.060212 
   40, 0.354885, 0.306471, 0.059903 
   41, 0.354885, 0.295949, 0.062332 
   42, 0.354885, 0.262425, 0.056850 
   43, 0.354885, 0.240903, 0.075594 
   44, 0.354885, 0.275346, 0.062777 
   45, 0.354885, 0.291154, 0.067944 
   46, 0.354885, 0.270428, 0.078126 
   47, 0.354885, 0.289915, 0.074661 
   48, 0.354885, 0.271841, 0.086450 
   49, 0.354885, 0.267586, 0.088669 
   50, 0.354885, 0.256168, 0.077108 

 Simulation completed

 Best member: 

 var(0) = 0
 var(1) = 0
 var(2) = 1
 var(3) = 0
 var(4) = 1
 var(5) = 1
 var(6) = 1
 var(7) = 0
 var(8) = 1
 var(9) = 1

 Best fitness = 0.354885