
 generation best average standard 
 number value fitness deviation 

    1, 0.156071, 0.156071, -1.#IND00 
    2, 0.354885, 0.190836, 0.052942 
    3, 0.354885, 0.226056, 0.071082 
    4, 0.354885, 0.222557, 0.052201 
    5, 0.354885, 0.252680, 0.072953 
    6, 0.354885, 0.222207, 0.069613 
    7, 0.354885, 0.267742, 0.069447 
    8, 0.354885, 0.270238, 0.073845 
    9, 0.354885, 0.283809, 0.065801 
   10, 0.354885, 0.300481, 0.064007 
   11, 0.354885, 0.297130, 0.065253 
   12, 0.354885, 0.314240, 0.060938 
   13, 0.354885, 0.291503, 0.063118 
   14, 0.354885, 0.302818, 0.061763 
   15, 0.354885, 0.291251, 0.052875 
   16, 0.354885, 0.289290, 0.061177 
   17, 0.354885, 0.260649, 0.070687 
   18, 0.354885, 0.285715, 0.072927 
   19, 0.354885, 0.295918, 0.080527 
   20, 0.354885, 0.281970, 0.083240 
   21, 0.354885, 0.287742, 0.093709 
   22, 0.354885, 0.273016, 0.070156 
   23, 0.354885, 0.274508, 0.072718 
   24, 0.354885, 0.274412, 0.076702 
   25, 0.354885, 0.311929, 0.069267 
   26, 0.354885, 0.297787, 0.062043 
   27, 0.354885, 0.287103, 0.062373 
   28, 0.354885, 0.246850, 0.066406 
   29, 0.354885, 0.270481, 0.083422 
   30, 0.354885, 0.270536, 0.079441 
   31, 0.354885, 0.272963, 0.081441 
   32, 0.354885, 0.283836, 0.082214 
   33, 0.354885, 0.299468, 0.069577 
   34, 0.354885, 0.278547, 0.071946 
   35, 0.354885, 0.309668, 0.063029 
   36, 0.354885, 0.311535, 0.057654 
   37, 0.354885, 0.272471, 0.073996 
   38, 0.354885, 0.294389, 0.061432 
   39, 0.354885, 0.298199, 0.057511 
   40, 0.354885, 0.276691, 0.069146 
   41, 0.354885, 0.257907, 0.065566 
   42, 0.354885, 0.281394, 0.069999 
   43, 0.354885, 0.266507, 0.077483 
   44, 0.354885, 0.258306, 0.062416 
   45, 0.354885, 0.299928, 0.070691 
   46, 0.354885, 0.294879, 0.063840 
   47, 0.354885, 0.307037, 0.057923 
   48, 0.354885, 0.292185, 0.073887 
   49, 0.354885, 0.278884, 0.064759 
   50, 0.354885, 0.255009, 0.061388 
   51, 0.354885, 0.280492, 0.080051 
   52, 0.354885, 0.289064, 0.081047 
   53, 0.354885, 0.295116, 0.069613 
   54, 0.354885, 0.279139, 0.070277 
   55, 0.354885, 0.277463, 0.076043 
   56, 0.354885, 0.241791, 0.070161 
   57, 0.354885, 0.293386, 0.067008 
   58, 0.354885, 0.294464, 0.074346 
   59, 0.354885, 0.290171, 0.067581 
   60, 0.354885, 0.295922, 0.063867 
   61, 0.354885, 0.280949, 0.075509 
   62, 0.354885, 0.302887, 0.063382 
   63, 0.354885, 0.306346, 0.060950 
   64, 0.354885, 0.282130, 0.070993 
   65, 0.354885, 0.243640, 0.073253 
   66, 0.354885, 0.242346, 0.077117 
   67, 0.354885, 0.252849, 0.070653 
   68, 0.354885, 0.250722, 0.075391 
   69, 0.354885, 0.266703, 0.067312 
   70, 0.354885, 0.272650, 0.059712 
   71, 0.354885, 0.276083, 0.071967 
   72, 0.354885, 0.314203, 0.065627 
   73, 0.354885, 0.308686, 0.065222 
   74, 0.354885, 0.292385, 0.061970 
   75, 0.354885, 0.283494, 0.064100 
   76, 0.354885, 0.290848, 0.069992 
   77, 0.354885, 0.293195, 0.064436 
   78, 0.354885, 0.288452, 0.078871 
   79, 0.354885, 0.296068, 0.057752 
   80, 0.354885, 0.290631, 0.068238 
   81, 0.354885, 0.277396, 0.067490 
   82, 0.354885, 0.273453, 0.063792 
   83, 0.354885, 0.288454, 0.076939 
   84, 0.354885, 0.294255, 0.072303 
   85, 0.354885, 0.297785, 0.057137 
   86, 0.354885, 0.292057, 0.074415 
   87, 0.354885, 0.295051, 0.069788 
   88, 0.354885, 0.303616, 0.067953 
   89, 0.354885, 0.301941, 0.062468 
   90, 0.354885, 0.310600, 0.070262 
   91, 0.354885, 0.307011, 0.068236 
   92, 0.354885, 0.286350, 0.074476 
   93, 0.354885, 0.303921, 0.068675 
   94, 0.354885, 0.274831, 0.077455 
   95, 0.354885, 0.285418, 0.084809 
   96, 0.354885, 0.247227, 0.062318 
   97, 0.354885, 0.228821, 0.069659 
   98, 0.354885, 0.224849, 0.087379 
   99, 0.354885, 0.262889, 0.075599 
  100, 0.354885, 0.273928, 0.066366 
  101, 0.354885, 0.286026, 0.064870 
  102, 0.354885, 0.258405, 0.067324 
  103, 0.354885, 0.293256, 0.069778 
  104, 0.354885, 0.290788, 0.074031 
  105, 0.354885, 0.282884, 0.064457 
  106, 0.354885, 0.294048, 0.085494 
  107, 0.354885, 0.270055, 0.067028 
  108, 0.354885, 0.271716, 0.069566 
  109, 0.354885, 0.288889, 0.070779 
  110, 0.354885, 0.278664, 0.060309 
  111, 0.354885, 0.286848, 0.064728 
  112, 0.354885, 0.286684, 0.071960 
  113, 0.354885, 0.290921, 0.058780 
  114, 0.354885, 0.285062, 0.064992 
  115, 0.354885, 0.285772, 0.066149 
  116, 0.354885, 0.287789, 0.066569 
  117, 0.354885, 0.229308, 0.065662 
  118, 0.354885, 0.262555, 0.084134 
  119, 0.354885, 0.267091, 0.068680 
  120, 0.354885, 0.284327, 0.063573 
  121, 0.354885, 0.258646, 0.050814 
  122, 0.354885, 0.267468, 0.075514 
  123, 0.354885, 0.288290, 0.078048 
  124, 0.354885, 0.252792, 0.071880 
  125, 0.354885, 0.244215, 0.054146 
  126, 0.354885, 0.249407, 0.066737 
  127, 0.354885, 0.277735, 0.072356 
  128, 0.354885, 0.283788, 0.067567 
  129, 0.354885, 0.314373, 0.072067 
  130, 0.354885, 0.299727, 0.067194 
  131, 0.354885, 0.287778, 0.064064 
  132, 0.354885, 0.279445, 0.072094 
  133, 0.354885, 0.270486, 0.066077 
  134, 0.354885, 0.274305, 0.069365 
  135, 0.354885, 0.281791, 0.072278 
  136, 0.354885, 0.304655, 0.063845 
  137, 0.354885, 0.291406, 0.066328 
  138, 0.354885, 0.285104, 0.071129 
  139, 0.354885, 0.286953, 0.075337 
  140, 0.354885, 0.271063, 0.068565 
  141, 0.354885, 0.263367, 0.066119 
  142, 0.354885, 0.260745, 0.067614 
  143, 0.354885, 0.253530, 0.075116 
  144, 0.354885, 0.275759, 0.074493 
  145, 0.354885, 0.285772, 0.070292 
  146, 0.354885, 0.282923, 0.060643 
  147, 0.354885, 0.277089, 0.069708 
  148, 0.354885, 0.280216, 0.076860 
  149, 0.354885, 0.298216, 0.072768 
  150, 0.354885, 0.306973, 0.069784 
  151, 0.354885, 0.270549, 0.071587 
  152, 0.354885, 0.260891, 0.075518 
  153, 0.354885, 0.270202, 0.078423 
  154, 0.354885, 0.243623, 0.065286 
  155, 0.354885, 0.257311, 0.067352 
  156, 0.354885, 0.250923, 0.071080 
  157, 0.354885, 0.285887, 0.075630 
  158, 0.354885, 0.299709, 0.066550 
  159, 0.354885, 0.285442, 0.063571 
  160, 0.354885, 0.262036, 0.071794 
  161, 0.354885, 0.258862, 0.078496 
  162, 0.354885, 0.266057, 0.083323 
  163, 0.354885, 0.317268, 0.054354 
  164, 0.354885, 0.325198, 0.035829 
  165, 0.354885, 0.278362, 0.061549 
  166, 0.354885, 0.264195, 0.063724 
  167, 0.354885, 0.270004, 0.078588 
  168, 0.354885, 0.283259, 0.075849 
  169, 0.354885, 0.272411, 0.076618 
  170, 0.354885, 0.273095, 0.093711 
  171, 0.354885, 0.312253, 0.077048 
  172, 0.354885, 0.301686, 0.064884 
  173, 0.354885, 0.274703, 0.082186 
  174, 0.354885, 0.275474, 0.070886 
  175, 0.354885, 0.255538, 0.070032 
  176, 0.354885, 0.245119, 0.080310 
  177, 0.354885, 0.245010, 0.085887 
  178, 0.354885, 0.260676, 0.084360 
  179, 0.354885, 0.282194, 0.076764 
  180, 0.354885, 0.253169, 0.069013 
  181, 0.354885, 0.250745, 0.089670 
  182, 0.354885, 0.253046, 0.092782 
  183, 0.354885, 0.241477, 0.078336 
  184, 0.354885, 0.244217, 0.063876 
  185, 0.354885, 0.271879, 0.067178 
  186, 0.354885, 0.301983, 0.063246 
  187, 0.354885, 0.281311, 0.075626 
  188, 0.354885, 0.293203, 0.074476 
  189, 0.354885, 0.308348, 0.068667 
  190, 0.354885, 0.306959, 0.043829 
  191, 0.354885, 0.292059, 0.076853 
  192, 0.354885, 0.292002, 0.063305 
  193, 0.354885, 0.284289, 0.078508 
  194, 0.354885, 0.251664, 0.055120 
  195, 0.354885, 0.269980, 0.079279 
  196, 0.354885, 0.289115, 0.062623 
  197, 0.354885, 0.245566, 0.071788 
  198, 0.354885, 0.279894, 0.080467 
  199, 0.354885, 0.244464, 0.074214 
  200, 0.354885, 0.242194, 0.064316 
  201, 0.354885, 0.253740, 0.059315 
  202, 0.354885, 0.226312, 0.056220 
  203, 0.354885, 0.241292, 0.088185 
  204, 0.354885, 0.269793, 0.089796 
  205, 0.354885, 0.285338, 0.080457 
  206, 0.354885, 0.265495, 0.096152 
  207, 0.354885, 0.279449, 0.084726 
  208, 0.354885, 0.272741, 0.063880 
  209, 0.354885, 0.266292, 0.057758 
  210, 0.354885, 0.240603, 0.073286 
  211, 0.354885, 0.239768, 0.085745 
  212, 0.354885, 0.270321, 0.068382 
  213, 0.354885, 0.290666, 0.075932 
  214, 0.354885, 0.288453, 0.057505 
  215, 0.354885, 0.244343, 0.067403 
  216, 0.354885, 0.245538, 0.073358 
  217, 0.354885, 0.281700, 0.077154 
  218, 0.354885, 0.282351, 0.072592 
  219, 0.354885, 0.285972, 0.087731 
  220, 0.354885, 0.285407, 0.089584 
  221, 0.354885, 0.292851, 0.084377 
  222, 0.354885, 0.288063, 0.076209 
  223, 0.354885, 0.306847, 0.068887 
  224, 0.354885, 0.276056, 0.071812 
  225, 0.354885, 0.262820, 0.066326 
  226, 0.354885, 0.271014, 0.085739 
  227, 0.354885, 0.266358, 0.064274 
  228, 0.354885, 0.322399, 0.038707 
  229, 0.354885, 0.293325, 0.075948 
  230, 0.354885, 0.270694, 0.056304 
  231, 0.354885, 0.268209, 0.077236 
  232, 0.354885, 0.291787, 0.077740 
  233, 0.354885, 0.290704, 0.069855 
  234, 0.354885, 0.253996, 0.074610 
  235, 0.354885, 0.234234, 0.073625 
  236, 0.354885, 0.257625, 0.070757 
  237, 0.354885, 0.278014, 0.079849 
  238, 0.354885, 0.301780, 0.073769 
  239, 0.354885, 0.277867, 0.076885 
  240, 0.354885, 0.288972, 0.066350 
  241, 0.354885, 0.273940, 0.080199 
  242, 0.354885, 0.282415, 0.055390 
  243, 0.354885, 0.288201, 0.064773 
  244, 0.354885, 0.286098, 0.070348 
  245, 0.354885, 0.270808, 0.091735 
  246, 0.354885, 0.273056, 0.088611 
  247, 0.354885, 0.274044, 0.089873 
  248, 0.354885, 0.290544, 0.072524 
  249, 0.354885, 0.320502, 0.053679 
  250, 0.354885, 0.305623, 0.063891 
  251, 0.354885, 0.312908, 0.069823 
  252, 0.354885, 0.301606, 0.062897 
  253, 0.354885, 0.288467, 0.071594 
  254, 0.354885, 0.293176, 0.070145 
  255, 0.354885, 0.308122, 0.062457 
  256, 0.354885, 0.286209, 0.082099 
  257, 0.354885, 0.274073, 0.070546 
  258, 0.354885, 0.246274, 0.074484 
  259, 0.354885, 0.228812, 0.066249 
  260, 0.354885, 0.227916, 0.072822 
  261, 0.354885, 0.251065, 0.091258 
  262, 0.354885, 0.233511, 0.070947 
  263, 0.354885, 0.237296, 0.070280 
  264, 0.354885, 0.254169, 0.075668 
  265, 0.354885, 0.256041, 0.069947 
  266, 0.354885, 0.245840, 0.067973 
  267, 0.354885, 0.232624, 0.076921 
  268, 0.354885, 0.215553, 0.096010 
  269, 0.354885, 0.267230, 0.079228 
  270, 0.354885, 0.290476, 0.069312 
  271, 0.354885, 0.304610, 0.059494 
  272, 0.354885, 0.287843, 0.062188 
  273, 0.354885, 0.263309, 0.074269 
  274, 0.354885, 0.280779, 0.070726 
  275, 0.354885, 0.258969, 0.063557 
  276, 0.354885, 0.293082, 0.061623 
  277, 0.354885, 0.290263, 0.075539 
  278, 0.354885, 0.283145, 0.064828 
  279, 0.354885, 0.264030, 0.088344 
  280, 0.354885, 0.229934, 0.080787 
  281, 0.354885, 0.256393, 0.067040 
  282, 0.354885, 0.269658, 0.069422 
  283, 0.354885, 0.254326, 0.073833 
  284, 0.354885, 0.269973, 0.078226 
  285, 0.354885, 0.256375, 0.079707 
  286, 0.354885, 0.237806, 0.090439 
  287, 0.354885, 0.256012, 0.058155 
  288, 0.354885, 0.236233, 0.093105 
  289, 0.354885, 0.244349, 0.082121 
  290, 0.354885, 0.278500, 0.074407 
  291, 0.354885, 0.261761, 0.076615 
  292, 0.354885, 0.288507, 0.073100 
  293, 0.354885, 0.260550, 0.061414 
  294, 0.354885, 0.271147, 0.070974 
  295, 0.354885, 0.254630, 0.062691 
  296, 0.354885, 0.256447, 0.088959 
  297, 0.354885, 0.247386, 0.069916 
  298, 0.354885, 0.248621, 0.081471 
  299, 0.354885, 0.281088, 0.072079 
  300, 0.354885, 0.249454, 0.065808 
  301, 0.354885, 0.261015, 0.051741 
  302, 0.354885, 0.241182, 0.059353 
  303, 0.354885, 0.289682, 0.073960 
  304, 0.354885, 0.276153, 0.080050 
  305, 0.354885, 0.282754, 0.083429 
  306, 0.354885, 0.312705, 0.064542 
  307, 0.354885, 0.291888, 0.074765 
  308, 0.354885, 0.283700, 0.066088 
  309, 0.354885, 0.307357, 0.057730 
  310, 0.354885, 0.267733, 0.084482 
  311, 0.354885, 0.294734, 0.065430 
  312, 0.354885, 0.288335, 0.065137 
  313, 0.354885, 0.267269, 0.065304 
  314, 0.354885, 0.277682, 0.080975 
  315, 0.354885, 0.283877, 0.081989 
  316, 0.354885, 0.294493, 0.060653 
  317, 0.354885, 0.283910, 0.065180 
  318, 0.354885, 0.270174, 0.061157 
  319, 0.354885, 0.260628, 0.064568 
  320, 0.354885, 0.263175, 0.065041 
  321, 0.354885, 0.304126, 0.071336 
  322, 0.354885, 0.297641, 0.067639 
  323, 0.354885, 0.294642, 0.062976 
  324, 0.354885, 0.288441, 0.069327 
  325, 0.354885, 0.292349, 0.071672 
  326, 0.354885, 0.292411, 0.078656 
  327, 0.354885, 0.264297, 0.065620 
  328, 0.354885, 0.256935, 0.079288 
  329, 0.354885, 0.245516, 0.079884 
  330, 0.354885, 0.291714, 0.069829 
  331, 0.354885, 0.275807, 0.075188 
  332, 0.354885, 0.288160, 0.086110 
  333, 0.354885, 0.297466, 0.064863 
  334, 0.354885, 0.294773, 0.062765 
  335, 0.354885, 0.285708, 0.070798 
  336, 0.354885, 0.289934, 0.071628 
  337, 0.354885, 0.270492, 0.069557 
  338, 0.354885, 0.275699, 0.061945 
  339, 0.354885, 0.287343, 0.065459 
  340, 0.354885, 0.315130, 0.049321 
  341, 0.354885, 0.307830, 0.057287 
  342, 0.354885, 0.305957, 0.065611 
  343, 0.354885, 0.297804, 0.067313 
  344, 0.354885, 0.300255, 0.065650 
  345, 0.354885, 0.296632, 0.079286 
  346, 0.354885, 0.303137, 0.055186 
  347, 0.354885, 0.280345, 0.071660 
  348, 0.354885, 0.254718, 0.070268 
  349, 0.354885, 0.282152, 0.071195 
  350, 0.354885, 0.277413, 0.069816 
  351, 0.354885, 0.281850, 0.065898 
  352, 0.354885, 0.294118, 0.073233 
  353, 0.354885, 0.288511, 0.069993 
  354, 0.354885, 0.272189, 0.078355 
  355, 0.354885, 0.246275, 0.076367 
  356, 0.354885, 0.263496, 0.090875 
  357, 0.354885, 0.241828, 0.077436 
  358, 0.354885, 0.246570, 0.080035 
  359, 0.354885, 0.245303, 0.087122 
  360, 0.354885, 0.263746, 0.075947 
  361, 0.354885, 0.285245, 0.078660 
  362, 0.354885, 0.299924, 0.075486 
  363, 0.354885, 0.259044, 0.067361 
  364, 0.354885, 0.258514, 0.084481 
  365, 0.354885, 0.262209, 0.077987 
  366, 0.354885, 0.263128, 0.085769 
  367, 0.354885, 0.242106, 0.066801 
  368, 0.354885, 0.262264, 0.077403 
  369, 0.354885, 0.243243, 0.081994 
  370, 0.354885, 0.280994, 0.069294 
  371, 0.354885, 0.315366, 0.054969 
  372, 0.354885, 0.307829, 0.060620 
  373, 0.354885, 0.288594, 0.079617 
  374, 0.354885, 0.297868, 0.064681 
  375, 0.354885, 0.288249, 0.069308 
  376, 0.354885, 0.266204, 0.072546 
  377, 0.354885, 0.229209, 0.051380 
  378, 0.354885, 0.232381, 0.078844 
  379, 0.354885, 0.262298, 0.079160 
  380, 0.354885, 0.263370, 0.082798 
  381, 0.354885, 0.274941, 0.081513 
  382, 0.354885, 0.288718, 0.075526 
  383, 0.354885, 0.315449, 0.054829 
  384, 0.354885, 0.289085, 0.073840 
  385, 0.354885, 0.259090, 0.075559 
  386, 0.354885, 0.254154, 0.075344 
  387, 0.354885, 0.275612, 0.087048 
  388, 0.354885, 0.302591, 0.061015 
  389, 0.354885, 0.299818, 0.068381 
  390, 0.354885, 0.283531, 0.075929 
  391, 0.354885, 0.277870, 0.065422 
  392, 0.354885, 0.271777, 0.073846 
  393, 0.354885, 0.255778, 0.075778 
  394, 0.354885, 0.297609, 0.073754 
  395, 0.354885, 0.279282, 0.071189 
  396, 0.354885, 0.314501, 0.052889 
  397, 0.354885, 0.303119, 0.065618 
  398, 0.354885, 0.289728, 0.068595 
  399, 0.354885, 0.288521, 0.071902 
  400, 0.354885, 0.297002, 0.063775 
  401, 0.354885, 0.283600, 0.072909 
  402, 0.354885, 0.256938, 0.070273 
  403, 0.354885, 0.245040, 0.057981 
  404, 0.354885, 0.274913, 0.078139 
  405, 0.354885, 0.282855, 0.081810 
  406, 0.354885, 0.291460, 0.064679 
  407, 0.354885, 0.313472, 0.062166 
  408, 0.354885, 0.294779, 0.071446 
  409, 0.354885, 0.304686, 0.063483 
  410, 0.354885, 0.291144, 0.073643 
  411, 0.354885, 0.266056, 0.075104 
  412, 0.354885, 0.263708, 0.072021 
  413, 0.354885, 0.238821, 0.076688 
  414, 0.354885, 0.252876, 0.066965 
  415, 0.354885, 0.271924, 0.075712 
  416, 0.354885, 0.244892, 0.061841 
  417, 0.354885, 0.257075, 0.072917 
  418, 0.354885, 0.254849, 0.069115 
  419, 0.354885, 0.272223, 0.069912 
  420, 0.354885, 0.276064, 0.085920 
  421, 0.354885, 0.281367, 0.074309 
  422, 0.354885, 0.259777, 0.067192 
  423, 0.354885, 0.279964, 0.065203 
  424, 0.354885, 0.265458, 0.069388 
  425, 0.354885, 0.237994, 0.069581 
  426, 0.354885, 0.285891, 0.079241 
  427, 0.354885, 0.292567, 0.053708 
  428, 0.354885, 0.284655, 0.064716 
  429, 0.354885, 0.261450, 0.068115 
  430, 0.354885, 0.275158, 0.077985 
  431, 0.354885, 0.278771, 0.070023 
  432, 0.354885, 0.279103, 0.076215 
  433, 0.354885, 0.297071, 0.071614 
  434, 0.354885, 0.308261, 0.061830 
  435, 0.354885, 0.304529, 0.054500 
  436, 0.354885, 0.276302, 0.066656 
  437, 0.354885, 0.282601, 0.067209 
  438, 0.354885, 0.256309, 0.076292 
  439, 0.354885, 0.284304, 0.072498 
  440, 0.354885, 0.275714, 0.081950 
  441, 0.354885, 0.269693, 0.072237 
  442, 0.354885, 0.247201, 0.075064 
  443, 0.354885, 0.254636, 0.079491 
  444, 0.354885, 0.234000, 0.068439 
  445, 0.354885, 0.266163, 0.067703 
  446, 0.354885, 0.264177, 0.078927 
  447, 0.354885, 0.284014, 0.078178 
  448, 0.354885, 0.303153, 0.059269 
  449, 0.354885, 0.277604, 0.080469 
  450, 0.354885, 0.275747, 0.076278 
  451, 0.354885, 0.256438, 0.072099 
  452, 0.354885, 0.263530, 0.071154 
  453, 0.354885, 0.259499, 0.075197 
  454, 0.354885, 0.260723, 0.083373 
  455, 0.354885, 0.284056, 0.087105 
  456, 0.354885, 0.290205, 0.075434 
  457, 0.354885, 0.257583, 0.080592 
  458, 0.354885, 0.256628, 0.080843 
  459, 0.354885, 0.282603, 0.073657 
  460, 0.354885, 0.298734, 0.064147 
  461, 0.354885, 0.290076, 0.078775 
  462, 0.354885, 0.259156, 0.071619 
  463, 0.354885, 0.291279, 0.067909 
  464, 0.354885, 0.266434, 0.069459 
  465, 0.354885, 0.294706, 0.070757 
  466, 0.354885, 0.291817, 0.073382 
  467, 0.354885, 0.307669, 0.059356 
  468, 0.354885, 0.276620, 0.064334 
  469, 0.354885, 0.256012, 0.068626 
  470, 0.354885, 0.263010, 0.083440 
  471, 0.354885, 0.265498, 0.077766 
  472, 0.354885, 0.277084, 0.078088 
  473, 0.354885, 0.294625, 0.074500 
  474, 0.354885, 0.284824, 0.075189 
  475, 0.354885, 0.274939, 0.070924 
  476, 0.354885, 0.280479, 0.063809 
  477, 0.354885, 0.286193, 0.076750 
  478, 0.354885, 0.264988, 0.078793 
  479, 0.354885, 0.256758, 0.062729 
  480, 0.354885, 0.275942, 0.073926 
  481, 0.354885, 0.320670, 0.061481 
  482, 0.354885, 0.310787, 0.064798 
  483, 0.354885, 0.274989, 0.062151 
  484, 0.354885, 0.274137, 0.078041 
  485, 0.354885, 0.259875, 0.082583 
  486, 0.354885, 0.239877, 0.068677 
  487, 0.354885, 0.276154, 0.071477 
  488, 0.354885, 0.268271, 0.077284 
  489, 0.354885, 0.283721, 0.069203 
  490, 0.354885, 0.287651, 0.081155 
  491, 0.354885, 0.296504, 0.080205 
  492, 0.354885, 0.290641, 0.069977 
  493, 0.354885, 0.251633, 0.088475 
  494, 0.354885, 0.254034, 0.071878 
  495, 0.354885, 0.293560, 0.076442 
  496, 0.354885, 0.278943, 0.067644 
  497, 0.354885, 0.243203, 0.075360 
  498, 0.354885, 0.275108, 0.085268 
  499, 0.354885, 0.258688, 0.084168 
  500, 0.354885, 0.251464, 0.077968 
  501, 0.354885, 0.239236, 0.068495 
  502, 0.354885, 0.238547, 0.062670 
  503, 0.354885, 0.258020, 0.074016 
  504, 0.354885, 0.266383, 0.076276 
  505, 0.354885, 0.277311, 0.068570 
  506, 0.354885, 0.262414, 0.069391 
  507, 0.354885, 0.256833, 0.081146 
  508, 0.354885, 0.269789, 0.073693 
  509, 0.354885, 0.270892, 0.074398 
  510, 0.354885, 0.279239, 0.075914 
  511, 0.354885, 0.272433, 0.081582 
  512, 0.354885, 0.289222, 0.062490 
  513, 0.354885, 0.304546, 0.064110 
  514, 0.354885, 0.323594, 0.056808 
  515, 0.354885, 0.322007, 0.045427 
  516, 0.354885, 0.299021, 0.054532 
  517, 0.354885, 0.289784, 0.071578 
  518, 0.354885, 0.313336, 0.051059 
  519, 0.354885, 0.308212, 0.065028 
  520, 0.354885, 0.324234, 0.059176 
  521, 0.354885, 0.319751, 0.062212 
  522, 0.354885, 0.302110, 0.060361 
  523, 0.354885, 0.323830, 0.052705 
  524, 0.354885, 0.328510, 0.059416 
  525, 0.354885, 0.300081, 0.069530 
  526, 0.354885, 0.281900, 0.069527 
  527, 0.354885, 0.268103, 0.068563 
  528, 0.354885, 0.292267, 0.075767 
  529, 0.354885, 0.266033, 0.084902 
  530, 0.354885, 0.285986, 0.072988 
  531, 0.354885, 0.296614, 0.072723 
  532, 0.354885, 0.284717, 0.075703 
  533, 0.354885, 0.277215, 0.082702 
  534, 0.354885, 0.283487, 0.070935 
  535, 0.354885, 0.257755, 0.084745 
  536, 0.354885, 0.274285, 0.074437 
  537, 0.354885, 0.276676, 0.084086 
  538, 0.354885, 0.265750, 0.085157 
  539, 0.354885, 0.277159, 0.076755 
  540, 0.354885, 0.292820, 0.076032 
  541, 0.354885, 0.279821, 0.075830 
  542, 0.354885, 0.285364, 0.064803 
  543, 0.354885, 0.281092, 0.065516 
  544, 0.354885, 0.286084, 0.067563 
  545, 0.354885, 0.283185, 0.073549 
  546, 0.354885, 0.330630, 0.044544 
  547, 0.354885, 0.308099, 0.065750 
  548, 0.354885, 0.274829, 0.060927 
  549, 0.354885, 0.275840, 0.067070 
  550, 0.354885, 0.251352, 0.079137 
  551, 0.354885, 0.283668, 0.081173 
  552, 0.354885, 0.257205, 0.080066 
  553, 0.354885, 0.269964, 0.079916 
  554, 0.354885, 0.267475, 0.064662 
  555, 0.354885, 0.258151, 0.063748 
  556, 0.354885, 0.276185, 0.083058 
  557, 0.354885, 0.304991, 0.072616 
  558, 0.354885, 0.319724, 0.054796 
  559, 0.354885, 0.312877, 0.059945 
  560, 0.354885, 0.279951, 0.081000 
  561, 0.354885, 0.286935, 0.065419 
  562, 0.354885, 0.282883, 0.089759 
  563, 0.354885, 0.283065, 0.094948 
  564, 0.354885, 0.299494, 0.074426 
  565, 0.354885, 0.283768, 0.073170 
  566, 0.354885, 0.288879, 0.071603 
  567, 0.354885, 0.295523, 0.080835 
  568, 0.354885, 0.271017, 0.082359 
  569, 0.354885, 0.275616, 0.065245 
  570, 0.354885, 0.235214, 0.072071 
  571, 0.354885, 0.252949, 0.080665 
  572, 0.354885, 0.286172, 0.074686 
  573, 0.354885, 0.262088, 0.078787 
  574, 0.354885, 0.261996, 0.081181 
  575, 0.354885, 0.254473, 0.069038 
  576, 0.354885, 0.267642, 0.075055 
  577, 0.354885, 0.272789, 0.079695 
  578, 0.354885, 0.251139, 0.077210 
  579, 0.354885, 0.262726, 0.058823 
  580, 0.354885, 0.274436, 0.063970 
  581, 0.354885, 0.297805, 0.064723 
  582, 0.354885, 0.300546, 0.078749 
  583, 0.354885, 0.259275, 0.068131 
  584, 0.354885, 0.262249, 0.065404 
  585, 0.354885, 0.269824, 0.081440 
  586, 0.354885, 0.278457, 0.076512 
  587, 0.354885, 0.294386, 0.075562 
  588, 0.354885, 0.287036, 0.069079 
  589, 0.354885, 0.293151, 0.069536 
  590, 0.354885, 0.299730, 0.070768 
  591, 0.354885, 0.279087, 0.057199 
  592, 0.354885, 0.265527, 0.063431 
  593, 0.354885, 0.308564, 0.069450 
  594, 0.354885, 0.291126, 0.067063 
  595, 0.354885, 0.299995, 0.062909 
  596, 0.354885, 0.307385, 0.067930 
  597, 0.354885, 0.265736, 0.081241 
  598, 0.354885, 0.291547, 0.074909 
  599, 0.354885, 0.250148, 0.067473 
  600, 0.354885, 0.294841, 0.073859 
  601, 0.354885, 0.291732, 0.077948 
  602, 0.354885, 0.288142, 0.064443 
  603, 0.354885, 0.284838, 0.072798 
  604, 0.354885, 0.279773, 0.077194 
  605, 0.354885, 0.283242, 0.073779 
  606, 0.354885, 0.286547, 0.064629 
  607, 0.354885, 0.276438, 0.071504 
  608, 0.354885, 0.247277, 0.071211 
  609, 0.354885, 0.241899, 0.076734 
  610, 0.354885, 0.231341, 0.071525 
  611, 0.354885, 0.268508, 0.066325 
  612, 0.354885, 0.291335, 0.057779 
  613, 0.354885, 0.268581, 0.072748 
  614, 0.354885, 0.272324, 0.069582 
  615, 0.354885, 0.224913, 0.055373 
  616, 0.354885, 0.255934, 0.077454 
  617, 0.354885, 0.288500, 0.065557 
  618, 0.354885, 0.285485, 0.071944 
  619, 0.354885, 0.297104, 0.064017 
  620, 0.354885, 0.284523, 0.053598 
  621, 0.354885, 0.297451, 0.059417 
  622, 0.354885, 0.291426, 0.061679 
  623, 0.354885, 0.276009, 0.080032 
  624, 0.354885, 0.254217, 0.073779 
  625, 0.354885, 0.260400, 0.077324 
  626, 0.354885, 0.254896, 0.080989 
  627, 0.354885, 0.240213, 0.085989 
  628, 0.354885, 0.286818, 0.064275 
  629, 0.354885, 0.293156, 0.056791 
  630, 0.354885, 0.299999, 0.052783 
  631, 0.354885, 0.250973, 0.080448 
  632, 0.354885, 0.266624, 0.071380 
  633, 0.354885, 0.279853, 0.063691 
  634, 0.354885, 0.282101, 0.075106 
  635, 0.354885, 0.271653, 0.071474 
  636, 0.354885, 0.272878, 0.071237 
  637, 0.354885, 0.303047, 0.064404 
  638, 0.354885, 0.295658, 0.074389 
  639, 0.354885, 0.303168, 0.071295 
  640, 0.354885, 0.288122, 0.079223 
  641, 0.354885, 0.297551, 0.068353 
  642, 0.354885, 0.292600, 0.060245 
  643, 0.354885, 0.310035, 0.066096 
  644, 0.354885, 0.318523, 0.058006 
  645, 0.354885, 0.323540, 0.051343 
  646, 0.354885, 0.308633, 0.070979 
  647, 0.354885, 0.286270, 0.074581 
  648, 0.354885, 0.274363, 0.054587 
  649, 0.354885, 0.257874, 0.055297 
  650, 0.354885, 0.269838, 0.069130 
  651, 0.354885, 0.261158, 0.070647 
  652, 0.354885, 0.265896, 0.080592 
  653, 0.354885, 0.249650, 0.072455 
  654, 0.354885, 0.246016, 0.084248 
  655, 0.354885, 0.222886, 0.073097 
  656, 0.354885, 0.236761, 0.081412 
  657, 0.354885, 0.251892, 0.085971 
  658, 0.354885, 0.299070, 0.081113 
  659, 0.354885, 0.272699, 0.072318 
  660, 0.354885, 0.306052, 0.069843 
  661, 0.354885, 0.311180, 0.060099 
  662, 0.354885, 0.283681, 0.069307 
  663, 0.354885, 0.282986, 0.069424 
  664, 0.354885, 0.280903, 0.071664 
  665, 0.354885, 0.276604, 0.071652 
  666, 0.354885, 0.283206, 0.071478 
  667, 0.354885, 0.294841, 0.068206 
  668, 0.354885, 0.300867, 0.068681 
  669, 0.354885, 0.296578, 0.074766 
  670, 0.354885, 0.312307, 0.071580 
  671, 0.354885, 0.310866, 0.056259 
  672, 0.354885, 0.306190, 0.068743 
  673, 0.354885, 0.298172, 0.058615 
  674, 0.354885, 0.294695, 0.060584 
  675, 0.354885, 0.272285, 0.065485 
  676, 0.354885, 0.289944, 0.066843 
  677, 0.354885, 0.292776, 0.069991 
  678, 0.354885, 0.272484, 0.068973 
  679, 0.354885, 0.260125, 0.065823 
  680, 0.354885, 0.251209, 0.074604 
  681, 0.354885, 0.290109, 0.076504 
  682, 0.354885, 0.280583, 0.072260 
  683, 0.354885, 0.285435, 0.071402 
  684, 0.354885, 0.265370, 0.083661 
  685, 0.354885, 0.289684, 0.078387 
  686, 0.354885, 0.283519, 0.082394 
  687, 0.354885, 0.275968, 0.077450 
  688, 0.354885, 0.266857, 0.067462 
  689, 0.354885, 0.289509, 0.069621 
  690, 0.354885, 0.302158, 0.063192 
  691, 0.354885, 0.278449, 0.078136 
  692, 0.354885, 0.271527, 0.069227 
  693, 0.354885, 0.257418, 0.078425 
  694, 0.354885, 0.270111, 0.073950 
  695, 0.354885, 0.244473, 0.070196 
  696, 0.354885, 0.240912, 0.101099 
  697, 0.354885, 0.290461, 0.088270 
  698, 0.354885, 0.300361, 0.062202 
  699, 0.354885, 0.266763, 0.067970 
  700, 0.354885, 0.283403, 0.064757 
  701, 0.354885, 0.293560, 0.060190 
  702, 0.354885, 0.299915, 0.064089 
  703, 0.354885, 0.302647, 0.057478 
  704, 0.354885, 0.305348, 0.059721 
  705, 0.354885, 0.290989, 0.074582 
  706, 0.354885, 0.269177, 0.070872 
  707, 0.354885, 0.302177, 0.070760 
  708, 0.354885, 0.300580, 0.067298 
  709, 0.354885, 0.310026, 0.053318 
  710, 0.354885, 0.292824, 0.076839 
  711, 0.354885, 0.293626, 0.072617 
  712, 0.354885, 0.292216, 0.065746 
  713, 0.354885, 0.279598, 0.066619 
  714, 0.354885, 0.281702, 0.078575 
  715, 0.354885, 0.291617, 0.075633 
  716, 0.354885, 0.282539, 0.065789 
  717, 0.354885, 0.292480, 0.070602 
  718, 0.354885, 0.303325, 0.064326 
  719, 0.354885, 0.285907, 0.062870 
  720, 0.354885, 0.266511, 0.061100 
  721, 0.354885, 0.290526, 0.075854 
  722, 0.354885, 0.295204, 0.071253 
  723, 0.354885, 0.267849, 0.080514 
  724, 0.354885, 0.274462, 0.082666 
  725, 0.354885, 0.243024, 0.093882 
  726, 0.354885, 0.290369, 0.090387 
  727, 0.354885, 0.301518, 0.071839 
  728, 0.354885, 0.306574, 0.060597 
  729, 0.354885, 0.276878, 0.078402 
  730, 0.354885, 0.273575, 0.079352 
  731, 0.354885, 0.260024, 0.081703 
  732, 0.354885, 0.285480, 0.066276 
  733, 0.354885, 0.264968, 0.070758 
  734, 0.354885, 0.251480, 0.074805 
  735, 0.354885, 0.271680, 0.073369 
  736, 0.354885, 0.278938, 0.069982 
  737, 0.354885, 0.297845, 0.058876 
  738, 0.354885, 0.277301, 0.072701 
  739, 0.354885, 0.246945, 0.078706 
  740, 0.354885, 0.247576, 0.071227 
  741, 0.354885, 0.239111, 0.057088 
  742, 0.354885, 0.265465, 0.064638 
  743, 0.354885, 0.283420, 0.064538 
  744, 0.354885, 0.263501, 0.076164 
  745, 0.354885, 0.261220, 0.070763 
  746, 0.354885, 0.269508, 0.084761 
  747, 0.354885, 0.275742, 0.074552 
  748, 0.354885, 0.308817, 0.070169 
  749, 0.354885, 0.308411, 0.061306 
  750, 0.354885, 0.305015, 0.070207 
  751, 0.354885, 0.294468, 0.072458 
  752, 0.354885, 0.284140, 0.071105 
  753, 0.354885, 0.301285, 0.060961 
  754, 0.354885, 0.286584, 0.062574 
  755, 0.354885, 0.255341, 0.063547 
  756, 0.354885, 0.261108, 0.059136 
  757, 0.354885, 0.262529, 0.065405 
  758, 0.354885, 0.267121, 0.082549 
  759, 0.354885, 0.234853, 0.078731 
  760, 0.354885, 0.251593, 0.073126 
  761, 0.354885, 0.258837, 0.066237 
  762, 0.354885, 0.273042, 0.080632 
  763, 0.354885, 0.282596, 0.076628 
  764, 0.354885, 0.287708, 0.070637 
  765, 0.354885, 0.285742, 0.079637 
  766, 0.354885, 0.280731, 0.076225 
  767, 0.354885, 0.276282, 0.088275 
  768, 0.354885, 0.268227, 0.072853 
  769, 0.354885, 0.296283, 0.061970 
  770, 0.354885, 0.307857, 0.048120 
  771, 0.354885, 0.264285, 0.055642 
  772, 0.354885, 0.249959, 0.058748 
  773, 0.354885, 0.255774, 0.075318 
  774, 0.354885, 0.271603, 0.068933 
  775, 0.354885, 0.279150, 0.073400 
  776, 0.354885, 0.263566, 0.062173 
  777, 0.354885, 0.272805, 0.070344 
  778, 0.354885, 0.256567, 0.080122 
  779, 0.354885, 0.236975, 0.082113 
  780, 0.354885, 0.285861, 0.086184 
  781, 0.354885, 0.272748, 0.069336 
  782, 0.354885, 0.252641, 0.080196 
  783, 0.354885, 0.278277, 0.081511 
  784, 0.354885, 0.286489, 0.079990 
  785, 0.354885, 0.313513, 0.062824 
  786, 0.354885, 0.317847, 0.061233 
  787, 0.354885, 0.297144, 0.069654 
  788, 0.354885, 0.281459, 0.070512 
  789, 0.354885, 0.311987, 0.067948 
  790, 0.354885, 0.291605, 0.069760 
  791, 0.354885, 0.304742, 0.061934 
  792, 0.354885, 0.317459, 0.044360 
  793, 0.354885, 0.332521, 0.048758 
  794, 0.354885, 0.297989, 0.080364 
  795, 0.354885, 0.276790, 0.087156 
  796, 0.354885, 0.286927, 0.075944 
  797, 0.354885, 0.280107, 0.071363 
  798, 0.354885, 0.302621, 0.058889 
  799, 0.354885, 0.278166, 0.071466 
  800, 0.354885, 0.279026, 0.069307 
  801, 0.354885, 0.289097, 0.062915 
  802, 0.354885, 0.265091, 0.074216 
  803, 0.354885, 0.306210, 0.064000 
  804, 0.354885, 0.281852, 0.074016 
  805, 0.354885, 0.299259, 0.073620 
  806, 0.354885, 0.311874, 0.054175 
  807, 0.354885, 0.303728, 0.058994 
  808, 0.354885, 0.325819, 0.043965 
  809, 0.354885, 0.267536, 0.059372 
  810, 0.354885, 0.277613, 0.061585 
  811, 0.354885, 0.293733, 0.060103 
  812, 0.354885, 0.278245, 0.071614 
  813, 0.354885, 0.282908, 0.055352 
  814, 0.354885, 0.281123, 0.060548 
  815, 0.354885, 0.254445, 0.061145 
  816, 0.354885, 0.261552, 0.086048 
  817, 0.354885, 0.233795, 0.069103 
  818, 0.354885, 0.251207, 0.072992 
  819, 0.354885, 0.263127, 0.078894 
  820, 0.354885, 0.261485, 0.084345 
  821, 0.354885, 0.296223, 0.062649 
  822, 0.354885, 0.274381, 0.072758 
  823, 0.354885, 0.296327, 0.085970 
  824, 0.354885, 0.301300, 0.079014 
  825, 0.354885, 0.289606, 0.077481 
  826, 0.354885, 0.289301, 0.072528 
  827, 0.354885, 0.319778, 0.051652 
  828, 0.354885, 0.297309, 0.058398 
  829, 0.354885, 0.299753, 0.058773 
  830, 0.354885, 0.325626, 0.046687 
  831, 0.354885, 0.297802, 0.058090 
  832, 0.354885, 0.312426, 0.058093 
  833, 0.354885, 0.283853, 0.069052 
  834, 0.354885, 0.288339, 0.067996 
  835, 0.354885, 0.300497, 0.065610 
  836, 0.354885, 0.269395, 0.076954 
  837, 0.354885, 0.279832, 0.076358 
  838, 0.354885, 0.286255, 0.066978 
  839, 0.354885, 0.318870, 0.063820 
  840, 0.354885, 0.310815, 0.058364 
  841, 0.354885, 0.277446, 0.076468 
  842, 0.354885, 0.268166, 0.069241 
  843, 0.354885, 0.259258, 0.081719 
  844, 0.354885, 0.257444, 0.075472 
  845, 0.354885, 0.275477, 0.080486 
  846, 0.354885, 0.301299, 0.060853 
  847, 0.354885, 0.263434, 0.070569 
  848, 0.354885, 0.275666, 0.066961 
  849, 0.354885, 0.287272, 0.071034 
  850, 0.354885, 0.269120, 0.072578 
  851, 0.354885, 0.296407, 0.068696 
  852, 0.354885, 0.310240, 0.071032 
  853, 0.354885, 0.256231, 0.071361 
  854, 0.354885, 0.252205, 0.075952 
  855, 0.354885, 0.274406, 0.076408 
  856, 0.354885, 0.254776, 0.084543 
  857, 0.354885, 0.244665, 0.078157 
  858, 0.354885, 0.257255, 0.070531 
  859, 0.354885, 0.266685, 0.082649 
  860, 0.354885, 0.233903, 0.081800 
  861, 0.354885, 0.247415, 0.084349 
  862, 0.354885, 0.256454, 0.072091 
  863, 0.354885, 0.264036, 0.067382 
  864, 0.354885, 0.248401, 0.059827 
  865, 0.354885, 0.231028, 0.074009 
  866, 0.354885, 0.229121, 0.067996 
  867, 0.354885, 0.250053, 0.054461 
  868, 0.354885, 0.248904, 0.062871 
  869, 0.354885, 0.257354, 0.064252 
  870, 0.354885, 0.292482, 0.068777 
  871, 0.354885, 0.310445, 0.062890 
  872, 0.354885, 0.291107, 0.074423 
  873, 0.354885, 0.272096, 0.067707 
  874, 0.354885, 0.283170, 0.079250 
  875, 0.354885, 0.290683, 0.064399 
  876, 0.354885, 0.286216, 0.072868 
  877, 0.354885, 0.286299, 0.058443 
  878, 0.354885, 0.231900, 0.083757 
  879, 0.354885, 0.254908, 0.081259 
  880, 0.354885, 0.282061, 0.065176 
  881, 0.354885, 0.284941, 0.073955 
  882, 0.354885, 0.255768, 0.075657 
  883, 0.354885, 0.259370, 0.070618 
  884, 0.354885, 0.276954, 0.072893 
  885, 0.354885, 0.299724, 0.074050 
  886, 0.354885, 0.299696, 0.061358 
  887, 0.354885, 0.309344, 0.053352 
  888, 0.354885, 0.266213, 0.069976 
  889, 0.354885, 0.256542, 0.076051 
  890, 0.354885, 0.251037, 0.078341 
  891, 0.354885, 0.287729, 0.077327 
  892, 0.354885, 0.274908, 0.080736 
  893, 0.354885, 0.282363, 0.073146 
  894, 0.354885, 0.286116, 0.068512 
  895, 0.354885, 0.262804, 0.074601 
  896, 0.354885, 0.280473, 0.076602 
  897, 0.354885, 0.278652, 0.076758 
  898, 0.354885, 0.274946, 0.083651 
  899, 0.354885, 0.280612, 0.083849 
  900, 0.354885, 0.284003, 0.078923 
  901, 0.354885, 0.286022, 0.079199 
  902, 0.354885, 0.276262, 0.071241 
  903, 0.354885, 0.254094, 0.072270 
  904, 0.354885, 0.283389, 0.059448 
  905, 0.354885, 0.281626, 0.054996 
  906, 0.354885, 0.296285, 0.054165 
  907, 0.354885, 0.283979, 0.075148 
  908, 0.354885, 0.260913, 0.070953 
  909, 0.354885, 0.287459, 0.076808 
  910, 0.354885, 0.306595, 0.062832 
  911, 0.354885, 0.314627, 0.066241 
  912, 0.354885, 0.307037, 0.060634 
  913, 0.354885, 0.295657, 0.075623 
  914, 0.354885, 0.275952, 0.081074 
  915, 0.354885, 0.266782, 0.069861 
  916, 0.354885, 0.292878, 0.075536 
  917, 0.354885, 0.298953, 0.072358 
  918, 0.354885, 0.286206, 0.085087 
  919, 0.354885, 0.265878, 0.070416 
  920, 0.354885, 0.241234, 0.082459 
  921, 0.354885, 0.258016, 0.091507 
  922, 0.354885, 0.258428, 0.091119 
  923, 0.354885, 0.270084, 0.090094 
  924, 0.354885, 0.256128, 0.083270 
  925, 0.354885, 0.268951, 0.083571 
  926, 0.354885, 0.243797, 0.089348 
  927, 0.354885, 0.249086, 0.077998 
  928, 0.354885, 0.215607, 0.071038 
  929, 0.354885, 0.209805, 0.059978 
  930, 0.354885, 0.235099, 0.081408 
  931, 0.354885, 0.232809, 0.075631 
  932, 0.354885, 0.282267, 0.080605 
  933, 0.354885, 0.264075, 0.077269 
  934, 0.354885, 0.278508, 0.079777 
  935, 0.354885, 0.283609, 0.072689 
  936, 0.354885, 0.280738, 0.076521 
  937, 0.354885, 0.299081, 0.063354 
  938, 0.354885, 0.291998, 0.059960 
  939, 0.354885, 0.290876, 0.076871 
  940, 0.354885, 0.282068, 0.065575 
  941, 0.354885, 0.308126, 0.056934 
  942, 0.354885, 0.309451, 0.060134 
  943, 0.354885, 0.299735, 0.071488 
  944, 0.354885, 0.262680, 0.074809 
  945, 0.354885, 0.261954, 0.080472 
  946, 0.354885, 0.270769, 0.066724 
  947, 0.354885, 0.286160, 0.087071 
  948, 0.354885, 0.301634, 0.067835 
  949, 0.354885, 0.313041, 0.056701 
  950, 0.354885, 0.301818, 0.054805 
  951, 0.354885, 0.310589, 0.062929 
  952, 0.354885, 0.312207, 0.063063 
  953, 0.354885, 0.310522, 0.063636 
  954, 0.354885, 0.294820, 0.068108 
  955, 0.354885, 0.291806, 0.065416 
  956, 0.354885, 0.281217, 0.072387 
  957, 0.354885, 0.276420, 0.081915 
  958, 0.354885, 0.279952, 0.070949 
  959, 0.354885, 0.259009, 0.088073 
  960, 0.354885, 0.263281, 0.087640 
  961, 0.354885, 0.253496, 0.075913 
  962, 0.354885, 0.257697, 0.088012 
  963, 0.354885, 0.261609, 0.086616 
  964, 0.354885, 0.274149, 0.071303 
  965, 0.354885, 0.283134, 0.069730 
  966, 0.354885, 0.299755, 0.060858 
  967, 0.354885, 0.276285, 0.071755 
  968, 0.354885, 0.291647, 0.083676 
  969, 0.354885, 0.292588, 0.059425 
  970, 0.354885, 0.275315, 0.060097 
  971, 0.354885, 0.264475, 0.073537 
  972, 0.354885, 0.279450, 0.074564 
  973, 0.354885, 0.291804, 0.073355 
  974, 0.354885, 0.316868, 0.061345 
  975, 0.354885, 0.298704, 0.058858 
  976, 0.354885, 0.271748, 0.079221 
  977, 0.354885, 0.274205, 0.087312 
  978, 0.354885, 0.281145, 0.075883 
  979, 0.354885, 0.255577, 0.064269 
  980, 0.354885, 0.256193, 0.071219 
  981, 0.354885, 0.251823, 0.075648 
  982, 0.354885, 0.279161, 0.084931 
  983, 0.354885, 0.272637, 0.079312 
  984, 0.354885, 0.238883, 0.053017 
  985, 0.354885, 0.270696, 0.071916 
  986, 0.354885, 0.295863, 0.073716 
  987, 0.354885, 0.300117, 0.064223 
  988, 0.354885, 0.284222, 0.059686 
  989, 0.354885, 0.263928, 0.061246 
  990, 0.354885, 0.277604, 0.075579 
  991, 0.354885, 0.262353, 0.074467 
  992, 0.354885, 0.261389, 0.084660 
  993, 0.354885, 0.242620, 0.064801 
  994, 0.354885, 0.265180, 0.077803 
  995, 0.354885, 0.310180, 0.072258 
  996, 0.354885, 0.268503, 0.071481 
  997, 0.354885, 0.260499, 0.063778 
  998, 0.354885, 0.272897, 0.069622 
  999, 0.354885, 0.259897, 0.059399 
 1000, 0.354885, 0.275966, 0.069835 

 Simulation completed

 Best member: 

 var(0) = 0
 var(1) = 0
 var(2) = 1
 var(3) = 0
 var(4) = 1
 var(5) = 1
 var(6) = 1
 var(7) = 0
 var(8) = 1
 var(9) = 1

 Best fitness = 0.354885