
 generation best average standard 
 number value fitness deviation 
 maxFlow:72 

    1, 0.354885, 0.354885, 0.000000 
    2, 0.354885, 0.295241, 0.096036 
    3, 0.354885, 0.335003, 0.062870 
    4, 0.354885, 0.314854, 0.084392 
    5, 0.354885, 0.293536, 0.064667 
    6, 0.354885, 0.293414, 0.081837 
    7, 0.354885, 0.305806, 0.063361 
    8, 0.354885, 0.288254, 0.070894 
    9, 0.354885, 0.293536, 0.064667 
   10, 0.354885, 0.305806, 0.063361 
   11, 0.354885, 0.342615, 0.038800 
   12, 0.354885, 0.319983, 0.056197 
   13, 0.354885, 0.319983, 0.056197 
   14, 0.354885, 0.296510, 0.061535 
   15, 0.354885, 0.285081, 0.060077 
   16, 0.354885, 0.354885, 0.000000 
   17, 0.354885, 0.289148, 0.062524 
   18, 0.354885, 0.235560, 0.065703 
   19, 0.354885, 0.340356, 0.045944 
   20, 0.354885, 0.237736, 0.071542 
   21, 0.354885, 0.275315, 0.074652 
   22, 0.354885, 0.261012, 0.100317 
   23, 0.354885, 0.288058, 0.074513 
   24, 0.354885, 0.219899, 0.056186 
   25, 0.354885, 0.304051, 0.084192 
   26, 0.354885, 0.265775, 0.082284 
   27, 0.354885, 0.342615, 0.038800 
   28, 0.354885, 0.354885, 0.000000 
   29, 0.354885, 0.290950, 0.086818 
   30, 0.354885, 0.263015, 0.070452 
   31, 0.354885, 0.228232, 0.089862 
   32, 0.354885, 0.354885, 0.000000 
   33, 0.354885, 0.354885, 0.000000 
   34, 0.354885, 0.334541, 0.039687 
   35, 0.354885, 0.354885, 0.000000 
   36, 0.354885, 0.354885, 0.000000 
   37, 0.354885, 0.307713, 0.060926 
   38, 0.354885, 0.311298, 0.070181 
   39, 0.354885, 0.303221, 0.049299 
   40, 0.354885, 0.316588, 0.052518 
   41, 0.354885, 0.354885, 0.000000 
   42, 0.354885, 0.292202, 0.048724 
   43, 0.354885, 0.312025, 0.072329 
   44, 0.354885, 0.270454, 0.094654 
   45, 0.354885, 0.311571, 0.091313 
   46, 0.354885, 0.280893, 0.096849 
   47, 0.354885, 0.330967, 0.062748 
   48, 0.354885, 0.319369, 0.057186 
   49, 0.354885, 0.203288, 0.104612 
   50, 0.354885, 0.311843, 0.069305 
   51, 0.354885, 0.260845, 0.056669 
   52, 0.354885, 0.283753, 0.077802 
   53, 0.354885, 0.294670, 0.076021 
   54, 0.354885, 0.354885, 0.000000 
   55, 0.354885, 0.293458, 0.071676 
   56, 0.354885, 0.293577, 0.064076 
   57, 0.354885, 0.294447, 0.073522 
   58, 0.354885, 0.354885, 0.000000 
   59, 0.354885, 0.315702, 0.082606 
   60, 0.354885, 0.266623, 0.081023 
   61, 0.354885, 0.256691, 0.074552 
   62, 0.354885, 0.241617, 0.085531 
   63, 0.354885, 0.311072, 0.056731 
   64, 0.354885, 0.320443, 0.054285 
   65, 0.354885, 0.301287, 0.069602 
   66, 0.354885, 0.303788, 0.084416 
   67, 0.354885, 0.315332, 0.055809 
   68, 0.354885, 0.260594, 0.087107 
   69, 0.354885, 0.308349, 0.060077 
   70, 0.354885, 0.354885, 0.000000 
   71, 0.354885, 0.259460, 0.098725 
   72, 0.354885, 0.314993, 0.031673 
   73, 0.354885, 0.323543, 0.047733 
   74, 0.354885, 0.343251, 0.036790 
   75, 0.354885, 0.260542, 0.049791 
   76, 0.354885, 0.288758, 0.073631 
   77, 0.354885, 0.284262, 0.060787 
   78, 0.354885, 0.206710, 0.067258 
   79, 0.354885, 0.247402, 0.099439 
   80, 0.354885, 0.302343, 0.110768 
   81, 0.354885, 0.250027, 0.095325 
   82, 0.354885, 0.279094, 0.064987 
   83, 0.354885, 0.244578, 0.059102 
   84, 0.354885, 0.354885, 0.000000 
   85, 0.354885, 0.323134, 0.048544 
   86, 0.354885, 0.327170, 0.049419 
   87, 0.354885, 0.330345, 0.051734 
   88, 0.354885, 0.342615, 0.038800 
   89, 0.354885, 0.263412, 0.064676 
   90, 0.354885, 0.288036, 0.090506 
   91, 0.354885, 0.273447, 0.056197 
   92, 0.354885, 0.307940, 0.060610 
   93, 0.354885, 0.290685, 0.103371 
   94, 0.354885, 0.354885, 0.000000 
   95, 0.354885, 0.354885, 0.000000 
   96, 0.354885, 0.343046, 0.037437 
   97, 0.354885, 0.296510, 0.061535 
   98, 0.354885, 0.328427, 0.045306 
   99, 0.354885, 0.250263, 0.080887 
  100, 0.354885, 0.297495, 0.074090  
Execute time is:7.902768 ms


 Simulation completed

 Best member: 

 var(0) = 0
 var(1) = 0
 var(2) = 1
 var(3) = 0
 var(4) = 1
 var(5) = 1
 var(6) = 1
 var(7) = 0
 var(8) = 1
 var(9) = 1

 Best fitness = 0.354885