
 generation best average standard 
 number value fitness deviation 

    1, 0.045520, 0.045520, -1.#IND00 
    2, 0.082052, 0.058440, 0.013014 
    3, 0.101094, 0.071292, 0.017759 
    4, 0.117059, 0.074429, 0.022782 
    5, 0.117059, 0.079800, 0.019454 
    6, 0.130293, 0.087215, 0.026495 
    7, 0.130293, 0.096365, 0.026758 
    8, 0.130293, 0.098115, 0.021581 
    9, 0.130293, 0.096292, 0.027729 
   10, 0.130293, 0.105312, 0.025624 
   11, 0.130293, 0.085919, 0.024673 
   12, 0.130293, 0.089526, 0.022581 
   13, 0.130293, 0.083225, 0.027900 
   14, 0.130293, 0.088147, 0.025871 
   15, 0.130293, 0.105121, 0.027613 
   16, 0.130293, 0.100336, 0.019282 
   17, 0.130293, 0.101220, 0.022126 
   18, 0.130293, 0.091847, 0.025668 
   19, 0.130293, 0.092950, 0.028048 
   20, 0.130293, 0.100225, 0.026869 
   21, 0.130293, 0.106615, 0.027069 
   22, 0.130293, 0.107041, 0.022436 
   23, 0.130293, 0.101713, 0.021532 
   24, 0.130293, 0.100784, 0.020362 
   25, 0.130293, 0.103118, 0.026280 
   26, 0.130293, 0.096253, 0.023767 
   27, 0.130293, 0.099312, 0.026028 
   28, 0.130293, 0.092165, 0.021202 
   29, 0.130293, 0.096132, 0.019666 
   30, 0.130293, 0.100489, 0.022700 
   31, 0.130293, 0.091350, 0.021607 
   32, 0.130293, 0.092009, 0.022493 
   33, 0.130293, 0.085290, 0.022666 
   34, 0.130293, 0.081514, 0.026937 
   35, 0.130293, 0.067639, 0.028706 
   36, 0.130293, 0.083279, 0.030658 
   37, 0.130293, 0.095055, 0.032160 
   38, 0.130293, 0.097236, 0.020594 
   39, 0.130293, 0.093280, 0.025374 
   40, 0.130293, 0.093240, 0.027210 
   41, 0.130293, 0.094574, 0.021673 
   42, 0.130293, 0.095551, 0.017992 
   43, 0.130293, 0.091413, 0.023323 
   44, 0.130293, 0.078494, 0.022739 
   45, 0.130293, 0.079774, 0.028119 
   46, 0.130293, 0.075069, 0.025201 
   47, 0.130293, 0.077116, 0.025974 
   48, 0.130293, 0.092231, 0.033491 
   49, 0.130293, 0.088760, 0.031714 
   50, 0.130293, 0.103083, 0.032178 

 Simulation completed

 Best member: 

 var(0) = 1
 var(1) = 0
 var(2) = 1
 var(3) = 0
 var(4) = 0
 var(5) = 1
 var(6) = 0
 var(7) = 1
 var(8) = 1
 var(9) = 0
 var(10) = 0
 var(11) = 1
 var(12) = 0
 var(13) = 1

 Best fitness = 0.130293