
 generation best average standard 
 number value fitness deviation 

    1, 0.052675, 0.052675, 0.000000 
    2, 0.096825, 0.065730, 0.019095 
    3, 0.130293, 0.079454, 0.025395 
    4, 0.130293, 0.095625, 0.022613 
    5, 0.130293, 0.098633, 0.022400 
    6, 0.130293, 0.101323, 0.024403 
    7, 0.130293, 0.099619, 0.025770 
    8, 0.130293, 0.088606, 0.022921 
    9, 0.130293, 0.089751, 0.025037 
   10, 0.130293, 0.081867, 0.017552 
   11, 0.130293, 0.082863, 0.025515 
   12, 0.130293, 0.091758, 0.029134 
   13, 0.130293, 0.096879, 0.023464 
   14, 0.130293, 0.096505, 0.018789 
   15, 0.130293, 0.087287, 0.024339 
   16, 0.130293, 0.106723, 0.017949 
   17, 0.130293, 0.096384, 0.020641 
   18, 0.130293, 0.097980, 0.022098 
   19, 0.130293, 0.102047, 0.019804 
   20, 0.130293, 0.101505, 0.024071 
   21, 0.130293, 0.105677, 0.022437 
   22, 0.130293, 0.107108, 0.020378 
   23, 0.130293, 0.098920, 0.018327 
   24, 0.130293, 0.094461, 0.019804 
   25, 0.130293, 0.087010, 0.022032 
   26, 0.130293, 0.090132, 0.020089 
   27, 0.130293, 0.098373, 0.024650 
   28, 0.130293, 0.098321, 0.024620 
   29, 0.130293, 0.102292, 0.018453 
   30, 0.130293, 0.103355, 0.021356 
   31, 0.130293, 0.101652, 0.022082 
   32, 0.130293, 0.093174, 0.020139 
   33, 0.130293, 0.097758, 0.016257 
   34, 0.130293, 0.099646, 0.019756 
   35, 0.130293, 0.096899, 0.027224 
   36, 0.130293, 0.094002, 0.023990 
   37, 0.130293, 0.100114, 0.026994 
   38, 0.130293, 0.097613, 0.027390 
   39, 0.130293, 0.091544, 0.022450 
   40, 0.130293, 0.090396, 0.021828 
   41, 0.130293, 0.091557, 0.023362 
   42, 0.130293, 0.085102, 0.025401 
   43, 0.130293, 0.087314, 0.026616 
   44, 0.130293, 0.087884, 0.031618 
   45, 0.130293, 0.090975, 0.028543 
   46, 0.130293, 0.091102, 0.030482 
   47, 0.130293, 0.103013, 0.030819 
   48, 0.130293, 0.101904, 0.021149 
   49, 0.130293, 0.087453, 0.031189 
   50, 0.130293, 0.091799, 0.029627 
   51, 0.130293, 0.098538, 0.023995 
   52, 0.130293, 0.098501, 0.023866 
   53, 0.130293, 0.108857, 0.015987 
   54, 0.130293, 0.100141, 0.018034 
   55, 0.130293, 0.097152, 0.022349 
   56, 0.130293, 0.097406, 0.022565 
   57, 0.130293, 0.097781, 0.025769 
   58, 0.130293, 0.098289, 0.029513 
   59, 0.130293, 0.090611, 0.027325 
   60, 0.130293, 0.081055, 0.022659 
   61, 0.130293, 0.092366, 0.030004 
   62, 0.130293, 0.091771, 0.024805 
   63, 0.130293, 0.090600, 0.022274 
   64, 0.130293, 0.105803, 0.024972 
   65, 0.130293, 0.100841, 0.021761 
   66, 0.130293, 0.089919, 0.020379 
   67, 0.130293, 0.085367, 0.027922 
   68, 0.130293, 0.075974, 0.022208 
   69, 0.130293, 0.077067, 0.026106 
   70, 0.130293, 0.088613, 0.025872 
   71, 0.130293, 0.095476, 0.024941 
   72, 0.130293, 0.097475, 0.022198 
   73, 0.130293, 0.096464, 0.025408 
   74, 0.130293, 0.093437, 0.024456 
   75, 0.130293, 0.095650, 0.025013 
   76, 0.130293, 0.091645, 0.023339 
   77, 0.130293, 0.090955, 0.026537 
   78, 0.130293, 0.102432, 0.019620 
   79, 0.130293, 0.094404, 0.030365 
   80, 0.130293, 0.081609, 0.029603 
   81, 0.130293, 0.095655, 0.037527 
   82, 0.130293, 0.098325, 0.032395 
   83, 0.130293, 0.098021, 0.020884 
   84, 0.130293, 0.089652, 0.025145 
   85, 0.130293, 0.082358, 0.023003 
   86, 0.130293, 0.089183, 0.025449 
   87, 0.130293, 0.086533, 0.025108 
   88, 0.130293, 0.096602, 0.028009 
   89, 0.130293, 0.101398, 0.021474 
   90, 0.130293, 0.096423, 0.023365 
   91, 0.130293, 0.095568, 0.031187 
   92, 0.130293, 0.098244, 0.021920 
   93, 0.130293, 0.094700, 0.023585 
   94, 0.130293, 0.102079, 0.022166 
   95, 0.130293, 0.095691, 0.022846 
   96, 0.130293, 0.091984, 0.015814 
   97, 0.130293, 0.107098, 0.023570 
   98, 0.130293, 0.105663, 0.024070 
   99, 0.130293, 0.097217, 0.030227 
  100, 0.130293, 0.094875, 0.028081 

 Simulation completed

 Best member: 

 var(0) = 1
 var(1) = 0
 var(2) = 1
 var(3) = 0
 var(4) = 0
 var(5) = 1
 var(6) = 0
 var(7) = 1
 var(8) = 1
 var(9) = 0
 var(10) = 0
 var(11) = 1
 var(12) = 0
 var(13) = 1

 Best fitness = 0.130293