
 generation best average standard 
 number value fitness deviation 
 maxFlow:28 

    1, 0.130293, 0.130293, -1.#IND00 
    2, 0.130293, 0.124352, 0.018787 
    3, 0.130293, 0.121599, 0.014115 
    4, 0.130293, 0.120464, 0.012969 
    5, 0.130293, 0.094795, 0.017752 
    6, 0.130293, 0.115665, 0.030837 
    7, 0.130293, 0.113159, 0.025072 
    8, 0.130293, 0.111368, 0.020009 
    9, 0.130293, 0.108292, 0.025572 
   10, 0.130293, 0.109662, 0.021747 
   11, 0.130293, 0.117914, 0.019931 
   12, 0.130293, 0.101981, 0.027808 
   13, 0.130293, 0.104811, 0.023575 
   14, 0.130293, 0.111464, 0.021879 
   15, 0.130293, 0.108263, 0.022576 
   16, 0.130293, 0.117854, 0.008584 
   17, 0.130293, 0.106463, 0.022713 
   18, 0.130293, 0.100520, 0.027694 
   19, 0.130293, 0.114833, 0.016210 
   20, 0.130293, 0.103397, 0.023099 
   21, 0.130293, 0.119223, 0.009078 
   22, 0.130293, 0.105009, 0.020448 
   23, 0.130293, 0.104412, 0.017859 
   24, 0.130293, 0.098875, 0.023599 
   25, 0.130293, 0.098223, 0.019090 
   26, 0.130293, 0.113092, 0.028049 
   27, 0.130293, 0.127646, 0.005580 
   28, 0.130293, 0.124053, 0.013154 
   29, 0.130293, 0.128516, 0.005619 
   30, 0.130293, 0.120452, 0.013110 
   31, 0.130293, 0.099989, 0.026295 
   32, 0.130293, 0.103580, 0.013278 
   33, 0.130293, 0.109070, 0.024614 
   34, 0.130293, 0.107628, 0.018411 
   35, 0.130293, 0.110165, 0.010930 
   36, 0.130293, 0.111834, 0.030175 
   37, 0.130293, 0.115386, 0.021031 
   38, 0.130293, 0.099876, 0.032061 
   39, 0.130293, 0.100890, 0.024051 
   40, 0.130293, 0.107734, 0.022245 
   41, 0.130293, 0.115568, 0.011134 
   42, 0.130293, 0.120899, 0.012711 
   43, 0.130293, 0.120892, 0.011299 
   44, 0.130293, 0.114728, 0.010740 
   45, 0.130293, 0.125482, 0.015213 
   46, 0.130293, 0.121754, 0.012775 
   47, 0.130293, 0.097211, 0.034627 
   48, 0.130293, 0.103387, 0.018574 
   49, 0.130293, 0.103141, 0.018741 
   50, 0.130293, 0.122500, 0.016429 
   51, 0.130293, 0.119247, 0.024037 
   52, 0.130293, 0.124794, 0.005796 
   53, 0.130293, 0.115615, 0.014834 
   54, 0.130293, 0.118424, 0.019110 
   55, 0.130293, 0.111086, 0.028020 
   56, 0.130293, 0.114707, 0.020121 
   57, 0.130293, 0.107454, 0.015846 
   58, 0.130293, 0.125821, 0.014139 
   59, 0.130293, 0.125384, 0.010348 
   60, 0.130293, 0.102656, 0.024109 
   61, 0.130293, 0.099701, 0.026925 
   62, 0.130293, 0.112529, 0.021555 
   63, 0.130293, 0.120649, 0.020330 
   64, 0.130293, 0.114694, 0.016442 
   65, 0.130293, 0.113700, 0.026809 
   66, 0.130293, 0.104173, 0.026515 
   67, 0.130293, 0.105739, 0.013668 
   68, 0.130293, 0.103351, 0.010171 
   69, 0.130293, 0.109475, 0.027797 
   70, 0.130293, 0.101971, 0.020347 
   71, 0.130293, 0.109473, 0.034563 
   72, 0.130293, 0.125415, 0.015424 
   73, 0.130293, 0.121047, 0.011935 
   74, 0.130293, 0.090709, 0.024787 
   75, 0.130293, 0.111814, 0.025274 
   76, 0.130293, 0.120934, 0.015070 
   77, 0.130293, 0.119326, 0.020061 
   78, 0.130293, 0.103062, 0.016865 
   79, 0.130293, 0.114543, 0.015994 
   80, 0.130293, 0.117751, 0.016192 
   81, 0.130293, 0.102662, 0.032705 
   82, 0.130293, 0.113559, 0.017639 
   83, 0.130293, 0.102271, 0.017644 
   84, 0.130293, 0.118681, 0.020743 
   85, 0.130293, 0.128516, 0.005619 
   86, 0.130293, 0.120934, 0.015070 
   87, 0.130293, 0.107614, 0.027255 
   88, 0.130293, 0.109715, 0.016323 
   89, 0.130293, 0.086437, 0.024000 
   90, 0.130293, 0.101363, 0.024899 
   91, 0.130293, 0.107659, 0.029402 
   92, 0.130293, 0.095059, 0.028788 
   93, 0.130293, 0.102166, 0.032348 
   94, 0.130293, 0.104634, 0.031905 
   95, 0.130293, 0.122353, 0.006834 
   96, 0.130293, 0.098531, 0.020603 
   97, 0.130293, 0.099858, 0.026539 
   98, 0.130293, 0.101529, 0.005655 
   99, 0.130293, 0.101908, 0.020872 
  100, 0.130293, 0.108081, 0.019353  
Execute time is:6.500367 ms


 Simulation completed

 Best member: 

 var(0) = 1
 var(1) = 0
 var(2) = 1
 var(3) = 0
 var(4) = 0
 var(5) = 1
 var(6) = 0
 var(7) = 1
 var(8) = 1
 var(9) = 0
 var(10) = 0
 var(11) = 1
 var(12) = 0
 var(13) = 1

 Best fitness = 0.130293