g    #    1
s    12    22
e    1    5    5    0.686172    1
e    1    10    8    0.618957    2
e    2    4    19    0.587665    3
e    3    5    31    0.501657    4
e    3    7    40    0.564372    5
e    3    8    2    0.586361    6
e    4    1    33    0.947759    7
e    4    9    18    0.678179    8
e    4    10    22    0.796347    9
e    6    2    9    0.5493    10
e    6    7    4    0.93228    11
e    6    9    13    0.846832    12
e    6    11    27    0.987075    13
e    7    1    6    0.962042    14
e    9    10    4    0.583528    15
e    9    11    27    0.828468    16
e    9    12    35    0.807276    17
e    10    3    33    0.766027    18
e    11    2    32    0.663301    19
e    12    1    24    0.65217    20
e    12    2    38    0.642982    21
e    12    10    6    0.818163    22
g    #    2
s    12    22
e    1    12    5    0.686172    1
e    2    8    8    0.618957    2
e    3    2    19    0.587665    3
e    4    5    31    0.501657    4
e    4    9    40    0.564372    5
e    5    3    2    0.586361    6
e    5    6    33    0.947759    7
e    5    9    18    0.678179    8
e    7    8    22    0.796347    9
e    7    11    9    0.5493    10
e    7    12    4    0.93228    11
e    8    9    13    0.846832    12
e    8    11    27    0.987075    13
e    9    3    6    0.962042    14
e    9    10    4    0.583528    15
e    10    1    27    0.828468    16
e    10    4    35    0.807276    17
e    10    8    33    0.766027    18
e    10    12    32    0.663301    19
e    11    2    24    0.65217    20
e    11    5    38    0.642982    21
e    11    10    6    0.818163    22
g    #    3
s    12    22
e    1    2    5    0.686172    1
e    1    9    8    0.618957    2
e    1    12    19    0.587665    3
e    2    3    31    0.501657    4
e    2    12    40    0.564372    5
e    3    9    2    0.586361    6
e    4    6    33    0.947759    7
e    4    8    18    0.678179    8
e    6    1    22    0.796347    9
e    6    5    9    0.5493    10
e    6    8    4    0.93228    11
e    6    12    13    0.846832    12
e    7    2    27    0.987075    13
e    7    5    6    0.962042    14
e    7    12    4    0.583528    15
e    8    10    27    0.828468    16
e    10    2    35    0.807276    17
e    10    6    33    0.766027    18
e    11    4    32    0.663301    19
e    12    3    24    0.65217    20
e    12    4    38    0.642982    21
e    12    11    6    0.818163    22
g    #    4
s    12    22
e    1    6    5    0.686172    1
e    1    10    8    0.618957    2
e    2    3    19    0.587665    3
e    2    5    31    0.501657    4
e    2    7    40    0.564372    5
e    3    1    2    0.586361    6
e    4    11    33    0.947759    7
e    5    6    18    0.678179    8
e    5    11    22    0.796347    9
e    6    2    9    0.5493    10
e    7    5    4    0.93228    11
e    7    8    13    0.846832    12
e    8    6    27    0.987075    13
e    9    1    6    0.962042    14
e    9    10    4    0.583528    15
e    9    11    27    0.828468    16
e    10    3    35    0.807276    17
e    11    3    33    0.766027    18
e    11    6    32    0.663301    19
e    12    2    24    0.65217    20
e    12    6    38    0.642982    21
e    12    11    6    0.818163    22
g    #    5
s    12    22
e    1    9    5    0.686172    1
e    2    6    8    0.618957    2
e    3    1    19    0.587665    3
e    3    2    31    0.501657    4
e    3    8    40    0.564372    5
e    3    11    2    0.586361    6
e    4    1    33    0.947759    7
e    4    2    18    0.678179    8
e    4    8    22    0.796347    9
e    5    1    9    0.5493    10
e    5    12    4    0.93228    11
e    6    3    13    0.846832    12
e    6    9    27    0.987075    13
e    7    3    6    0.962042    14
e    7    9    4    0.583528    15
e    7    10    27    0.828468    16
e    7    12    35    0.807276    17
e    8    6    33    0.766027    18
e    8    10    32    0.663301    19
e    9    4    24    0.65217    20
e    11    4    38    0.642982    21
e    11    12    6    0.818163    22
g    #    0



