g    #    1
s    14    26
e    1    8    5    0.628617    1
e    1    11    8    0.919056    2
e    2    5    19    0.832971    3
e    2    9    31    0.506693    4
e    3    5    40    0.592839    5
e    3    7    2    0.698695    6
e    4    1    33    0.935454    7
e    4    8    18    0.553945    8
e    4    9    22    0.604134    9
e    4    10    9    0.667128    10
e    5    4    4    0.763371    11
e    7    11    13    0.747627    12
e    7    13    27    0.888008    13
e    7    14    6    0.935395    14
e    8    10    4    0.7376    15
e    9    3    27    0.682789    16
e    10    2    35    0.998348    17
e    11    3    33    0.727329    18
e    12    3    32    0.504318    19
e    12    5    24    0.622439    20
e    12    9    38    0.591066    21
e    12    10    6    0.709798    22
e    13    8    3    0.763133    23
e    13    12    10    0.591084    24
e    14    2    1    0.763691    25
e    14    10    20    0.630108    26
g    #    2
s    14    26
e    1    8    5    0.628617    1
e    1    11    8    0.919056    2
e    2    5    19    0.832971    3
e    2    9    31    0.506693    4
e    3    5    40    0.592839    5
e    3    7    2    0.698695    6
e    4    1    33    0.935454    7
e    4    8    18    0.553945    8
e    4    9    22    0.604134    9
e    4    10    9    0.667128    10
e    5    4    4    0.763371    11
e    7    11    13    0.747627    12
e    7    13    27    0.888008    13
e    7    14    6    0.935395    14
e    8    10    4    0.7376    15
e    9    3    27    0.682789    16
e    10    2    35    0.998348    17
e    11    3    33    0.727329    18
e    12    3    32    0.504318    19
e    12    5    24    0.622439    20
e    12    9    38    0.591066    21
e    12    10    6    0.709798    22
e    13    8    3    0.763133    23
e    13    12    10    0.591084    24
e    14    2    1    0.763691    25
e    14    10    20    0.630108    26
g    #    3
s    14    26
e    1    8    5    0.628617    1
e    1    11    8    0.919056    2
e    2    5    19    0.832971    3
e    2    9    31    0.506693    4
e    3    5    40    0.592839    5
e    3    7    2    0.698695    6
e    4    1    33    0.935454    7
e    4    8    18    0.553945    8
e    4    9    22    0.604134    9
e    4    10    9    0.667128    10
e    5    4    4    0.763371    11
e    7    11    13    0.747627    12
e    7    13    27    0.888008    13
e    7    14    6    0.935395    14
e    8    10    4    0.7376    15
e    9    3    27    0.682789    16
e    10    2    35    0.998348    17
e    11    3    33    0.727329    18
e    12    3    32    0.504318    19
e    12    5    24    0.622439    20
e    12    9    38    0.591066    21
e    12    10    6    0.709798    22
e    13    8    3    0.763133    23
e    13    12    10    0.591084    24
e    14    2    1    0.763691    25
e    14    10    20    0.630108    26
g    #    4
s    14    26
e    1    8    5    0.628617    1
e    1    11    8    0.919056    2
e    2    5    19    0.832971    3
e    2    9    31    0.506693    4
e    3    5    40    0.592839    5
e    3    7    2    0.698695    6
e    4    1    33    0.935454    7
e    4    8    18    0.553945    8
e    4    9    22    0.604134    9
e    4    10    9    0.667128    10
e    5    4    4    0.763371    11
e    7    11    13    0.747627    12
e    7    13    27    0.888008    13
e    7    14    6    0.935395    14
e    8    10    4    0.7376    15
e    9    3    27    0.682789    16
e    10    2    35    0.998348    17
e    11    3    33    0.727329    18
e    12    3    32    0.504318    19
e    12    5    24    0.622439    20
e    12    9    38    0.591066    21
e    12    10    6    0.709798    22
e    13    8    3    0.763133    23
e    13    12    10    0.591084    24
e    14    2    1    0.763691    25
e    14    10    20    0.630108    26
g    #    5
s    14    26
e    1    8    5    0.628617    1
e    1    11    8    0.919056    2
e    2    5    19    0.832971    3
e    2    9    31    0.506693    4
e    3    5    40    0.592839    5
e    3    7    2    0.698695    6
e    4    1    33    0.935454    7
e    4    8    18    0.553945    8
e    4    9    22    0.604134    9
e    4    10    9    0.667128    10
e    5    4    4    0.763371    11
e    7    11    13    0.747627    12
e    7    13    27    0.888008    13
e    7    14    6    0.935395    14
e    8    10    4    0.7376    15
e    9    3    27    0.682789    16
e    10    2    35    0.998348    17
e    11    3    33    0.727329    18
e    12    3    32    0.504318    19
e    12    5    24    0.622439    20
e    12    9    38    0.591066    21
e    12    10    6    0.709798    22
e    13    8    3    0.763133    23
e    13    12    10    0.591084    24
e    14    2    1    0.763691    25
e    14    10    20    0.630108    26
g    #    0




