1--3最大流值为：30
最可靠最大流分布概率为 ： 0.012557
状态划分算法消耗的内存为：21.1367
状态划分算法运行时间(ms) ： 4.79029
---------------------------------
流分布如下: 
---------------------------------
0   0   0   12  0   0   0   0   12  6   
0   0   0   0   0   0   0   0   0   0   
0   0   0   0   0   0   0   0   0   0   
0   0   14  0   1   0   0   0   0   0   
0   0   1   0   0   0   0   0   0   0   
0   0   0   0   0   0   0   0   0   0   
0   0   0   3   0   0   0   0   0   0   
0   0   0   0   0   0   3   0   0   0   
0   0   12  0   0   0   0   0   0   0   
0   0   3   0   0   0   0   3   0   0   
---------------------------------
关键边输出如下：
---------------------------------
15   A         18        0.022859  
2    A         18        0.0352595 
1    A         18        0.0357915 
3    A         24        0         
17   A         27        0.0164463 
11   A         27        0.139823  
13   A         27        0.139823  
18   A         27        0.139823  
4    A         29        0.0242616 
7    A         29        0.034203  
5    A         29        0.034203  
6    C         30        0.012557  
8    C         30        0.012557  
9    C         30        0.012557  
10   C         30        0.012557  
12   C         30        0.012557  
14   C         30        0.012557  
16   C         30        0.012557  
---------------------------------
---------------------------------

1--3最大流值为：30
最可靠最大流分布概率为 ： 0.012557
状态划分算法消耗的内存为：21.1406
状态划分算法运行时间(ms) ： 4.79361
---------------------------------
流分布如下: 
---------------------------------
0   0   0   12  0   0   0   0   12  6   
0   0   0   0   0   0   0   0   0   0   
0   0   0   0   0   0   0   0   0   0   
0   0   14  0   1   0   0   0   0   0   
0   0   1   0   0   0   0   0   0   0   
0   0   0   0   0   0   0   0   0   0   
0   0   0   3   0   0   0   0   0   0   
0   0   0   0   0   0   3   0   0   0   
0   0   12  0   0   0   0   0   0   0   
0   0   3   0   0   0   0   3   0   0   
---------------------------------
关键边输出如下：
---------------------------------
15   A         18        0.022859  
2    A         18        0.0352595 
1    A         18        0.0357915 
3    A         24        0         
17   A         27        0.0164463 
11   A         27        0.139823  
13   A         27        0.139823  
18   A         27        0.139823  
4    A         29        0.0242616 
7    A         29        0.034203  
5    A         29        0.034203  
6    C         30        0.012557  
8    C         30        0.012557  
9    C         30        0.012557  
10   C         30        0.012557  
12   C         30        0.012557  
14   C         30        0.012557  
16   C         30        0.012557  
---------------------------------
---------------------------------

1--3最大流值为：30
最可靠最大流分布概率为 ： 0.012557
状态划分算法消耗的内存为：21.1445
状态划分算法运行时间(ms) ： 5.16609
---------------------------------
流分布如下: 
---------------------------------
0   0   0   12  0   0   0   0   12  6   
0   0   0   0   0   0   0   0   0   0   
0   0   0   0   0   0   0   0   0   0   
0   0   14  0   1   0   0   0   0   0   
0   0   1   0   0   0   0   0   0   0   
0   0   0   0   0   0   0   0   0   0   
0   0   0   3   0   0   0   0   0   0   
0   0   0   0   0   0   3   0   0   0   
0   0   12  0   0   0   0   0   0   0   
0   0   3   0   0   0   0   3   0   0   
---------------------------------
关键边输出如下：
---------------------------------
15   A         18        0.022859  
2    A         18        0.0352595 
1    A         18        0.0357915 
3    A         24        0         
17   A         27        0.0164463 
11   A         27        0.139823  
13   A         27        0.139823  
18   A         27        0.139823  
4    A         29        0.0242616 
7    A         29        0.034203  
5    A         29        0.034203  
6    C         30        0.012557  
8    C         30        0.012557  
9    C         30        0.012557  
10   C         30        0.012557  
12   C         30        0.012557  
14   C         30        0.012557  
16   C         30        0.012557  
---------------------------------
---------------------------------

