8--1最大流值为：63
最可靠最大流分布概率为 ： 0.0652329
状态划分算法消耗的内存为：21.1719
状态划分算法运行时间(ms) ： 2.22672
---------------------------------
流分布如下: 
---------------------------------
0   0   0   0   0   0   0   0   0   0   
22  0   0   0   0   0   0   0   0   0   
38  0   0   0   0   0   0   0   0   0   
0   0   0   0   0   0   0   0   0   0   
0   0   0   0   0   0   0   0   0   0   
3   0   0   0   0   0   0   0   0   0   
0   0   0   0   0   0   0   0   0   0   
0   22  38  0   0   0   0   0   0   3   
0   0   0   0   0   0   0   0   0   0   
0   0   0   0   0   3   0   0   0   0   
---------------------------------
关键边输出如下：
---------------------------------
5    A         25        0         
14   A         37        0         
13   A         41        0.148274  
2    A         41        0.148274  
17   A         60        0.185343  
18   A         60        0.185343  
10   B         63        0         
1    C         63        0.0652329 
3    C         63        0.0652329 
4    C         63        0.0652329 
6    C         63        0.0652329 
7    C         63        0.0652329 
8    C         63        0.0652329 
9    C         63        0.0652329 
11   C         63        0.0652329 
12   C         63        0.0652329 
15   C         63        0.0652329 
16   C         63        0.0652329 
---------------------------------
---------------------------------

8--1最大流值为：63
最可靠最大流分布概率为 ： 0.0652329
状态划分算法消耗的内存为：5.30469
状态划分算法运行时间(ms) ： 2.22521
---------------------------------
流分布如下: 
---------------------------------
0   0   0   0   0   0   0   0   0   0   
22  0   0   0   0   0   0   0   0   0   
38  0   0   0   0   0   0   0   0   0   
0   0   0   0   0   0   0   0   0   0   
0   0   0   0   0   0   0   0   0   0   
3   0   0   0   0   0   0   0   0   0   
0   0   0   0   0   0   0   0   0   0   
0   22  38  0   0   0   0   0   0   3   
0   0   0   0   0   0   0   0   0   0   
0   0   0   0   0   3   0   0   0   0   
---------------------------------
关键边输出如下：
---------------------------------
5    A         25        0         
14   A         37        0         
13   A         41        0.148274  
2    A         41        0.148274  
17   A         60        0.185343  
18   A         60        0.185343  
10   B         63        0         
1    C         63        0.0652329 
3    C         63        0.0652329 
4    C         63        0.0652329 
6    C         63        0.0652329 
7    C         63        0.0652329 
8    C         63        0.0652329 
9    C         63        0.0652329 
11   C         63        0.0652329 
12   C         63        0.0652329 
15   C         63        0.0652329 
16   C         63        0.0652329 
---------------------------------
---------------------------------

8--1最大流值为：63
最可靠最大流分布概率为 ： 0.0652329
状态划分算法消耗的内存为：5.3125
状态划分算法运行时间(ms) ： 2.24271
---------------------------------
流分布如下: 
---------------------------------
0   0   0   0   0   0   0   0   0   0   
22  0   0   0   0   0   0   0   0   0   
38  0   0   0   0   0   0   0   0   0   
0   0   0   0   0   0   0   0   0   0   
0   0   0   0   0   0   0   0   0   0   
3   0   0   0   0   0   0   0   0   0   
0   0   0   0   0   0   0   0   0   0   
0   22  38  0   0   0   0   0   0   3   
0   0   0   0   0   0   0   0   0   0   
0   0   0   0   0   3   0   0   0   0   
---------------------------------
关键边输出如下：
---------------------------------
5    A         25        0         
14   A         37        0         
13   A         41        0.148274  
2    A         41        0.148274  
17   A         60        0.185343  
18   A         60        0.185343  
10   B         63        0         
1    C         63        0.0652329 
3    C         63        0.0652329 
4    C         63        0.0652329 
6    C         63        0.0652329 
7    C         63        0.0652329 
8    C         63        0.0652329 
9    C         63        0.0652329 
11   C         63        0.0652329 
12   C         63        0.0652329 
15   C         63        0.0652329 
16   C         63        0.0652329 
---------------------------------
---------------------------------

