1--4最大流值为：47
最可靠最大流分布概率为 ： 0.0355748
状态划分算法消耗的内存为：21.1836
状态划分算法运行时间(ms) ： 3.40512
---------------------------------
流分布如下: 
---------------------------------
0   12  35  0   0   0   0   0   0   0   
0   0   0   0   12  0   0   0   0   0   
0   0   0   0   35  0   0   0   0   0   
0   0   0   0   0   0   0   0   0   0   
0   0   0   22  0   0   25  0   0   0   
0   0   0   0   0   0   0   0   0   0   
0   0   0   22  0   0   0   0   0   3   
0   0   0   0   0   0   0   0   0   0   
0   0   0   0   0   0   0   0   0   0   
0   0   0   3   0   0   0   0   0   0   
---------------------------------
关键边输出如下：
---------------------------------
2    A         12        0         
13   A         25        0.0446477 
9    A         25        0.0465625 
10   A         28        0         
1    A         37        0         
5    A         41        0         
3    A         43        0         
17   A         44        0         
14   B         47        0         
4    C         47        0.0355748 
6    C         47        0.0355748 
7    C         47        0.0355748 
8    C         47        0.0355748 
11   C         47        0.0355748 
12   C         47        0.0355748 
15   C         47        0.0355748 
16   C         47        0.0355748 
18   C         47        0.0355748 
---------------------------------
---------------------------------

1--4最大流值为：47
最可靠最大流分布概率为 ： 0.0355748
状态划分算法消耗的内存为：21.1758
状态划分算法运行时间(ms) ： 3.50775
---------------------------------
流分布如下: 
---------------------------------
0   12  35  0   0   0   0   0   0   0   
0   0   0   0   12  0   0   0   0   0   
0   0   0   0   35  0   0   0   0   0   
0   0   0   0   0   0   0   0   0   0   
0   0   0   22  0   0   25  0   0   0   
0   0   0   0   0   0   0   0   0   0   
0   0   0   22  0   0   0   0   0   3   
0   0   0   0   0   0   0   0   0   0   
0   0   0   0   0   0   0   0   0   0   
0   0   0   3   0   0   0   0   0   0   
---------------------------------
关键边输出如下：
---------------------------------
2    A         12        0         
13   A         25        0.0446477 
9    A         25        0.0465625 
10   A         28        0         
1    A         37        0         
5    A         41        0         
3    A         43        0         
17   A         44        0         
14   B         47        0         
4    C         47        0.0355748 
6    C         47        0.0355748 
7    C         47        0.0355748 
8    C         47        0.0355748 
11   C         47        0.0355748 
12   C         47        0.0355748 
15   C         47        0.0355748 
16   C         47        0.0355748 
18   C         47        0.0355748 
---------------------------------
---------------------------------

1--4最大流值为：47
最可靠最大流分布概率为 ： 0.0355748
状态划分算法消耗的内存为：21.1719
状态划分算法运行时间(ms) ： 3.51258
---------------------------------
流分布如下: 
---------------------------------
0   12  35  0   0   0   0   0   0   0   
0   0   0   0   12  0   0   0   0   0   
0   0   0   0   35  0   0   0   0   0   
0   0   0   0   0   0   0   0   0   0   
0   0   0   22  0   0   25  0   0   0   
0   0   0   0   0   0   0   0   0   0   
0   0   0   22  0   0   0   0   0   3   
0   0   0   0   0   0   0   0   0   0   
0   0   0   0   0   0   0   0   0   0   
0   0   0   3   0   0   0   0   0   0   
---------------------------------
关键边输出如下：
---------------------------------
2    A         12        0         
13   A         25        0.0446477 
9    A         25        0.0465625 
10   A         28        0         
1    A         37        0         
5    A         41        0         
3    A         43        0         
17   A         44        0         
14   B         47        0         
4    C         47        0.0355748 
6    C         47        0.0355748 
7    C         47        0.0355748 
8    C         47        0.0355748 
11   C         47        0.0355748 
12   C         47        0.0355748 
15   C         47        0.0355748 
16   C         47        0.0355748 
18   C         47        0.0355748 
---------------------------------
---------------------------------

