6--5最大流值为：26
最可靠最大流分布概率为 ： 0.132277
状态划分算法消耗的内存为：22.0938
状态划分算法运行时间(ms) ： 2.81833
---------------------------------
流分布如下: 
---------------------------------
0   0   0   0   13  0   0   0   0   0   0   0   
0   0   0   0   0   0   0   0   0   0   0   0   
0   0   0   0   13  0   0   0   0   0   0   0   
0   0   0   0   0   0   0   0   0   0   0   0   
0   0   0   0   0   0   0   0   0   0   0   0   
0   0   0   0   0   0   13  0   13  0   0   0   
13  0   0   0   0   0   0   0   0   0   0   0   
0   0   0   0   0   0   0   0   0   0   0   0   
0   0   0   0   0   0   0   0   0   0   0   13  
0   0   13  0   0   0   0   0   0   0   0   0   
0   0   0   0   0   0   0   0   0   0   0   0   
0   0   0   0   0   0   0   0   0   13  0   0   
---------------------------------
关键边输出如下：
---------------------------------
1    A         13        0.189893  
4    A         13        0.615423  
18   A         13        0.615423  
11   B         26        0.0686003 
14   B         26        0.0686003 
12   B         26        0.0724632 
17   B         26        0.116865  
22   B         26        0.116865  
2    C         26        0.132277  
3    C         26        0.132277  
5    C         26        0.132277  
6    C         26        0.132277  
7    C         26        0.132277  
8    C         26        0.132277  
9    C         26        0.132277  
10   C         26        0.132277  
13   C         26        0.132277  
15   C         26        0.132277  
16   C         26        0.132277  
19   C         26        0.132277  
20   C         26        0.132277  
21   C         26        0.132277  
---------------------------------
---------------------------------

6--5最大流值为：26
最可靠最大流分布概率为 ： 0.132277
状态划分算法消耗的内存为：21.1836
状态划分算法运行时间(ms) ： 2.71963
---------------------------------
流分布如下: 
---------------------------------
0   0   0   0   13  0   0   0   0   0   0   0   
0   0   0   0   0   0   0   0   0   0   0   0   
0   0   0   0   13  0   0   0   0   0   0   0   
0   0   0   0   0   0   0   0   0   0   0   0   
0   0   0   0   0   0   0   0   0   0   0   0   
0   0   0   0   0   0   13  0   13  0   0   0   
13  0   0   0   0   0   0   0   0   0   0   0   
0   0   0   0   0   0   0   0   0   0   0   0   
0   0   0   0   0   0   0   0   0   0   0   13  
0   0   13  0   0   0   0   0   0   0   0   0   
0   0   0   0   0   0   0   0   0   0   0   0   
0   0   0   0   0   0   0   0   0   13  0   0   
---------------------------------
关键边输出如下：
---------------------------------
1    A         13        0.189893  
4    A         13        0.615423  
18   A         13        0.615423  
11   B         26        0.0686003 
14   B         26        0.0686003 
12   B         26        0.0724632 
17   B         26        0.116865  
22   B         26        0.116865  
2    C         26        0.132277  
3    C         26        0.132277  
5    C         26        0.132277  
6    C         26        0.132277  
7    C         26        0.132277  
8    C         26        0.132277  
9    C         26        0.132277  
10   C         26        0.132277  
13   C         26        0.132277  
15   C         26        0.132277  
16   C         26        0.132277  
19   C         26        0.132277  
20   C         26        0.132277  
21   C         26        0.132277  
---------------------------------
---------------------------------

6--5最大流值为：26
最可靠最大流分布概率为 ： 0.132277
状态划分算法消耗的内存为：21.168
状态划分算法运行时间(ms) ： 2.74831
---------------------------------
流分布如下: 
---------------------------------
0   0   0   0   13  0   0   0   0   0   0   0   
0   0   0   0   0   0   0   0   0   0   0   0   
0   0   0   0   13  0   0   0   0   0   0   0   
0   0   0   0   0   0   0   0   0   0   0   0   
0   0   0   0   0   0   0   0   0   0   0   0   
0   0   0   0   0   0   13  0   13  0   0   0   
13  0   0   0   0   0   0   0   0   0   0   0   
0   0   0   0   0   0   0   0   0   0   0   0   
0   0   0   0   0   0   0   0   0   0   0   13  
0   0   13  0   0   0   0   0   0   0   0   0   
0   0   0   0   0   0   0   0   0   0   0   0   
0   0   0   0   0   0   0   0   0   13  0   0   
---------------------------------
关键边输出如下：
---------------------------------
1    A         13        0.189893  
4    A         13        0.615423  
18   A         13        0.615423  
11   B         26        0.0686003 
14   B         26        0.0686003 
12   B         26        0.0724632 
17   B         26        0.116865  
22   B         26        0.116865  
2    C         26        0.132277  
3    C         26        0.132277  
5    C         26        0.132277  
6    C         26        0.132277  
7    C         26        0.132277  
8    C         26        0.132277  
9    C         26        0.132277  
10   C         26        0.132277  
13   C         26        0.132277  
15   C         26        0.132277  
16   C         26        0.132277  
19   C         26        0.132277  
20   C         26        0.132277  
21   C         26        0.132277  
---------------------------------
---------------------------------

