7--6最大流值为：27
最可靠最大流分布概率为 ： 0.0693474
状态划分算法消耗的内存为：21.1523
状态划分算法运行时间(ms) ： 3.08879
---------------------------------
流分布如下: 
---------------------------------
0   0   0   0   0   0   0   0   0   0   0   0   
0   0   0   0   0   14  0   0   0   0   0   0   
0   14  0   0   0   0   0   0   0   0   0   0   
0   0   0   0   0   0   0   13  0   0   0   0   
0   0   0   0   0   0   0   0   0   0   0   0   
0   0   0   0   0   0   0   0   0   0   0   0   
0   0   14  0   0   0   0   0   13  0   0   0   
0   0   0   0   0   13  0   0   0   0   0   0   
0   0   0   13  0   0   0   0   0   0   0   0   
0   0   0   0   0   0   0   0   0   0   0   0   
0   0   0   0   0   0   0   0   0   0   0   0   
0   0   0   0   0   0   0   0   0   0   0   0   
---------------------------------
关键边输出如下：
---------------------------------
2    A         13        0         
18   A         14        0         
14   A         19        0         
15   A         20        0.129143  
20   A         20        0.129143  
4    B         27        0.0664402 
9    B         27        0.0664402 
1    C         27        0.0693474 
3    C         27        0.0693474 
5    C         27        0.0693474 
6    C         27        0.0693474 
7    C         27        0.0693474 
8    C         27        0.0693474 
10   C         27        0.0693474 
11   C         27        0.0693474 
12   C         27        0.0693474 
13   C         27        0.0693474 
16   C         27        0.0693474 
17   C         27        0.0693474 
19   C         27        0.0693474 
21   C         27        0.0693474 
22   C         27        0.0693474 
---------------------------------
---------------------------------

7--6最大流值为：27
最可靠最大流分布概率为 ： 0.0693474
状态划分算法消耗的内存为：21.1797
状态划分算法运行时间(ms) ： 3.07158
---------------------------------
流分布如下: 
---------------------------------
0   0   0   0   0   0   0   0   0   0   0   0   
0   0   0   0   0   14  0   0   0   0   0   0   
0   14  0   0   0   0   0   0   0   0   0   0   
0   0   0   0   0   0   0   13  0   0   0   0   
0   0   0   0   0   0   0   0   0   0   0   0   
0   0   0   0   0   0   0   0   0   0   0   0   
0   0   14  0   0   0   0   0   13  0   0   0   
0   0   0   0   0   13  0   0   0   0   0   0   
0   0   0   13  0   0   0   0   0   0   0   0   
0   0   0   0   0   0   0   0   0   0   0   0   
0   0   0   0   0   0   0   0   0   0   0   0   
0   0   0   0   0   0   0   0   0   0   0   0   
---------------------------------
关键边输出如下：
---------------------------------
2    A         13        0         
18   A         14        0         
14   A         19        0         
15   A         20        0.129143  
20   A         20        0.129143  
4    B         27        0.0664402 
9    B         27        0.0664402 
1    C         27        0.0693474 
3    C         27        0.0693474 
5    C         27        0.0693474 
6    C         27        0.0693474 
7    C         27        0.0693474 
8    C         27        0.0693474 
10   C         27        0.0693474 
11   C         27        0.0693474 
12   C         27        0.0693474 
13   C         27        0.0693474 
16   C         27        0.0693474 
17   C         27        0.0693474 
19   C         27        0.0693474 
21   C         27        0.0693474 
22   C         27        0.0693474 
---------------------------------
---------------------------------

7--6最大流值为：27
最可靠最大流分布概率为 ： 0.0693474
状态划分算法消耗的内存为：21.1797
状态划分算法运行时间(ms) ： 3.00125
---------------------------------
流分布如下: 
---------------------------------
0   0   0   0   0   0   0   0   0   0   0   0   
0   0   0   0   0   14  0   0   0   0   0   0   
0   14  0   0   0   0   0   0   0   0   0   0   
0   0   0   0   0   0   0   13  0   0   0   0   
0   0   0   0   0   0   0   0   0   0   0   0   
0   0   0   0   0   0   0   0   0   0   0   0   
0   0   14  0   0   0   0   0   13  0   0   0   
0   0   0   0   0   13  0   0   0   0   0   0   
0   0   0   13  0   0   0   0   0   0   0   0   
0   0   0   0   0   0   0   0   0   0   0   0   
0   0   0   0   0   0   0   0   0   0   0   0   
0   0   0   0   0   0   0   0   0   0   0   0   
---------------------------------
关键边输出如下：
---------------------------------
2    A         13        0         
18   A         14        0         
14   A         19        0         
15   A         20        0.129143  
20   A         20        0.129143  
4    B         27        0.0664402 
9    B         27        0.0664402 
1    C         27        0.0693474 
3    C         27        0.0693474 
5    C         27        0.0693474 
6    C         27        0.0693474 
7    C         27        0.0693474 
8    C         27        0.0693474 
10   C         27        0.0693474 
11   C         27        0.0693474 
12   C         27        0.0693474 
13   C         27        0.0693474 
16   C         27        0.0693474 
17   C         27        0.0693474 
19   C         27        0.0693474 
21   C         27        0.0693474 
22   C         27        0.0693474 
---------------------------------
---------------------------------

