7--12最大流值为：61
最可靠最大流分布概率为 ： 0.111716
状态划分算法消耗的内存为：21.1719
状态划分算法运行时间(ms) ： 4.68978
---------------------------------
流分布如下: 
---------------------------------
0   0   0   0   0   0   0   0   0   0   0   13  
0   0   0   0   0   0   0   0   0   0   0   0   
0   0   0   0   0   0   0   0   0   0   0   0   
0   0   0   0   0   0   0   0   0   0   0   0   
0   0   0   0   0   0   0   0   0   0   0   0   
0   0   0   0   0   0   0   0   0   0   0   0   
0   0   0   0   0   0   0   29  0   0   0   32  
0   0   0   0   0   0   0   0   19  0   10  0   
0   0   0   0   0   0   0   0   0   19  0   0   
13  0   0   0   0   0   0   0   0   0   0   16  
0   0   0   0   0   0   0   0   0   10  0   0   
0   0   0   0   0   0   0   0   0   0   0   0   
---------------------------------
关键边输出如下：
---------------------------------
11   A         29        0         
19   A         45        0         
9    A         47        0         
16   A         48        0.109362  
1    A         48        0.109362  
22   A         51        0         
15   A         53        0         
12   B         61        0.0575258 
13   B         61        0.0621694 
2    C         61        0.111716  
3    C         61        0.111716  
4    C         61        0.111716  
5    C         61        0.111716  
6    C         61        0.111716  
7    C         61        0.111716  
8    C         61        0.111716  
10   C         61        0.111716  
14   C         61        0.111716  
17   C         61        0.111716  
18   C         61        0.111716  
20   C         61        0.111716  
21   C         61        0.111716  
---------------------------------
---------------------------------

7--12最大流值为：61
最可靠最大流分布概率为 ： 0.111716
状态划分算法消耗的内存为：21.1406
状态划分算法运行时间(ms) ： 4.8567
---------------------------------
流分布如下: 
---------------------------------
0   0   0   0   0   0   0   0   0   0   0   13  
0   0   0   0   0   0   0   0   0   0   0   0   
0   0   0   0   0   0   0   0   0   0   0   0   
0   0   0   0   0   0   0   0   0   0   0   0   
0   0   0   0   0   0   0   0   0   0   0   0   
0   0   0   0   0   0   0   0   0   0   0   0   
0   0   0   0   0   0   0   29  0   0   0   32  
0   0   0   0   0   0   0   0   19  0   10  0   
0   0   0   0   0   0   0   0   0   19  0   0   
13  0   0   0   0   0   0   0   0   0   0   16  
0   0   0   0   0   0   0   0   0   10  0   0   
0   0   0   0   0   0   0   0   0   0   0   0   
---------------------------------
关键边输出如下：
---------------------------------
11   A         29        0         
19   A         45        0         
9    A         47        0         
16   A         48        0.109362  
1    A         48        0.109362  
22   A         51        0         
15   A         53        0         
12   B         61        0.0575258 
13   B         61        0.0621694 
2    C         61        0.111716  
3    C         61        0.111716  
4    C         61        0.111716  
5    C         61        0.111716  
6    C         61        0.111716  
7    C         61        0.111716  
8    C         61        0.111716  
10   C         61        0.111716  
14   C         61        0.111716  
17   C         61        0.111716  
18   C         61        0.111716  
20   C         61        0.111716  
21   C         61        0.111716  
---------------------------------
---------------------------------

7--12最大流值为：61
最可靠最大流分布概率为 ： 0.111716
状态划分算法消耗的内存为：21.1836
状态划分算法运行时间(ms) ： 4.85791
---------------------------------
流分布如下: 
---------------------------------
0   0   0   0   0   0   0   0   0   0   0   13  
0   0   0   0   0   0   0   0   0   0   0   0   
0   0   0   0   0   0   0   0   0   0   0   0   
0   0   0   0   0   0   0   0   0   0   0   0   
0   0   0   0   0   0   0   0   0   0   0   0   
0   0   0   0   0   0   0   0   0   0   0   0   
0   0   0   0   0   0   0   29  0   0   0   32  
0   0   0   0   0   0   0   0   19  0   10  0   
0   0   0   0   0   0   0   0   0   19  0   0   
13  0   0   0   0   0   0   0   0   0   0   16  
0   0   0   0   0   0   0   0   0   10  0   0   
0   0   0   0   0   0   0   0   0   0   0   0   
---------------------------------
关键边输出如下：
---------------------------------
11   A         29        0         
19   A         45        0         
9    A         47        0         
16   A         48        0.109362  
1    A         48        0.109362  
22   A         51        0         
15   A         53        0         
12   B         61        0.0575258 
13   B         61        0.0621694 
2    C         61        0.111716  
3    C         61        0.111716  
4    C         61        0.111716  
5    C         61        0.111716  
6    C         61        0.111716  
7    C         61        0.111716  
8    C         61        0.111716  
10   C         61        0.111716  
14   C         61        0.111716  
17   C         61        0.111716  
18   C         61        0.111716  
20   C         61        0.111716  
21   C         61        0.111716  
---------------------------------
---------------------------------

