12--8最大流值为：38
最可靠最大流分布概率为 ： 0.0628504
状态划分算法消耗的内存为：5.27734
状态划分算法运行时间(ms) ： 3.45885
---------------------------------
流分布如下: 
---------------------------------
0   0   0   0   0   0   0   0   0   0   0   0   0   0   
0   0   0   0   0   0   0   0   0   0   0   0   0   0   
0   0   0   0   0   0   19  0   0   0   0   0   0   0   
0   0   0   0   0   0   0   19  0   0   0   0   0   0   
0   0   0   19  0   0   0   0   0   0   0   0   0   0   
0   0   0   0   0   0   0   0   0   0   0   0   0   0   
0   0   0   0   0   0   0   0   0   0   0   0   19  0   
0   0   0   0   0   0   0   0   0   0   0   0   0   0   
0   0   0   0   0   0   0   0   0   0   0   0   0   0   
0   0   0   0   0   0   0   0   0   0   0   0   0   0   
0   0   0   0   0   0   0   0   0   0   0   0   0   0   
0   0   19  0   19  0   0   0   0   0   0   0   0   0   
0   0   0   0   0   0   0   19  0   0   0   0   0   0   
0   0   0   0   0   0   0   0   0   0   0   0   0   0   
---------------------------------
关键边输出如下：
---------------------------------
11   A         19        0.238786  
6    A         19        0.263208  
13   A         19        0.263208  
23   A         19        0.263208  
19   A         28        0         
8    A         29        0         
20   B         38        0         
1    C         38        0.0628504 
2    C         38        0.0628504 
3    C         38        0.0628504 
4    C         38        0.0628504 
5    C         38        0.0628504 
7    C         38        0.0628504 
9    C         38        0.0628504 
10   C         38        0.0628504 
12   C         38        0.0628504 
14   C         38        0.0628504 
15   C         38        0.0628504 
16   C         38        0.0628504 
17   C         38        0.0628504 
18   C         38        0.0628504 
21   C         38        0.0628504 
22   C         38        0.0628504 
24   C         38        0.0628504 
25   C         38        0.0628504 
26   C         38        0.0628504 
---------------------------------
---------------------------------

12--8最大流值为：38
最可靠最大流分布概率为 ： 0.0628504
状态划分算法消耗的内存为：5.27734
状态划分算法运行时间(ms) ： 3.57053
---------------------------------
流分布如下: 
---------------------------------
0   0   0   0   0   0   0   0   0   0   0   0   0   0   
0   0   0   0   0   0   0   0   0   0   0   0   0   0   
0   0   0   0   0   0   19  0   0   0   0   0   0   0   
0   0   0   0   0   0   0   19  0   0   0   0   0   0   
0   0   0   19  0   0   0   0   0   0   0   0   0   0   
0   0   0   0   0   0   0   0   0   0   0   0   0   0   
0   0   0   0   0   0   0   0   0   0   0   0   19  0   
0   0   0   0   0   0   0   0   0   0   0   0   0   0   
0   0   0   0   0   0   0   0   0   0   0   0   0   0   
0   0   0   0   0   0   0   0   0   0   0   0   0   0   
0   0   0   0   0   0   0   0   0   0   0   0   0   0   
0   0   19  0   19  0   0   0   0   0   0   0   0   0   
0   0   0   0   0   0   0   19  0   0   0   0   0   0   
0   0   0   0   0   0   0   0   0   0   0   0   0   0   
---------------------------------
关键边输出如下：
---------------------------------
11   A         19        0.238786  
6    A         19        0.263208  
13   A         19        0.263208  
23   A         19        0.263208  
19   A         28        0         
8    A         29        0         
20   B         38        0         
1    C         38        0.0628504 
2    C         38        0.0628504 
3    C         38        0.0628504 
4    C         38        0.0628504 
5    C         38        0.0628504 
7    C         38        0.0628504 
9    C         38        0.0628504 
10   C         38        0.0628504 
12   C         38        0.0628504 
14   C         38        0.0628504 
15   C         38        0.0628504 
16   C         38        0.0628504 
17   C         38        0.0628504 
18   C         38        0.0628504 
21   C         38        0.0628504 
22   C         38        0.0628504 
24   C         38        0.0628504 
25   C         38        0.0628504 
26   C         38        0.0628504 
---------------------------------
---------------------------------

12--8最大流值为：38
最可靠最大流分布概率为 ： 0.0628504
状态划分算法消耗的内存为：22.0742
状态划分算法运行时间(ms) ： 3.499
---------------------------------
流分布如下: 
---------------------------------
0   0   0   0   0   0   0   0   0   0   0   0   0   0   
0   0   0   0   0   0   0   0   0   0   0   0   0   0   
0   0   0   0   0   0   19  0   0   0   0   0   0   0   
0   0   0   0   0   0   0   19  0   0   0   0   0   0   
0   0   0   19  0   0   0   0   0   0   0   0   0   0   
0   0   0   0   0   0   0   0   0   0   0   0   0   0   
0   0   0   0   0   0   0   0   0   0   0   0   19  0   
0   0   0   0   0   0   0   0   0   0   0   0   0   0   
0   0   0   0   0   0   0   0   0   0   0   0   0   0   
0   0   0   0   0   0   0   0   0   0   0   0   0   0   
0   0   0   0   0   0   0   0   0   0   0   0   0   0   
0   0   19  0   19  0   0   0   0   0   0   0   0   0   
0   0   0   0   0   0   0   19  0   0   0   0   0   0   
0   0   0   0   0   0   0   0   0   0   0   0   0   0   
---------------------------------
关键边输出如下：
---------------------------------
11   A         19        0.238786  
6    A         19        0.263208  
13   A         19        0.263208  
23   A         19        0.263208  
19   A         28        0         
8    A         29        0         
20   B         38        0         
1    C         38        0.0628504 
2    C         38        0.0628504 
3    C         38        0.0628504 
4    C         38        0.0628504 
5    C         38        0.0628504 
7    C         38        0.0628504 
9    C         38        0.0628504 
10   C         38        0.0628504 
12   C         38        0.0628504 
14   C         38        0.0628504 
15   C         38        0.0628504 
16   C         38        0.0628504 
17   C         38        0.0628504 
18   C         38        0.0628504 
21   C         38        0.0628504 
22   C         38        0.0628504 
24   C         38        0.0628504 
25   C         38        0.0628504 
26   C         38        0.0628504 
---------------------------------
---------------------------------

