12--2最大流值为：29
最可靠最大流分布概率为 ： 0.17837
状态划分算法消耗的内存为：21.168
状态划分算法运行时间(ms) ： 3.3197
---------------------------------
流分布如下: 
---------------------------------
0   0   0   0   0   0   0   0   0   0   0   0   0   0   
0   0   0   0   0   0   0   0   0   0   0   0   0   0   
0   0   0   0   0   0   18  0   0   0   0   0   0   0   
0   0   0   0   0   0   0   0   0   0   0   0   0   0   
0   0   0   0   0   0   0   0   0   0   0   0   0   0   
0   0   0   0   0   0   0   0   0   0   0   0   0   0   
0   0   0   0   0   0   0   0   0   0   0   0   0   18  
0   0   0   0   0   0   0   0   0   0   0   0   0   0   
0   0   0   0   0   0   0   0   0   0   0   0   0   0   
0   11  0   0   0   0   0   0   0   0   0   0   0   0   
0   0   0   0   0   0   0   0   0   0   0   0   0   0   
0   0   18  0   0   0   0   0   0   11  0   0   0   0   
0   0   0   0   0   0   0   0   0   0   0   0   0   0   
0   18  0   0   0   0   0   0   0   0   0   0   0   0   
---------------------------------
关键边输出如下：
---------------------------------
6    A         11        0.708625  
14   A         11        0.708625  
25   A         11        0.708625  
17   A         18        0         
19   A         24        0         
22   B         29        0         
1    C         29        0.17837   
2    C         29        0.17837   
3    C         29        0.17837   
4    C         29        0.17837   
5    C         29        0.17837   
7    C         29        0.17837   
8    C         29        0.17837   
9    C         29        0.17837   
10   C         29        0.17837   
11   C         29        0.17837   
12   C         29        0.17837   
13   C         29        0.17837   
15   C         29        0.17837   
16   C         29        0.17837   
18   C         29        0.17837   
20   C         29        0.17837   
21   C         29        0.17837   
23   C         29        0.17837   
24   C         29        0.17837   
26   C         29        0.17837   
---------------------------------
---------------------------------

12--2最大流值为：29
最可靠最大流分布概率为 ： 0.17837
状态划分算法消耗的内存为：22.1055
状态划分算法运行时间(ms) ： 3.13256
---------------------------------
流分布如下: 
---------------------------------
0   0   0   0   0   0   0   0   0   0   0   0   0   0   
0   0   0   0   0   0   0   0   0   0   0   0   0   0   
0   0   0   0   0   0   18  0   0   0   0   0   0   0   
0   0   0   0   0   0   0   0   0   0   0   0   0   0   
0   0   0   0   0   0   0   0   0   0   0   0   0   0   
0   0   0   0   0   0   0   0   0   0   0   0   0   0   
0   0   0   0   0   0   0   0   0   0   0   0   0   18  
0   0   0   0   0   0   0   0   0   0   0   0   0   0   
0   0   0   0   0   0   0   0   0   0   0   0   0   0   
0   11  0   0   0   0   0   0   0   0   0   0   0   0   
0   0   0   0   0   0   0   0   0   0   0   0   0   0   
0   0   18  0   0   0   0   0   0   11  0   0   0   0   
0   0   0   0   0   0   0   0   0   0   0   0   0   0   
0   18  0   0   0   0   0   0   0   0   0   0   0   0   
---------------------------------
关键边输出如下：
---------------------------------
6    A         11        0.708625  
14   A         11        0.708625  
25   A         11        0.708625  
17   A         18        0         
19   A         24        0         
22   B         29        0         
1    C         29        0.17837   
2    C         29        0.17837   
3    C         29        0.17837   
4    C         29        0.17837   
5    C         29        0.17837   
7    C         29        0.17837   
8    C         29        0.17837   
9    C         29        0.17837   
10   C         29        0.17837   
11   C         29        0.17837   
12   C         29        0.17837   
13   C         29        0.17837   
15   C         29        0.17837   
16   C         29        0.17837   
18   C         29        0.17837   
20   C         29        0.17837   
21   C         29        0.17837   
23   C         29        0.17837   
24   C         29        0.17837   
26   C         29        0.17837   
---------------------------------
---------------------------------

12--2最大流值为：29
最可靠最大流分布概率为 ： 0.17837
状态划分算法消耗的内存为：21.1484
状态划分算法运行时间(ms) ： 4.04685
---------------------------------
流分布如下: 
---------------------------------
0   0   0   0   0   0   0   0   0   0   0   0   0   0   
0   0   0   0   0   0   0   0   0   0   0   0   0   0   
0   0   0   0   0   0   18  0   0   0   0   0   0   0   
0   0   0   0   0   0   0   0   0   0   0   0   0   0   
0   0   0   0   0   0   0   0   0   0   0   0   0   0   
0   0   0   0   0   0   0   0   0   0   0   0   0   0   
0   0   0   0   0   0   0   0   0   0   0   0   0   18  
0   0   0   0   0   0   0   0   0   0   0   0   0   0   
0   0   0   0   0   0   0   0   0   0   0   0   0   0   
0   11  0   0   0   0   0   0   0   0   0   0   0   0   
0   0   0   0   0   0   0   0   0   0   0   0   0   0   
0   0   18  0   0   0   0   0   0   11  0   0   0   0   
0   0   0   0   0   0   0   0   0   0   0   0   0   0   
0   18  0   0   0   0   0   0   0   0   0   0   0   0   
---------------------------------
关键边输出如下：
---------------------------------
6    A         11        0.708625  
14   A         11        0.708625  
25   A         11        0.708625  
17   A         18        0         
19   A         24        0         
22   B         29        0         
1    C         29        0.17837   
2    C         29        0.17837   
3    C         29        0.17837   
4    C         29        0.17837   
5    C         29        0.17837   
7    C         29        0.17837   
8    C         29        0.17837   
9    C         29        0.17837   
10   C         29        0.17837   
11   C         29        0.17837   
12   C         29        0.17837   
13   C         29        0.17837   
15   C         29        0.17837   
16   C         29        0.17837   
18   C         29        0.17837   
20   C         29        0.17837   
21   C         29        0.17837   
23   C         29        0.17837   
24   C         29        0.17837   
26   C         29        0.17837   
---------------------------------
---------------------------------

