6--1最大流值为：72
最可靠最大流分布概率为 ： 0.354885
状态划分算法消耗的内存为：21.168
状态划分算法运行时间(ms) ： 1.03261
---------------------------------
流分布如下: 
---------------------------------
0   0   0   0   0   0   
0   0   0   0   0   0   
0   0   0   0   0   0   
16  0   0   0   0   0   
23  0   0   2   0   0   
33  0   0   14  25  0   
---------------------------------
关键边输出如下：
---------------------------------
7    A         39        0         
10   A         47        0         
5    A         49        0         
3    A         56        0         
9    A         58        0         
6    A         70        0         
1    C         72        0.354885  
2    C         72        0.354885  
4    C         72        0.354885  
8    C         72        0.354885  
---------------------------------
---------------------------------

6--1最大流值为：72
最可靠最大流分布概率为 ： 0.354885
状态划分算法消耗的内存为：21.1797
状态划分算法运行时间(ms) ： 1.05133
---------------------------------
流分布如下: 
---------------------------------
0   0   0   0   0   0   
0   0   0   0   0   0   
0   0   0   0   0   0   
16  0   0   0   0   0   
23  0   0   2   0   0   
33  0   0   14  25  0   
---------------------------------
关键边输出如下：
---------------------------------
7    A         39        0         
10   A         47        0         
5    A         49        0         
3    A         56        0         
9    A         58        0         
6    A         70        0         
1    C         72        0.354885  
2    C         72        0.354885  
4    C         72        0.354885  
8    C         72        0.354885  
---------------------------------
---------------------------------

6--1最大流值为：72
最可靠最大流分布概率为 ： 0.354885
状态划分算法消耗的内存为：21.168
状态划分算法运行时间(ms) ： 1.0305
---------------------------------
流分布如下: 
---------------------------------
0   0   0   0   0   0   
0   0   0   0   0   0   
0   0   0   0   0   0   
16  0   0   0   0   0   
23  0   0   2   0   0   
33  0   0   14  25  0   
---------------------------------
关键边输出如下：
---------------------------------
7    A         39        0         
10   A         47        0         
5    A         49        0         
3    A         56        0         
9    A         58        0         
6    A         70        0         
1    C         72        0.354885  
2    C         72        0.354885  
4    C         72        0.354885  
8    C         72        0.354885  
---------------------------------
---------------------------------

