3--1最大流值为：80
最可靠最大流分布概率为 ： 0.27254
状态划分算法消耗的内存为：21.1445
状态划分算法运行时间(ms) ： 1.03352
---------------------------------
流分布如下: 
---------------------------------
0   0   0   0   0   0   
0   0   0   0   0   0   
20  0   0   0   37  23  
0   0   0   0   0   0   
33  0   0   0   0   4   
27  0   0   0   0   0   
---------------------------------
关键边输出如下：
---------------------------------
4    A         43        0         
7    A         47        0         
10   A         53        0         
5    A         59        0         
3    A         60        0         
9    B         80        0         
1    C         80        0.27254   
2    C         80        0.27254   
6    C         80        0.27254   
8    C         80        0.27254   
---------------------------------
---------------------------------

3--1最大流值为：80
最可靠最大流分布概率为 ： 0.27254
状态划分算法消耗的内存为：21.1797
状态划分算法运行时间(ms) ： 1.03865
---------------------------------
流分布如下: 
---------------------------------
0   0   0   0   0   0   
0   0   0   0   0   0   
20  0   0   0   37  23  
0   0   0   0   0   0   
33  0   0   0   0   4   
27  0   0   0   0   0   
---------------------------------
关键边输出如下：
---------------------------------
4    A         43        0         
7    A         47        0         
10   A         53        0         
5    A         59        0         
3    A         60        0         
9    B         80        0         
1    C         80        0.27254   
2    C         80        0.27254   
6    C         80        0.27254   
8    C         80        0.27254   
---------------------------------
---------------------------------

3--1最大流值为：80
最可靠最大流分布概率为 ： 0.27254
状态划分算法消耗的内存为：21.168
状态划分算法运行时间(ms) ： 1.02477
---------------------------------
流分布如下: 
---------------------------------
0   0   0   0   0   0   
0   0   0   0   0   0   
20  0   0   0   37  23  
0   0   0   0   0   0   
33  0   0   0   0   4   
27  0   0   0   0   0   
---------------------------------
关键边输出如下：
---------------------------------
4    A         43        0         
7    A         47        0         
10   A         53        0         
5    A         59        0         
3    A         60        0         
9    B         80        0         
1    C         80        0.27254   
2    C         80        0.27254   
6    C         80        0.27254   
8    C         80        0.27254   
---------------------------------
---------------------------------

