1--5最大流值为：45
最可靠最大流分布概率为 ： 0.127364
状态划分算法消耗的内存为：21.1523
状态划分算法运行时间(ms) ： 1.68792
---------------------------------
流分布如下: 
---------------------------------
0   7   18  0   20  0   
0   0   7   0   0   0   
0   0   0   23  0   2   
0   0   0   0   23  0   
0   0   0   0   0   0   
0   0   0   0   2   0   
---------------------------------
关键边输出如下：
---------------------------------
5    A         22        0.368712  
7    A         22        0.368712  
3    A         25        0         
2    A         28        0         
1    A         38        0.478132  
4    A         38        0.478132  
6    A         43        0.214177  
10   A         43        0.214177  
8    C         45        0.127364  
9    C         45        0.127364  
---------------------------------
---------------------------------

1--5最大流值为：45
最可靠最大流分布概率为 ： 0.127364
状态划分算法消耗的内存为：21.168
状态划分算法运行时间(ms) ： 1.86511
---------------------------------
流分布如下: 
---------------------------------
0   7   18  0   20  0   
0   0   7   0   0   0   
0   0   0   23  0   2   
0   0   0   0   23  0   
0   0   0   0   0   0   
0   0   0   0   2   0   
---------------------------------
关键边输出如下：
---------------------------------
5    A         22        0.368712  
7    A         22        0.368712  
3    A         25        0         
2    A         28        0         
1    A         38        0.478132  
4    A         38        0.478132  
6    A         43        0.214177  
10   A         43        0.214177  
8    C         45        0.127364  
9    C         45        0.127364  
---------------------------------
---------------------------------

1--5最大流值为：45
最可靠最大流分布概率为 ： 0.127364
状态划分算法消耗的内存为：21.1445
状态划分算法运行时间(ms) ： 1.64446
---------------------------------
流分布如下: 
---------------------------------
0   7   18  0   20  0   
0   0   7   0   0   0   
0   0   0   23  0   2   
0   0   0   0   23  0   
0   0   0   0   0   0   
0   0   0   0   2   0   
---------------------------------
关键边输出如下：
---------------------------------
5    A         22        0.368712  
7    A         22        0.368712  
3    A         25        0         
2    A         28        0         
1    A         38        0.478132  
4    A         38        0.478132  
6    A         43        0.214177  
10   A         43        0.214177  
8    C         45        0.127364  
9    C         45        0.127364  
---------------------------------
---------------------------------

