5--1最大流值为：76
最可靠最大流分布概率为 ： 0.115151
状态划分算法消耗的内存为：21.1406
状态划分算法运行时间(ms) ： 1.02839
---------------------------------
流分布如下: 
---------------------------------
0   0   0   0   0   0   
22  0   0   0   0   0   
0   0   0   0   0   0   
32  0   0   0   0   0   
22  22  0   32  0   0   
0   0   0   0   0   0   
---------------------------------
关键边输出如下：
---------------------------------
7    A         44        0.359729  
10   A         44        0.359729  
9    A         54        0.164846  
1    A         54        0.164846  
8    A         54        0.223604  
2    C         76        0.115151  
3    C         76        0.115151  
4    C         76        0.115151  
5    C         76        0.115151  
6    C         76        0.115151  
---------------------------------
---------------------------------

5--1最大流值为：76
最可靠最大流分布概率为 ： 0.115151
状态划分算法消耗的内存为：21.1758
状态划分算法运行时间(ms) ： 1.00364
---------------------------------
流分布如下: 
---------------------------------
0   0   0   0   0   0   
22  0   0   0   0   0   
0   0   0   0   0   0   
32  0   0   0   0   0   
22  22  0   32  0   0   
0   0   0   0   0   0   
---------------------------------
关键边输出如下：
---------------------------------
7    A         44        0.359729  
10   A         44        0.359729  
9    A         54        0.164846  
1    A         54        0.164846  
8    A         54        0.223604  
2    C         76        0.115151  
3    C         76        0.115151  
4    C         76        0.115151  
5    C         76        0.115151  
6    C         76        0.115151  
---------------------------------
---------------------------------

5--1最大流值为：76
最可靠最大流分布概率为 ： 0.115151
状态划分算法消耗的内存为：21.1797
状态划分算法运行时间(ms) ： 0.996393
---------------------------------
流分布如下: 
---------------------------------
0   0   0   0   0   0   
22  0   0   0   0   0   
0   0   0   0   0   0   
32  0   0   0   0   0   
22  22  0   32  0   0   
0   0   0   0   0   0   
---------------------------------
关键边输出如下：
---------------------------------
7    A         44        0.359729  
10   A         44        0.359729  
9    A         54        0.164846  
1    A         54        0.164846  
8    A         54        0.223604  
2    C         76        0.115151  
3    C         76        0.115151  
4    C         76        0.115151  
5    C         76        0.115151  
6    C         76        0.115151  
---------------------------------
---------------------------------

