g    #    1
s    8    14
e    1    6    10    0.553606    1
e    2    8    1    0.59131    2
e    4    1    33    0.730754    3
e    4    2    37    0.875586    4
e    4    5    24    0.996357    5
e    4    6    25    0.519064    6
e    5    3    25    0.910264    7
e    5    7    8    0.722101    8
e    5    8    34    0.771427    9
e    6    7    18    0.608675    10
e    7    3    7    0.538286    11
e    7    4    35    0.65207    12
e    7    8    34    0.831411    13
e    8    4    20    0.56914    14
g    #    2
s    8    14
e    1    3    10    0.553606    1
e    1    8    1    0.59131    2
e    2    7    33    0.730754    3
e    2    8    37    0.875586    4
e    3    4    24    0.996357    5
e    3    7    25    0.519064    6
e    4    7    25    0.910264    7
e    6    2    8    0.722101    8
e    6    4    34    0.771427    9
e    7    1    18    0.608675    10
e    7    6    7    0.538286    11
e    7    8    35    0.65207    12
e    8    5    34    0.831411    13
e    8    6    20    0.56914    14
g    #    3
s    8    14
e    1    2    25    0.553606    1
e    1    6    12    0.59131    2
e    1    7    33    0.730754    3
e    2    3    20    0.875586    4
e    3    5    37    0.996357    5
e    4    3    36    0.519064    6
e    4    5    20    0.910264    7
e    5    1    22    0.722101    8
e    6    2    33    0.771427    9
e    6    3    32    0.608675    10
e    7    5    30    0.538286    11
e    8    1    39    0.65207    12
e    8    3    4    0.831411    13
e    8    4    21    0.56914    14
g    #    4
s    8    14
e    1    5    25    0.553606    1
e    1    7    12    0.59131    2
e    2    1    33    0.730754    3
e    2    3    20    0.875586    4
e    2    5    37    0.996357    5
e    3    1    36    0.519064    6
e    3    6    20    0.910264    7
e    4    1    22    0.722101    8
e    4    2    33    0.771427    9
e    4    3    32    0.608675    10
e    5    8    30    0.538286    11
e    6    2    39    0.65207    12
e    7    5    4    0.831411    13
e    8    6    21    0.56914    14
g    #    5
s    8    14
e    1    6    25    0.553606    1
e    1    7    12    0.59131    2
e    2    6    33    0.730754    3
e    2    7    20    0.875586    4
e    3    2    37    0.996357    5
e    4    3    36    0.519064    6
e    4    6    20    0.910264    7
e    5    2    22    0.722101    8
e    6    7    33    0.771427    9
e    6    8    32    0.608675    10
e    7    4    30    0.538286    11
e    7    5    39    0.65207    12
e    8    4    4    0.831411    13
e    8    7    21    0.56914    14
g    #    0




