1--2最大流值为：7
最可靠最大流分布概率为 ： 0.34766
状态划分算法消耗的内存为：20.8633
状态划分算法运行时间(ms) ： 27.4602
---------------------------------
流分布如下: 
---------------------------------
0   0   4   3   0   0   0   
0   0   0   0   0   0   0   
0   0   0   0   1   3   0   
0   0   0   0   3   0   0   
0   0   0   0   0   0   4   
0   3   0   0   0   0   0   
0   4   0   0   0   0   0   
---------------------------------
关键边输出如下：
---------------------------------
1    A         3         0         0         
8    A         4         0.505176  0.505176  
9    A         4         0.559962  0.66944   
2    A         4         0.559962  0.700603  
4    A         6         0.458166  0.572024  
11   A         6         0.459314  0.526363  
6    A         6         0.459314  0.550947  
3    B         7         0         0         
7    b         7         0.34766   0.34766   
10   b         7         0.34766   0.362664  
5    C         7         0.34766   0.362664  
---------------------------------
---------------------------------

1--2最大流值为：7
最可靠最大流分布概率为 ： 0.34766
状态划分算法消耗的内存为：20.8555
状态划分算法运行时间(ms) ： 27.8091
---------------------------------
流分布如下: 
---------------------------------
0   0   4   3   0   0   0   
0   0   0   0   0   0   0   
0   0   0   0   1   3   0   
0   0   0   0   3   0   0   
0   0   0   0   0   0   4   
0   3   0   0   0   0   0   
0   4   0   0   0   0   0   
---------------------------------
关键边输出如下：
---------------------------------
1    A         3         0         0         
8    A         4         0.505176  0.505176  
9    A         4         0.559962  0.66944   
2    A         4         0.559962  0.700603  
4    A         6         0.458166  0.572024  
11   A         6         0.459314  0.526363  
6    A         6         0.459314  0.550947  
3    B         7         0         0         
7    b         7         0.34766   0.34766   
10   b         7         0.34766   0.362664  
5    C         7         0.34766   0.362664  
---------------------------------
---------------------------------

1--2最大流值为：7
最可靠最大流分布概率为 ： 0.34766
状态划分算法消耗的内存为：20.8359
状态划分算法运行时间(ms) ： 28.846
---------------------------------
流分布如下: 
---------------------------------
0   0   4   3   0   0   0   
0   0   0   0   0   0   0   
0   0   0   0   1   3   0   
0   0   0   0   3   0   0   
0   0   0   0   0   0   4   
0   3   0   0   0   0   0   
0   4   0   0   0   0   0   
---------------------------------
关键边输出如下：
---------------------------------
1    A         3         0         0         
2    A         4         0         0         
8    A         4         0         0         
9    A         4         0         0         
4    A         6         0         0         
6    A         6         0         0         
11   A         6         0         0         
3    B         7         0         0         
7    b         7         0.34766   0.34766   
10   b         7         0.34766   0.362664  
5    C         7         0.34766   0.362664  
---------------------------------
---------------------------------

1--2最大流值为：7
最可靠最大流分布概率为 ： 0.34766
状态划分算法消耗的内存为：20.8164
状态划分算法运行时间(ms) ： 26.4632
---------------------------------
流分布如下: 
---------------------------------
0   0   4   3   0   0   0   
0   0   0   0   0   0   0   
0   0   0   0   1   3   0   
0   0   0   0   3   0   0   
0   0   0   0   0   0   4   
0   3   0   0   0   0   0   
0   4   0   0   0   0   0   
---------------------------------
关键边输出如下：
---------------------------------
1    A         3         0         0         
9    A         4         0.322672  0.322672  
2    A         4         0.354755  0.370065  
8    A         4         0.395068  0.412118  
11   A         6         0.372493  0.388569  
6    A         6         0.385824  0.385824  
4    A         6         0.434575  0.434575  
3    B         7         0         0         
7    b         7         0.34766   0.34766   
10   b         7         0.34766   0.362664  
5    C         7         0.34766   0.362664  
---------------------------------
---------------------------------

1--2最大流值为：7
最可靠最大流分布概率为 ： 0.34766
状态划分算法消耗的内存为：20.7383
状态划分算法运行时间(ms) ： 20.448
---------------------------------
流分布如下: 
---------------------------------
0   0   4   3   0   0   0   
0   0   0   0   0   0   0   
0   0   0   0   1   3   0   
0   0   0   0   3   0   0   
0   0   0   0   0   0   4   
0   3   0   0   0   0   0   
0   4   0   0   0   0   0   
---------------------------------
关键边输出如下：
---------------------------------
1    A         3         0         0         
9    A         4         0.322672  0.322672  
2    A         4         0.354755  0.370065  
8    A         4         0.395068  0.412118  
11   A         6         0.372493  0.388569  
6    A         6         0.385824  0.385824  
4    A         6         0.434575  0.434575  
3    B         7         0         0         
7    b         7         0.34766   0.34766   
10   b         7         0.34766   0.362664  
5    C         7         0.34766   0.362664  
---------------------------------
---------------------------------

1--2最大流值为：7
最可靠最大流分布概率为 ： 0.34766
状态划分算法消耗的内存为：20.7695
状态划分算法运行时间(ms) ： 20.1054
---------------------------------
流分布如下: 
---------------------------------
0   0   4   3   0   0   0   
0   0   0   0   0   0   0   
0   0   0   0   1   3   0   
0   0   0   0   3   0   0   
0   0   0   0   0   0   4   
0   3   0   0   0   0   0   
0   4   0   0   0   0   0   
---------------------------------
关键边输出如下：
---------------------------------
1    A         3         0         0         
9    A         4         0.322672  0.322672  
2    A         4         0.354755  0.370065  
8    A         4         0.395068  0.412118  
11   A         6         0.372493  0.388569  
6    A         6         0.385824  0.385824  
4    A         6         0.434575  0.434575  
3    B         7         0         0         
7    b         7         0.34766   0.34766   
10   b         7         0.34766   0.362664  
5    C         7         0.34766   0.362664  
---------------------------------
---------------------------------

1--2最大流值为：7
最可靠最大流分布概率为 ： 0.34766
状态划分算法消耗的内存为：4.93359
状态划分算法运行时间(ms) ： 21.1353
---------------------------------
流分布如下: 
---------------------------------
0   0   4   3   0   0   0   
0   0   0   0   0   0   0   
0   0   0   0   1   3   0   
0   0   0   0   3   0   0   
0   0   0   0   0   0   4   
0   3   0   0   0   0   0   
0   4   0   0   0   0   0   
---------------------------------
关键边输出如下：
---------------------------------
1    A         3         0         0         
9    A         4         0.322672  0.322672  
2    A         4         0.354755  0.370065  
8    A         4         0.395068  0.412118  
11   A         6         0.372493  0.388569  
6    A         6         0.385824  0.385824  
4    A         6         0.434575  0.434575  
3    B         7         0         0         
7    b         7         0.34766   0.34766   
10   b         7         0.34766   0.362664  
5    C         7         0.34766   0.362664  
---------------------------------
---------------------------------

1--2最大流值为：7
最可靠最大流分布概率为 ： 0.34766
状态划分算法消耗的内存为：20.7383
状态划分算法运行时间(ms) ： 20.0813
---------------------------------
流分布如下: 
---------------------------------
0   0   4   3   0   0   0   
0   0   0   0   0   0   0   
0   0   0   0   1   3   0   
0   0   0   0   3   0   0   
0   0   0   0   0   0   4   
0   3   0   0   0   0   0   
0   4   0   0   0   0   0   
---------------------------------
关键边输出如下：
---------------------------------
1    A         3         0         0         
9    A         4         0.322672  0.322672  
2    A         4         0.354755  0.370065  
8    A         4         0.395068  0.412118  
11   A         6         0.372493  0.388569  
6    A         6         0.385824  0.385824  
4    A         6         0.434575  0.434575  
3    B         7         0         0         
7    b         7         0.34766   0.34766   
10   b         7         0.34766   0.362664  
5    C         7         0.34766   0.362664  
---------------------------------
---------------------------------

