2--8最大流值为：52
最可靠最大流分布概率为 ： 0.028081
状态划分算法消耗的内存为：5.11719
状态划分算法运行时间(ms) ： 74.8098
---------------------------------
流分布如下: 
---------------------------------
0   0   0   0   0   0   0   12  0   0   
0   0   36  13  0   0   0   0   0   3   
12  0   0   0   0   0   12  25  0   0   
0   0   13  0   0   0   0   0   0   0   
0   0   0   0   0   0   0   0   0   0   
0   0   0   0   0   0   0   0   0   0   
0   0   0   0   0   0   0   12  0   0   
0   0   0   0   0   0   0   0   0   0   
0   0   0   0   0   0   0   0   0   0   
0   0   0   0   0   0   0   3   0   0   
---------------------------------
关键边输出如下：
---------------------------------
8    T         27        0         
3    T         29        0         
1    T         40        0.0364294 
7    T         40        0.084732  
15   T         40        0.084732  
18   T         49        0         
4    T         51        0.0525766 
10   T         51        0.0525766 
5    T         52        0.0193889 
6    T         52        0.0206563 
11   T         52        0.028081  
12   T         52        0.028081  
13   T         52        0.028081  
14   T         52        0.028081  
2    T         52        0.028081  
16   T         52        0.028081  
17   T         52        0.028081  
9    T         52        0.028081  
---------------------------------
---------------------------------

2--8最大流值为：52
最可靠最大流分布概率为 ： 0.028081
状态划分算法消耗的内存为：5.00781
状态划分算法运行时间(ms) ： 67.2413
---------------------------------
流分布如下: 
---------------------------------
0   0   0   0   0   0   0   12  0   0   
0   0   36  13  0   0   0   0   0   3   
12  0   0   0   0   0   12  25  0   0   
0   0   13  0   0   0   0   0   0   0   
0   0   0   0   0   0   0   0   0   0   
0   0   0   0   0   0   0   0   0   0   
0   0   0   0   0   0   0   12  0   0   
0   0   0   0   0   0   0   0   0   0   
0   0   0   0   0   0   0   0   0   0   
0   0   0   0   0   0   0   3   0   0   
---------------------------------
关键边输出如下：
---------------------------------
8    T         27        0         
3    T         29        0         
1    T         40        0.0364294 
7    T         40        0.084732  
15   T         40        0.084732  
18   T         49        0         
4    T         51        0.0525766 
10   T         51        0.0525766 
5    T         52        0.0193889 
6    T         52        0.0206563 
11   T         52        0.028081  
12   T         52        0.028081  
13   T         52        0.028081  
14   T         52        0.028081  
2    T         52        0.028081  
16   T         52        0.028081  
17   T         52        0.028081  
9    T         52        0.028081  
---------------------------------
---------------------------------

2--8最大流值为：52
最可靠最大流分布概率为 ： 0.028081
状态划分算法消耗的内存为：5.10156
状态划分算法运行时间(ms) ： 65.0713
---------------------------------
流分布如下: 
---------------------------------
0   0   0   0   0   0   0   12  0   0   
0   0   36  13  0   0   0   0   0   3   
12  0   0   0   0   0   12  25  0   0   
0   0   13  0   0   0   0   0   0   0   
0   0   0   0   0   0   0   0   0   0   
0   0   0   0   0   0   0   0   0   0   
0   0   0   0   0   0   0   12  0   0   
0   0   0   0   0   0   0   0   0   0   
0   0   0   0   0   0   0   0   0   0   
0   0   0   0   0   0   0   3   0   0   
---------------------------------
关键边输出如下：
---------------------------------
8    T         27        0         
3    T         29        0         
1    T         40        0.0364294 
7    T         40        0.084732  
15   T         40        0.084732  
18   T         49        0         
4    T         51        0.0525766 
10   T         51        0.0525766 
5    T         52        0.0193889 
6    T         52        0.0206563 
11   T         52        0.028081  
12   T         52        0.028081  
13   T         52        0.028081  
14   T         52        0.028081  
2    T         52        0.028081  
16   T         52        0.028081  
17   T         52        0.028081  
9    T         52        0.028081  
---------------------------------
---------------------------------

