8--1最大流值为：63
最可靠最大流分布概率为 ： 0.0652329
状态划分算法消耗的内存为：5.00781
状态划分算法运行时间(ms) ： 27.3982
---------------------------------
流分布如下: 
---------------------------------
0   0   0   0   0   0   0   0   0   0   
22  0   0   0   0   0   0   0   0   0   
38  0   0   0   0   0   0   0   0   0   
0   0   0   0   0   0   0   0   0   0   
0   0   0   0   0   0   0   0   0   0   
3   0   0   0   0   0   0   0   0   0   
0   0   0   0   0   0   0   0   0   0   
0   22  38  0   0   0   0   0   0   3   
0   0   0   0   0   0   0   0   0   0   
0   0   0   0   0   3   0   0   0   0   
---------------------------------
关键边输出如下：
---------------------------------
5    T         25        0         
14   T         37        0         
13   T         41        0.148274  
2    T         41        0.148274  
17   T         60        0.185343  
18   T         60        0.185343  
10   T         63        0.0466866 
8    T         63        0.0652329 
9    T         63        0.0652329 
7    T         63        0.0652329 
11   T         63        0.0652329 
12   T         63        0.0652329 
3    T         63        0.0652329 
4    T         63        0.0652329 
15   T         63        0.0652329 
16   T         63        0.0652329 
1    T         63        0.0652329 
6    T         63        0.0652329 
---------------------------------
---------------------------------

8--1最大流值为：63
最可靠最大流分布概率为 ： 0.0652329
状态划分算法消耗的内存为：5.12109
状态划分算法运行时间(ms) ： 27.7424
---------------------------------
流分布如下: 
---------------------------------
0   0   0   0   0   0   0   0   0   0   
22  0   0   0   0   0   0   0   0   0   
38  0   0   0   0   0   0   0   0   0   
0   0   0   0   0   0   0   0   0   0   
0   0   0   0   0   0   0   0   0   0   
3   0   0   0   0   0   0   0   0   0   
0   0   0   0   0   0   0   0   0   0   
0   22  38  0   0   0   0   0   0   3   
0   0   0   0   0   0   0   0   0   0   
0   0   0   0   0   3   0   0   0   0   
---------------------------------
关键边输出如下：
---------------------------------
5    T         25        0         
14   T         37        0         
13   T         41        0.148274  
2    T         41        0.148274  
17   T         60        0.185343  
18   T         60        0.185343  
10   T         63        0.0466866 
8    T         63        0.0652329 
9    T         63        0.0652329 
7    T         63        0.0652329 
11   T         63        0.0652329 
12   T         63        0.0652329 
3    T         63        0.0652329 
4    T         63        0.0652329 
15   T         63        0.0652329 
16   T         63        0.0652329 
1    T         63        0.0652329 
6    T         63        0.0652329 
---------------------------------
---------------------------------

8--1最大流值为：63
最可靠最大流分布概率为 ： 0.0652329
状态划分算法消耗的内存为：5.10547
状态划分算法运行时间(ms) ： 27.8661
---------------------------------
流分布如下: 
---------------------------------
0   0   0   0   0   0   0   0   0   0   
22  0   0   0   0   0   0   0   0   0   
38  0   0   0   0   0   0   0   0   0   
0   0   0   0   0   0   0   0   0   0   
0   0   0   0   0   0   0   0   0   0   
3   0   0   0   0   0   0   0   0   0   
0   0   0   0   0   0   0   0   0   0   
0   22  38  0   0   0   0   0   0   3   
0   0   0   0   0   0   0   0   0   0   
0   0   0   0   0   3   0   0   0   0   
---------------------------------
关键边输出如下：
---------------------------------
5    T         25        0         
14   T         37        0         
13   T         41        0.148274  
2    T         41        0.148274  
17   T         60        0.185343  
18   T         60        0.185343  
10   T         63        0.0466866 
8    T         63        0.0652329 
9    T         63        0.0652329 
7    T         63        0.0652329 
11   T         63        0.0652329 
12   T         63        0.0652329 
3    T         63        0.0652329 
4    T         63        0.0652329 
15   T         63        0.0652329 
16   T         63        0.0652329 
1    T         63        0.0652329 
6    T         63        0.0652329 
---------------------------------
---------------------------------

