3--4最大流值为：55
最可靠最大流分布概率为 ： 0.0597624
状态划分算法消耗的内存为：5.10938
状态划分算法运行时间(ms) ： 104.231
---------------------------------
流分布如下: 
---------------------------------
0   0   0   0   0   0   0   0   0   0   
0   0   0   0   0   0   0   0   0   0   
0   0   0   38  0   3   14  0   0   0   
0   0   0   0   0   0   0   0   0   0   
0   0   0   0   0   0   0   0   0   0   
0   0   0   0   0   0   0   0   0   3   
0   0   0   17  0   0   0   0   0   0   
0   0   0   0   0   0   0   0   0   0   
0   0   0   0   0   0   0   0   0   0   
0   0   0   0   0   0   3   0   0   0   
---------------------------------
关键边输出如下：
---------------------------------
5    T         17        0         
12   T         38        0         
7    T         41        0         
18   T         52        0         
6    T         55        0.0475751 
11   T         55        0.0475751 
2    T         55        0.0597624 
8    T         55        0.0597624 
9    T         55        0.0597624 
10   T         55        0.0597624 
1    T         55        0.0597624 
3    T         55        0.0597624 
13   T         55        0.0597624 
14   T         55        0.0597624 
15   T         55        0.0597624 
16   T         55        0.0597624 
17   T         55        0.0597624 
4    T         55        0.0597624 
---------------------------------
---------------------------------

3--4最大流值为：55
最可靠最大流分布概率为 ： 0.0597624
状态划分算法消耗的内存为：5.11328
状态划分算法运行时间(ms) ： 102.17
---------------------------------
流分布如下: 
---------------------------------
0   0   0   0   0   0   0   0   0   0   
0   0   0   0   0   0   0   0   0   0   
0   0   0   38  0   3   14  0   0   0   
0   0   0   0   0   0   0   0   0   0   
0   0   0   0   0   0   0   0   0   0   
0   0   0   0   0   0   0   0   0   3   
0   0   0   17  0   0   0   0   0   0   
0   0   0   0   0   0   0   0   0   0   
0   0   0   0   0   0   0   0   0   0   
0   0   0   0   0   0   3   0   0   0   
---------------------------------
关键边输出如下：
---------------------------------
5    T         17        0         
12   T         38        0         
7    T         41        0         
18   T         52        0         
6    T         55        0.0475751 
11   T         55        0.0475751 
2    T         55        0.0597624 
8    T         55        0.0597624 
9    T         55        0.0597624 
10   T         55        0.0597624 
1    T         55        0.0597624 
3    T         55        0.0597624 
13   T         55        0.0597624 
14   T         55        0.0597624 
15   T         55        0.0597624 
16   T         55        0.0597624 
17   T         55        0.0597624 
4    T         55        0.0597624 
---------------------------------
---------------------------------

3--4最大流值为：55
最可靠最大流分布概率为 ： 0.0597624
状态划分算法消耗的内存为：4.98828
状态划分算法运行时间(ms) ： 101.22
---------------------------------
流分布如下: 
---------------------------------
0   0   0   0   0   0   0   0   0   0   
0   0   0   0   0   0   0   0   0   0   
0   0   0   38  0   3   14  0   0   0   
0   0   0   0   0   0   0   0   0   0   
0   0   0   0   0   0   0   0   0   0   
0   0   0   0   0   0   0   0   0   3   
0   0   0   17  0   0   0   0   0   0   
0   0   0   0   0   0   0   0   0   0   
0   0   0   0   0   0   0   0   0   0   
0   0   0   0   0   0   3   0   0   0   
---------------------------------
关键边输出如下：
---------------------------------
5    T         17        0         
12   T         38        0         
7    T         41        0         
18   T         52        0         
6    T         55        0.0475751 
11   T         55        0.0475751 
2    T         55        0.0597624 
8    T         55        0.0597624 
9    T         55        0.0597624 
10   T         55        0.0597624 
1    T         55        0.0597624 
3    T         55        0.0597624 
13   T         55        0.0597624 
14   T         55        0.0597624 
15   T         55        0.0597624 
16   T         55        0.0597624 
17   T         55        0.0597624 
4    T         55        0.0597624 
---------------------------------
---------------------------------

