1--4最大流值为：47
最可靠最大流分布概率为 ： 0.0355748
状态划分算法消耗的内存为：5.10938
状态划分算法运行时间(ms) ： 90.8632
---------------------------------
流分布如下: 
---------------------------------
0   12  35  0   0   0   0   0   0   0   
0   0   0   0   12  0   0   0   0   0   
0   0   0   0   35  0   0   0   0   0   
0   0   0   0   0   0   0   0   0   0   
0   0   0   22  0   0   25  0   0   0   
0   0   0   0   0   0   0   0   0   0   
0   0   0   22  0   0   0   0   0   3   
0   0   0   0   0   0   0   0   0   0   
0   0   0   0   0   0   0   0   0   0   
0   0   0   3   0   0   0   0   0   0   
---------------------------------
关键边输出如下：
---------------------------------
2    T         12        0         
13   T         25        0.0744889 
9    T         25        0.107421  
10   T         28        0         
1    T         37        0         
5    T         41        0         
3    T         43        0         
17   T         44        0         
14   T         47        0.0251292 
6    T         47        0.0355748 
11   T         47        0.0355748 
12   T         47        0.0355748 
7    T         47        0.0355748 
4    T         47        0.0355748 
15   T         47        0.0355748 
16   T         47        0.0355748 
8    T         47        0.0355748 
18   T         47        0.0355748 
---------------------------------
---------------------------------

1--4最大流值为：47
最可靠最大流分布概率为 ： 0.0355748
状态划分算法消耗的内存为：5.10938
状态划分算法运行时间(ms) ： 88.4541
---------------------------------
流分布如下: 
---------------------------------
0   12  35  0   0   0   0   0   0   0   
0   0   0   0   12  0   0   0   0   0   
0   0   0   0   35  0   0   0   0   0   
0   0   0   0   0   0   0   0   0   0   
0   0   0   22  0   0   25  0   0   0   
0   0   0   0   0   0   0   0   0   0   
0   0   0   22  0   0   0   0   0   3   
0   0   0   0   0   0   0   0   0   0   
0   0   0   0   0   0   0   0   0   0   
0   0   0   3   0   0   0   0   0   0   
---------------------------------
关键边输出如下：
---------------------------------
2    T         12        0         
13   T         25        0.0744889 
9    T         25        0.107421  
10   T         28        0         
1    T         37        0         
5    T         41        0         
3    T         43        0         
17   T         44        0         
14   T         47        0.0251292 
6    T         47        0.0355748 
11   T         47        0.0355748 
12   T         47        0.0355748 
7    T         47        0.0355748 
4    T         47        0.0355748 
15   T         47        0.0355748 
16   T         47        0.0355748 
8    T         47        0.0355748 
18   T         47        0.0355748 
---------------------------------
---------------------------------

1--4最大流值为：47
最可靠最大流分布概率为 ： 0.0355748
状态划分算法消耗的内存为：5.12109
状态划分算法运行时间(ms) ： 88.1384
---------------------------------
流分布如下: 
---------------------------------
0   12  35  0   0   0   0   0   0   0   
0   0   0   0   12  0   0   0   0   0   
0   0   0   0   35  0   0   0   0   0   
0   0   0   0   0   0   0   0   0   0   
0   0   0   22  0   0   25  0   0   0   
0   0   0   0   0   0   0   0   0   0   
0   0   0   22  0   0   0   0   0   3   
0   0   0   0   0   0   0   0   0   0   
0   0   0   0   0   0   0   0   0   0   
0   0   0   3   0   0   0   0   0   0   
---------------------------------
关键边输出如下：
---------------------------------
2    T         12        0         
13   T         25        0.0744889 
9    T         25        0.107421  
10   T         28        0         
1    T         37        0         
5    T         41        0         
3    T         43        0         
17   T         44        0         
14   T         47        0.0251292 
6    T         47        0.0355748 
11   T         47        0.0355748 
12   T         47        0.0355748 
7    T         47        0.0355748 
4    T         47        0.0355748 
15   T         47        0.0355748 
16   T         47        0.0355748 
8    T         47        0.0355748 
18   T         47        0.0355748 
---------------------------------
---------------------------------

