7--12最大流值为：61
最可靠最大流分布概率为 ： 0.111716
状态划分算法消耗的内存为：5.08984
状态划分算法运行时间(ms) ： 105.672
---------------------------------
流分布如下: 
---------------------------------
0   0   0   0   0   0   0   0   0   0   0   13  
0   0   0   0   0   0   0   0   0   0   0   0   
0   0   0   0   0   0   0   0   0   0   0   0   
0   0   0   0   0   0   0   0   0   0   0   0   
0   0   0   0   0   0   0   0   0   0   0   0   
0   0   0   0   0   0   0   0   0   0   0   0   
0   0   0   0   0   0   0   29  0   0   0   32  
0   0   0   0   0   0   0   0   19  0   10  0   
0   0   0   0   0   0   0   0   0   19  0   0   
13  0   0   0   0   0   0   0   0   0   0   16  
0   0   0   0   0   0   0   0   0   10  0   0   
0   0   0   0   0   0   0   0   0   0   0   0   
---------------------------------
关键边输出如下：
---------------------------------
11   T         29        0         
19   T         45        0         
9    T         47        0         
16   T         48        0.397694  
1    T         48        0.397694  
22   T         51        0         
15   T         53        0         
12   T         61        0.0575258 
13   T         61        0.0621694 
10   T         61        0.111716  
3    T         61        0.111716  
8    T         61        0.111716  
2    T         61        0.111716  
14   T         61        0.111716  
4    T         61        0.111716  
5    T         61        0.111716  
17   T         61        0.111716  
18   T         61        0.111716  
6    T         61        0.111716  
20   T         61        0.111716  
21   T         61        0.111716  
7    T         61        0.111716  
---------------------------------
---------------------------------

7--12最大流值为：61
最可靠最大流分布概率为 ： 0.111716
状态划分算法消耗的内存为：5.07813
状态划分算法运行时间(ms) ： 105.782
---------------------------------
流分布如下: 
---------------------------------
0   0   0   0   0   0   0   0   0   0   0   13  
0   0   0   0   0   0   0   0   0   0   0   0   
0   0   0   0   0   0   0   0   0   0   0   0   
0   0   0   0   0   0   0   0   0   0   0   0   
0   0   0   0   0   0   0   0   0   0   0   0   
0   0   0   0   0   0   0   0   0   0   0   0   
0   0   0   0   0   0   0   29  0   0   0   32  
0   0   0   0   0   0   0   0   19  0   10  0   
0   0   0   0   0   0   0   0   0   19  0   0   
13  0   0   0   0   0   0   0   0   0   0   16  
0   0   0   0   0   0   0   0   0   10  0   0   
0   0   0   0   0   0   0   0   0   0   0   0   
---------------------------------
关键边输出如下：
---------------------------------
11   T         29        0         
19   T         45        0         
9    T         47        0         
16   T         48        0.397694  
1    T         48        0.397694  
22   T         51        0         
15   T         53        0         
12   T         61        0.0575258 
13   T         61        0.0621694 
10   T         61        0.111716  
3    T         61        0.111716  
8    T         61        0.111716  
2    T         61        0.111716  
14   T         61        0.111716  
4    T         61        0.111716  
5    T         61        0.111716  
17   T         61        0.111716  
18   T         61        0.111716  
6    T         61        0.111716  
20   T         61        0.111716  
21   T         61        0.111716  
7    T         61        0.111716  
---------------------------------
---------------------------------

7--12最大流值为：61
最可靠最大流分布概率为 ： 0.111716
状态划分算法消耗的内存为：5.08594
状态划分算法运行时间(ms) ： 103.582
---------------------------------
流分布如下: 
---------------------------------
0   0   0   0   0   0   0   0   0   0   0   13  
0   0   0   0   0   0   0   0   0   0   0   0   
0   0   0   0   0   0   0   0   0   0   0   0   
0   0   0   0   0   0   0   0   0   0   0   0   
0   0   0   0   0   0   0   0   0   0   0   0   
0   0   0   0   0   0   0   0   0   0   0   0   
0   0   0   0   0   0   0   29  0   0   0   32  
0   0   0   0   0   0   0   0   19  0   10  0   
0   0   0   0   0   0   0   0   0   19  0   0   
13  0   0   0   0   0   0   0   0   0   0   16  
0   0   0   0   0   0   0   0   0   10  0   0   
0   0   0   0   0   0   0   0   0   0   0   0   
---------------------------------
关键边输出如下：
---------------------------------
11   T         29        0         
19   T         45        0         
9    T         47        0         
16   T         48        0.397694  
1    T         48        0.397694  
22   T         51        0         
15   T         53        0         
12   T         61        0.0575258 
13   T         61        0.0621694 
10   T         61        0.111716  
3    T         61        0.111716  
8    T         61        0.111716  
2    T         61        0.111716  
14   T         61        0.111716  
4    T         61        0.111716  
5    T         61        0.111716  
17   T         61        0.111716  
18   T         61        0.111716  
6    T         61        0.111716  
20   T         61        0.111716  
21   T         61        0.111716  
7    T         61        0.111716  
---------------------------------
---------------------------------

