10--8最大流值为：32
最可靠最大流分布概率为 ： 0.107603
状态划分算法消耗的内存为：5.08203
状态划分算法运行时间(ms) ： 54.2496
---------------------------------
流分布如下: 
---------------------------------
0   0   0   0   0   0   0   0   0   0   0   0   
0   0   0   0   0   0   0   0   0   0   0   19  
0   0   0   0   0   0   0   0   0   0   0   0   
0   0   0   0   0   19  0   0   0   0   0   0   
0   0   0   0   0   0   0   0   0   0   0   0   
0   0   0   0   0   0   0   32  0   0   0   0   
0   0   0   0   0   0   0   0   0   0   0   0   
0   0   0   0   0   0   0   0   0   0   0   0   
0   0   0   0   0   0   0   0   0   0   0   0   
0   19  0   0   0   13  0   0   0   0   0   0   
0   0   0   7   0   0   0   0   0   0   0   0   
0   0   0   12  0   0   0   0   0   0   7   0   
---------------------------------
关键边输出如下：
---------------------------------
5    T         13        0.714152  
17   T         13        0.714152  
11   T         14        0         
18   T         19        0         
19   T         25        0.198278  
22   T         25        0.198278  
7    T         27        0         
21   T         29        0         
9    T         32        0.107603  
10   T         32        0.107603  
3    T         32        0.107603  
12   T         32        0.107603  
13   T         32        0.107603  
14   T         32        0.107603  
15   T         32        0.107603  
16   T         32        0.107603  
4    T         32        0.107603  
1    T         32        0.107603  
6    T         32        0.107603  
20   T         32        0.107603  
2    T         32        0.107603  
8    T         32        0.107603  
---------------------------------
---------------------------------

10--8最大流值为：32
最可靠最大流分布概率为 ： 0.107603
状态划分算法消耗的内存为：5.08203
状态划分算法运行时间(ms) ： 52.8327
---------------------------------
流分布如下: 
---------------------------------
0   0   0   0   0   0   0   0   0   0   0   0   
0   0   0   0   0   0   0   0   0   0   0   19  
0   0   0   0   0   0   0   0   0   0   0   0   
0   0   0   0   0   19  0   0   0   0   0   0   
0   0   0   0   0   0   0   0   0   0   0   0   
0   0   0   0   0   0   0   32  0   0   0   0   
0   0   0   0   0   0   0   0   0   0   0   0   
0   0   0   0   0   0   0   0   0   0   0   0   
0   0   0   0   0   0   0   0   0   0   0   0   
0   19  0   0   0   13  0   0   0   0   0   0   
0   0   0   7   0   0   0   0   0   0   0   0   
0   0   0   12  0   0   0   0   0   0   7   0   
---------------------------------
关键边输出如下：
---------------------------------
5    T         13        0.714152  
17   T         13        0.714152  
11   T         14        0         
18   T         19        0         
19   T         25        0.198278  
22   T         25        0.198278  
7    T         27        0         
21   T         29        0         
9    T         32        0.107603  
10   T         32        0.107603  
3    T         32        0.107603  
12   T         32        0.107603  
13   T         32        0.107603  
14   T         32        0.107603  
15   T         32        0.107603  
16   T         32        0.107603  
4    T         32        0.107603  
1    T         32        0.107603  
6    T         32        0.107603  
20   T         32        0.107603  
2    T         32        0.107603  
8    T         32        0.107603  
---------------------------------
---------------------------------

10--8最大流值为：32
最可靠最大流分布概率为 ： 0.107603
状态划分算法消耗的内存为：5.10547
状态划分算法运行时间(ms) ： 54.8889
---------------------------------
流分布如下: 
---------------------------------
0   0   0   0   0   0   0   0   0   0   0   0   
0   0   0   0   0   0   0   0   0   0   0   19  
0   0   0   0   0   0   0   0   0   0   0   0   
0   0   0   0   0   19  0   0   0   0   0   0   
0   0   0   0   0   0   0   0   0   0   0   0   
0   0   0   0   0   0   0   32  0   0   0   0   
0   0   0   0   0   0   0   0   0   0   0   0   
0   0   0   0   0   0   0   0   0   0   0   0   
0   0   0   0   0   0   0   0   0   0   0   0   
0   19  0   0   0   13  0   0   0   0   0   0   
0   0   0   7   0   0   0   0   0   0   0   0   
0   0   0   12  0   0   0   0   0   0   7   0   
---------------------------------
关键边输出如下：
---------------------------------
5    T         13        0.714152  
17   T         13        0.714152  
11   T         14        0         
18   T         19        0         
19   T         25        0.198278  
22   T         25        0.198278  
7    T         27        0         
21   T         29        0         
9    T         32        0.107603  
10   T         32        0.107603  
3    T         32        0.107603  
12   T         32        0.107603  
13   T         32        0.107603  
14   T         32        0.107603  
15   T         32        0.107603  
16   T         32        0.107603  
4    T         32        0.107603  
1    T         32        0.107603  
6    T         32        0.107603  
20   T         32        0.107603  
2    T         32        0.107603  
8    T         32        0.107603  
---------------------------------
---------------------------------

