7--6最大流值为：27
最可靠最大流分布概率为 ： 0.0693474
状态划分算法消耗的内存为：5.01172
状态划分算法运行时间(ms) ： 101.697
---------------------------------
流分布如下: 
---------------------------------
0   0   0   0   0   0   0   0   0   0   0   0   
0   0   0   0   0   14  0   0   0   0   0   0   
0   14  0   0   0   0   0   0   0   0   0   0   
0   0   0   0   0   0   0   13  0   0   0   0   
0   0   0   0   0   0   0   0   0   0   0   0   
0   0   0   0   0   0   0   0   0   0   0   0   
0   0   14  0   0   0   0   0   13  0   0   0   
0   0   0   0   0   13  0   0   0   0   0   0   
0   0   0   13  0   0   0   0   0   0   0   0   
0   0   0   0   0   0   0   0   0   0   0   0   
0   0   0   0   0   0   0   0   0   0   0   0   
0   0   0   0   0   0   0   0   0   0   0   0   
---------------------------------
关键边输出如下：
---------------------------------
2    T         13        0         
18   T         14        0         
14   T         19        0         
15   T         20        0.129143  
20   T         20        0.129143  
9    T         27        0.0664402 
4    T         27        0.0664402 
8    T         27        0.0693474 
6    T         27        0.0693474 
10   T         27        0.0693474 
11   T         27        0.0693474 
12   T         27        0.0693474 
13   T         27        0.0693474 
1    T         27        0.0693474 
3    T         27        0.0693474 
16   T         27        0.0693474 
17   T         27        0.0693474 
7    T         27        0.0693474 
19   T         27        0.0693474 
5    T         27        0.0693474 
21   T         27        0.0693474 
22   T         27        0.0693474 
---------------------------------
---------------------------------

7--6最大流值为：27
最可靠最大流分布概率为 ： 0.0693474
状态划分算法消耗的内存为：5.11328
状态划分算法运行时间(ms) ： 97.5418
---------------------------------
流分布如下: 
---------------------------------
0   0   0   0   0   0   0   0   0   0   0   0   
0   0   0   0   0   14  0   0   0   0   0   0   
0   14  0   0   0   0   0   0   0   0   0   0   
0   0   0   0   0   0   0   13  0   0   0   0   
0   0   0   0   0   0   0   0   0   0   0   0   
0   0   0   0   0   0   0   0   0   0   0   0   
0   0   14  0   0   0   0   0   13  0   0   0   
0   0   0   0   0   13  0   0   0   0   0   0   
0   0   0   13  0   0   0   0   0   0   0   0   
0   0   0   0   0   0   0   0   0   0   0   0   
0   0   0   0   0   0   0   0   0   0   0   0   
0   0   0   0   0   0   0   0   0   0   0   0   
---------------------------------
关键边输出如下：
---------------------------------
2    T         13        0         
18   T         14        0         
14   T         19        0         
15   T         20        0.129143  
20   T         20        0.129143  
9    T         27        0.0664402 
4    T         27        0.0664402 
8    T         27        0.0693474 
6    T         27        0.0693474 
10   T         27        0.0693474 
11   T         27        0.0693474 
12   T         27        0.0693474 
13   T         27        0.0693474 
1    T         27        0.0693474 
3    T         27        0.0693474 
16   T         27        0.0693474 
17   T         27        0.0693474 
7    T         27        0.0693474 
19   T         27        0.0693474 
5    T         27        0.0693474 
21   T         27        0.0693474 
22   T         27        0.0693474 
---------------------------------
---------------------------------

7--6最大流值为：27
最可靠最大流分布概率为 ： 0.0693474
状态划分算法消耗的内存为：5.08203
状态划分算法运行时间(ms) ： 97.3221
---------------------------------
流分布如下: 
---------------------------------
0   0   0   0   0   0   0   0   0   0   0   0   
0   0   0   0   0   14  0   0   0   0   0   0   
0   14  0   0   0   0   0   0   0   0   0   0   
0   0   0   0   0   0   0   13  0   0   0   0   
0   0   0   0   0   0   0   0   0   0   0   0   
0   0   0   0   0   0   0   0   0   0   0   0   
0   0   14  0   0   0   0   0   13  0   0   0   
0   0   0   0   0   13  0   0   0   0   0   0   
0   0   0   13  0   0   0   0   0   0   0   0   
0   0   0   0   0   0   0   0   0   0   0   0   
0   0   0   0   0   0   0   0   0   0   0   0   
0   0   0   0   0   0   0   0   0   0   0   0   
---------------------------------
关键边输出如下：
---------------------------------
2    T         13        0         
18   T         14        0         
14   T         19        0         
15   T         20        0.129143  
20   T         20        0.129143  
9    T         27        0.0664402 
4    T         27        0.0664402 
8    T         27        0.0693474 
6    T         27        0.0693474 
10   T         27        0.0693474 
11   T         27        0.0693474 
12   T         27        0.0693474 
13   T         27        0.0693474 
1    T         27        0.0693474 
3    T         27        0.0693474 
16   T         27        0.0693474 
17   T         27        0.0693474 
7    T         27        0.0693474 
19   T         27        0.0693474 
5    T         27        0.0693474 
21   T         27        0.0693474 
22   T         27        0.0693474 
---------------------------------
---------------------------------

