12--6最大流值为：62
最可靠最大流分布概率为 ： 0.0330876
状态划分算法消耗的内存为：5.12891
状态划分算法运行时间(ms) ： 268.985
---------------------------------
流分布如下: 
---------------------------------
0   0   0   0   0   5   0   0   0   0   0   0   
0   0   0   0   0   0   29  0   0   0   0   0   
5   0   0   0   0   0   0   0   0   0   0   0   
0   0   0   0   0   0   0   0   0   0   0   0   
0   0   0   0   0   0   0   0   0   0   0   0   
0   0   0   0   0   0   0   0   0   0   0   0   
0   0   0   0   0   0   0   29  0   0   0   0   
0   0   0   0   0   29  0   0   0   0   0   0   
0   0   0   0   0   0   0   0   0   0   0   0   
0   0   0   0   0   0   0   0   0   0   0   0   
0   0   5   0   0   16  0   0   0   0   0   0   
0   29  0   0   0   12  0   0   0   0   21  0   
---------------------------------
关键边输出如下：
---------------------------------
20   T         33        0         
22   T         41        0         
21   T         50        0         
19   T         54        0         
5    T         55        0.0190023 
13   T         55        0.0199302 
12   T         55        0.0199302 
6    T         57        0.107355  
18   T         57        0.107355  
1    T         57        0.107355  
11   T         62        0.0330876 
4    T         62        0.0330876 
2    T         62        0.0330876 
14   T         62        0.0330876 
15   T         62        0.0330876 
16   T         62        0.0330876 
17   T         62        0.0330876 
3    T         62        0.0330876 
7    T         62        0.0330876 
8    T         62        0.0330876 
9    T         62        0.0330876 
10   T         62        0.0330876 
---------------------------------
---------------------------------

12--6最大流值为：62
最可靠最大流分布概率为 ： 0.0330876
状态划分算法消耗的内存为：5.01953
状态划分算法运行时间(ms) ： 265.972
---------------------------------
流分布如下: 
---------------------------------
0   0   0   0   0   5   0   0   0   0   0   0   
0   0   0   0   0   0   29  0   0   0   0   0   
5   0   0   0   0   0   0   0   0   0   0   0   
0   0   0   0   0   0   0   0   0   0   0   0   
0   0   0   0   0   0   0   0   0   0   0   0   
0   0   0   0   0   0   0   0   0   0   0   0   
0   0   0   0   0   0   0   29  0   0   0   0   
0   0   0   0   0   29  0   0   0   0   0   0   
0   0   0   0   0   0   0   0   0   0   0   0   
0   0   0   0   0   0   0   0   0   0   0   0   
0   0   5   0   0   16  0   0   0   0   0   0   
0   29  0   0   0   12  0   0   0   0   21  0   
---------------------------------
关键边输出如下：
---------------------------------
20   T         33        0         
22   T         41        0         
21   T         50        0         
19   T         54        0         
5    T         55        0.0190023 
13   T         55        0.0199302 
12   T         55        0.0199302 
6    T         57        0.107355  
18   T         57        0.107355  
1    T         57        0.107355  
11   T         62        0.0330876 
4    T         62        0.0330876 
2    T         62        0.0330876 
14   T         62        0.0330876 
15   T         62        0.0330876 
16   T         62        0.0330876 
17   T         62        0.0330876 
3    T         62        0.0330876 
7    T         62        0.0330876 
8    T         62        0.0330876 
9    T         62        0.0330876 
10   T         62        0.0330876 
---------------------------------
---------------------------------

12--6最大流值为：62
最可靠最大流分布概率为 ： 0.0330876
状态划分算法消耗的内存为：5.10547
状态划分算法运行时间(ms) ： 263.013
---------------------------------
流分布如下: 
---------------------------------
0   0   0   0   0   5   0   0   0   0   0   0   
0   0   0   0   0   0   29  0   0   0   0   0   
5   0   0   0   0   0   0   0   0   0   0   0   
0   0   0   0   0   0   0   0   0   0   0   0   
0   0   0   0   0   0   0   0   0   0   0   0   
0   0   0   0   0   0   0   0   0   0   0   0   
0   0   0   0   0   0   0   29  0   0   0   0   
0   0   0   0   0   29  0   0   0   0   0   0   
0   0   0   0   0   0   0   0   0   0   0   0   
0   0   0   0   0   0   0   0   0   0   0   0   
0   0   5   0   0   16  0   0   0   0   0   0   
0   29  0   0   0   12  0   0   0   0   21  0   
---------------------------------
关键边输出如下：
---------------------------------
20   T         33        0         
22   T         41        0         
21   T         50        0         
19   T         54        0         
5    T         55        0.0190023 
13   T         55        0.0199302 
12   T         55        0.0199302 
6    T         57        0.107355  
18   T         57        0.107355  
1    T         57        0.107355  
11   T         62        0.0330876 
4    T         62        0.0330876 
2    T         62        0.0330876 
14   T         62        0.0330876 
15   T         62        0.0330876 
16   T         62        0.0330876 
17   T         62        0.0330876 
3    T         62        0.0330876 
7    T         62        0.0330876 
8    T         62        0.0330876 
9    T         62        0.0330876 
10   T         62        0.0330876 
---------------------------------
---------------------------------

