6--5最大流值为：26
最可靠最大流分布概率为 ： 0.132277
状态划分算法消耗的内存为：5.13672
状态划分算法运行时间(ms) ： 1211.91
---------------------------------
流分布如下: 
---------------------------------
0   0   0   0   13  0   0   0   0   0   0   0   
0   0   0   0   0   0   0   0   0   0   0   0   
0   0   0   0   13  0   0   0   0   0   0   0   
0   0   0   0   0   0   0   0   0   0   0   0   
0   0   0   0   0   0   0   0   0   0   0   0   
0   0   0   0   0   0   13  0   13  0   0   0   
13  0   0   0   0   0   0   0   0   0   0   0   
0   0   0   0   0   0   0   0   0   0   0   0   
0   0   0   0   0   0   0   0   0   0   0   13  
0   0   13  0   0   0   0   0   0   0   0   0   
0   0   0   0   0   0   0   0   0   0   0   0   
0   0   0   0   0   0   0   0   0   13  0   0   
---------------------------------
关键边输出如下：
---------------------------------
1    T         13        0.214936  
4    T         13        0.615423  
18   T         13        0.615423  
11   T         26        0.0686003 
14   T         26        0.0686003 
12   T         26        0.0724632 
17   T         26        0.116865  
22   T         26        0.116865  
9    T         26        0.132277  
10   T         26        0.132277  
2    T         26        0.132277  
5    T         26        0.132277  
13   T         26        0.132277  
6    T         26        0.132277  
15   T         26        0.132277  
16   T         26        0.132277  
7    T         26        0.132277  
3    T         26        0.132277  
19   T         26        0.132277  
20   T         26        0.132277  
21   T         26        0.132277  
8    T         26        0.132277  
---------------------------------
---------------------------------

6--5最大流值为：26
最可靠最大流分布概率为 ： 0.132277
状态划分算法消耗的内存为：5.11719
状态划分算法运行时间(ms) ： 1213.49
---------------------------------
流分布如下: 
---------------------------------
0   0   0   0   13  0   0   0   0   0   0   0   
0   0   0   0   0   0   0   0   0   0   0   0   
0   0   0   0   13  0   0   0   0   0   0   0   
0   0   0   0   0   0   0   0   0   0   0   0   
0   0   0   0   0   0   0   0   0   0   0   0   
0   0   0   0   0   0   13  0   13  0   0   0   
13  0   0   0   0   0   0   0   0   0   0   0   
0   0   0   0   0   0   0   0   0   0   0   0   
0   0   0   0   0   0   0   0   0   0   0   13  
0   0   13  0   0   0   0   0   0   0   0   0   
0   0   0   0   0   0   0   0   0   0   0   0   
0   0   0   0   0   0   0   0   0   13  0   0   
---------------------------------
关键边输出如下：
---------------------------------
1    T         13        0.214936  
4    T         13        0.615423  
18   T         13        0.615423  
11   T         26        0.0686003 
14   T         26        0.0686003 
12   T         26        0.0724632 
17   T         26        0.116865  
22   T         26        0.116865  
9    T         26        0.132277  
10   T         26        0.132277  
2    T         26        0.132277  
5    T         26        0.132277  
13   T         26        0.132277  
6    T         26        0.132277  
15   T         26        0.132277  
16   T         26        0.132277  
7    T         26        0.132277  
3    T         26        0.132277  
19   T         26        0.132277  
20   T         26        0.132277  
21   T         26        0.132277  
8    T         26        0.132277  
---------------------------------
---------------------------------

6--5最大流值为：26
最可靠最大流分布概率为 ： 0.132277
状态划分算法消耗的内存为：5.12109
状态划分算法运行时间(ms) ： 1203.93
---------------------------------
流分布如下: 
---------------------------------
0   0   0   0   13  0   0   0   0   0   0   0   
0   0   0   0   0   0   0   0   0   0   0   0   
0   0   0   0   13  0   0   0   0   0   0   0   
0   0   0   0   0   0   0   0   0   0   0   0   
0   0   0   0   0   0   0   0   0   0   0   0   
0   0   0   0   0   0   13  0   13  0   0   0   
13  0   0   0   0   0   0   0   0   0   0   0   
0   0   0   0   0   0   0   0   0   0   0   0   
0   0   0   0   0   0   0   0   0   0   0   13  
0   0   13  0   0   0   0   0   0   0   0   0   
0   0   0   0   0   0   0   0   0   0   0   0   
0   0   0   0   0   0   0   0   0   13  0   0   
---------------------------------
关键边输出如下：
---------------------------------
1    T         13        0.214936  
4    T         13        0.615423  
18   T         13        0.615423  
11   T         26        0.0686003 
14   T         26        0.0686003 
12   T         26        0.0724632 
17   T         26        0.116865  
22   T         26        0.116865  
9    T         26        0.132277  
10   T         26        0.132277  
2    T         26        0.132277  
5    T         26        0.132277  
13   T         26        0.132277  
6    T         26        0.132277  
15   T         26        0.132277  
16   T         26        0.132277  
7    T         26        0.132277  
3    T         26        0.132277  
19   T         26        0.132277  
20   T         26        0.132277  
21   T         26        0.132277  
8    T         26        0.132277  
---------------------------------
---------------------------------

