12--8最大流值为：38
最可靠最大流分布概率为 ： 0.0628504
状态划分算法消耗的内存为：5.11328
状态划分算法运行时间(ms) ： 72.3425
---------------------------------
流分布如下: 
---------------------------------
0   0   0   0   0   0   0   0   0   0   0   0   0   0   
0   0   0   0   0   0   0   0   0   0   0   0   0   0   
0   0   0   0   0   0   19  0   0   0   0   0   0   0   
0   0   0   0   0   0   0   19  0   0   0   0   0   0   
0   0   0   19  0   0   0   0   0   0   0   0   0   0   
0   0   0   0   0   0   0   0   0   0   0   0   0   0   
0   0   0   0   0   0   0   0   0   0   0   0   19  0   
0   0   0   0   0   0   0   0   0   0   0   0   0   0   
0   0   0   0   0   0   0   0   0   0   0   0   0   0   
0   0   0   0   0   0   0   0   0   0   0   0   0   0   
0   0   0   0   0   0   0   0   0   0   0   0   0   0   
0   0   19  0   19  0   0   0   0   0   0   0   0   0   
0   0   0   0   0   0   0   19  0   0   0   0   0   0   
0   0   0   0   0   0   0   0   0   0   0   0   0   0   
---------------------------------
关键边输出如下：
---------------------------------
11   T         19        0.238786  
6    T         19        0.263208  
13   T         19        0.263208  
23   T         19        0.263208  
19   T         28        0         
8    T         29        0         
20   T         38        0.0252411 
2    T         38        0.0628504 
9    T         38        0.0628504 
10   T         38        0.0628504 
3    T         38        0.0628504 
12   T         38        0.0628504 
4    T         38        0.0628504 
14   T         38        0.0628504 
15   T         38        0.0628504 
16   T         38        0.0628504 
17   T         38        0.0628504 
18   T         38        0.0628504 
5    T         38        0.0628504 
7    T         38        0.0628504 
21   T         38        0.0628504 
22   T         38        0.0628504 
1    T         38        0.0628504 
24   T         38        0.0628504 
25   T         38        0.0628504 
26   T         38        0.0628504 
---------------------------------
---------------------------------

12--8最大流值为：38
最可靠最大流分布概率为 ： 0.0628504
状态划分算法消耗的内存为：5.11719
状态划分算法运行时间(ms) ： 73.7636
---------------------------------
流分布如下: 
---------------------------------
0   0   0   0   0   0   0   0   0   0   0   0   0   0   
0   0   0   0   0   0   0   0   0   0   0   0   0   0   
0   0   0   0   0   0   19  0   0   0   0   0   0   0   
0   0   0   0   0   0   0   19  0   0   0   0   0   0   
0   0   0   19  0   0   0   0   0   0   0   0   0   0   
0   0   0   0   0   0   0   0   0   0   0   0   0   0   
0   0   0   0   0   0   0   0   0   0   0   0   19  0   
0   0   0   0   0   0   0   0   0   0   0   0   0   0   
0   0   0   0   0   0   0   0   0   0   0   0   0   0   
0   0   0   0   0   0   0   0   0   0   0   0   0   0   
0   0   0   0   0   0   0   0   0   0   0   0   0   0   
0   0   19  0   19  0   0   0   0   0   0   0   0   0   
0   0   0   0   0   0   0   19  0   0   0   0   0   0   
0   0   0   0   0   0   0   0   0   0   0   0   0   0   
---------------------------------
关键边输出如下：
---------------------------------
11   T         19        0.238786  
6    T         19        0.263208  
13   T         19        0.263208  
23   T         19        0.263208  
19   T         28        0         
8    T         29        0         
20   T         38        0.0252411 
2    T         38        0.0628504 
9    T         38        0.0628504 
10   T         38        0.0628504 
3    T         38        0.0628504 
12   T         38        0.0628504 
4    T         38        0.0628504 
14   T         38        0.0628504 
15   T         38        0.0628504 
16   T         38        0.0628504 
17   T         38        0.0628504 
18   T         38        0.0628504 
5    T         38        0.0628504 
7    T         38        0.0628504 
21   T         38        0.0628504 
22   T         38        0.0628504 
1    T         38        0.0628504 
24   T         38        0.0628504 
25   T         38        0.0628504 
26   T         38        0.0628504 
---------------------------------
---------------------------------

12--8最大流值为：38
最可靠最大流分布概率为 ： 0.0628504
状态划分算法消耗的内存为：5.125
状态划分算法运行时间(ms) ： 72.8614
---------------------------------
流分布如下: 
---------------------------------
0   0   0   0   0   0   0   0   0   0   0   0   0   0   
0   0   0   0   0   0   0   0   0   0   0   0   0   0   
0   0   0   0   0   0   19  0   0   0   0   0   0   0   
0   0   0   0   0   0   0   19  0   0   0   0   0   0   
0   0   0   19  0   0   0   0   0   0   0   0   0   0   
0   0   0   0   0   0   0   0   0   0   0   0   0   0   
0   0   0   0   0   0   0   0   0   0   0   0   19  0   
0   0   0   0   0   0   0   0   0   0   0   0   0   0   
0   0   0   0   0   0   0   0   0   0   0   0   0   0   
0   0   0   0   0   0   0   0   0   0   0   0   0   0   
0   0   0   0   0   0   0   0   0   0   0   0   0   0   
0   0   19  0   19  0   0   0   0   0   0   0   0   0   
0   0   0   0   0   0   0   19  0   0   0   0   0   0   
0   0   0   0   0   0   0   0   0   0   0   0   0   0   
---------------------------------
关键边输出如下：
---------------------------------
11   T         19        0.238786  
6    T         19        0.263208  
13   T         19        0.263208  
23   T         19        0.263208  
19   T         28        0         
8    T         29        0         
20   T         38        0.0252411 
2    T         38        0.0628504 
9    T         38        0.0628504 
10   T         38        0.0628504 
3    T         38        0.0628504 
12   T         38        0.0628504 
4    T         38        0.0628504 
14   T         38        0.0628504 
15   T         38        0.0628504 
16   T         38        0.0628504 
17   T         38        0.0628504 
18   T         38        0.0628504 
5    T         38        0.0628504 
7    T         38        0.0628504 
21   T         38        0.0628504 
22   T         38        0.0628504 
1    T         38        0.0628504 
24   T         38        0.0628504 
25   T         38        0.0628504 
26   T         38        0.0628504 
---------------------------------
---------------------------------

