7--8最大流值为：38
最可靠最大流分布概率为 ： 0.107265
状态划分算法消耗的内存为：5.11719
状态划分算法运行时间(ms) ： 113.378
---------------------------------
流分布如下: 
---------------------------------
0   0   0   0   0   0   0   0   0   0   0   0   0   0   
0   0   0   0   19  0   0   0   0   0   0   0   0   0   
0   0   0   0   0   0   0   0   0   0   0   0   0   0   
0   0   0   0   0   0   0   19  0   0   0   0   0   0   
0   0   0   19  0   0   0   0   0   0   0   0   0   0   
0   0   0   0   0   0   0   0   0   0   0   0   0   0   
0   0   0   0   0   0   0   0   0   0   0   0   19  19  
0   0   0   0   0   0   0   0   0   0   0   0   0   0   
0   0   0   0   0   0   0   0   0   0   0   0   0   0   
0   1   0   0   0   0   0   0   0   0   0   0   0   0   
0   0   0   0   0   0   0   0   0   0   0   0   0   0   
0   0   0   0   0   0   0   0   0   0   0   0   0   0   
0   0   0   0   0   0   0   19  0   0   0   0   0   0   
0   18  0   0   0   0   0   0   0   1   0   0   0   0   
---------------------------------
关键边输出如下：
---------------------------------
13   T         19        0.158286  
23   T         19        0.158286  
11   T         19        0.677668  
14   T         23        0         
3    T         26        0         
8    T         29        0         
25   T         34        0         
17   T         38        0.0549686 
26   T         38        0.0549686 
10   T         38        0.107265  
1    T         38        0.107265  
12   T         38        0.107265  
4    T         38        0.107265  
5    T         38        0.107265  
15   T         38        0.107265  
16   T         38        0.107265  
2    T         38        0.107265  
18   T         38        0.107265  
19   T         38        0.107265  
20   T         38        0.107265  
21   T         38        0.107265  
22   T         38        0.107265  
6    T         38        0.107265  
24   T         38        0.107265  
7    T         38        0.107265  
9    T         38        0.107265  
---------------------------------
---------------------------------

7--8最大流值为：38
最可靠最大流分布概率为 ： 0.107265
状态划分算法消耗的内存为：5.11328
状态划分算法运行时间(ms) ： 117.457
---------------------------------
流分布如下: 
---------------------------------
0   0   0   0   0   0   0   0   0   0   0   0   0   0   
0   0   0   0   19  0   0   0   0   0   0   0   0   0   
0   0   0   0   0   0   0   0   0   0   0   0   0   0   
0   0   0   0   0   0   0   19  0   0   0   0   0   0   
0   0   0   19  0   0   0   0   0   0   0   0   0   0   
0   0   0   0   0   0   0   0   0   0   0   0   0   0   
0   0   0   0   0   0   0   0   0   0   0   0   19  19  
0   0   0   0   0   0   0   0   0   0   0   0   0   0   
0   0   0   0   0   0   0   0   0   0   0   0   0   0   
0   1   0   0   0   0   0   0   0   0   0   0   0   0   
0   0   0   0   0   0   0   0   0   0   0   0   0   0   
0   0   0   0   0   0   0   0   0   0   0   0   0   0   
0   0   0   0   0   0   0   19  0   0   0   0   0   0   
0   18  0   0   0   0   0   0   0   1   0   0   0   0   
---------------------------------
关键边输出如下：
---------------------------------
13   T         19        0.158286  
23   T         19        0.158286  
11   T         19        0.677668  
14   T         23        0         
3    T         26        0         
8    T         29        0         
25   T         34        0         
17   T         38        0.0549686 
26   T         38        0.0549686 
10   T         38        0.107265  
1    T         38        0.107265  
12   T         38        0.107265  
4    T         38        0.107265  
5    T         38        0.107265  
15   T         38        0.107265  
16   T         38        0.107265  
2    T         38        0.107265  
18   T         38        0.107265  
19   T         38        0.107265  
20   T         38        0.107265  
21   T         38        0.107265  
22   T         38        0.107265  
6    T         38        0.107265  
24   T         38        0.107265  
7    T         38        0.107265  
9    T         38        0.107265  
---------------------------------
---------------------------------

7--8最大流值为：38
最可靠最大流分布概率为 ： 0.107265
状态划分算法消耗的内存为：5.125
状态划分算法运行时间(ms) ： 114.278
---------------------------------
流分布如下: 
---------------------------------
0   0   0   0   0   0   0   0   0   0   0   0   0   0   
0   0   0   0   19  0   0   0   0   0   0   0   0   0   
0   0   0   0   0   0   0   0   0   0   0   0   0   0   
0   0   0   0   0   0   0   19  0   0   0   0   0   0   
0   0   0   19  0   0   0   0   0   0   0   0   0   0   
0   0   0   0   0   0   0   0   0   0   0   0   0   0   
0   0   0   0   0   0   0   0   0   0   0   0   19  19  
0   0   0   0   0   0   0   0   0   0   0   0   0   0   
0   0   0   0   0   0   0   0   0   0   0   0   0   0   
0   1   0   0   0   0   0   0   0   0   0   0   0   0   
0   0   0   0   0   0   0   0   0   0   0   0   0   0   
0   0   0   0   0   0   0   0   0   0   0   0   0   0   
0   0   0   0   0   0   0   19  0   0   0   0   0   0   
0   18  0   0   0   0   0   0   0   1   0   0   0   0   
---------------------------------
关键边输出如下：
---------------------------------
13   T         19        0.158286  
23   T         19        0.158286  
11   T         19        0.677668  
14   T         23        0         
3    T         26        0         
8    T         29        0         
25   T         34        0         
17   T         38        0.0549686 
26   T         38        0.0549686 
10   T         38        0.107265  
1    T         38        0.107265  
12   T         38        0.107265  
4    T         38        0.107265  
5    T         38        0.107265  
15   T         38        0.107265  
16   T         38        0.107265  
2    T         38        0.107265  
18   T         38        0.107265  
19   T         38        0.107265  
20   T         38        0.107265  
21   T         38        0.107265  
22   T         38        0.107265  
6    T         38        0.107265  
24   T         38        0.107265  
7    T         38        0.107265  
9    T         38        0.107265  
---------------------------------
---------------------------------

