12--10最大流值为：81
最可靠最大流分布概率为 ： 0.023357
状态划分算法消耗的内存为：5.12109
状态划分算法运行时间(ms) ： 80.4054
---------------------------------
流分布如下: 
---------------------------------
0   0   0   0   0   0   0   0   0   0   0   0   0   0   
0   0   0   0   0   0   0   0   0   0   0   0   0   0   
0   0   0   0   0   0   24  0   0   0   0   0   0   0   
0   0   0   0   0   0   0   0   0   19  0   0   0   0   
0   0   0   19  0   0   0   0   0   0   0   0   0   0   
0   0   0   0   0   0   0   0   0   0   0   0   0   0   
0   0   0   0   0   0   0   0   0   0   0   0   1   23  
0   0   0   0   0   0   0   0   0   1   0   0   0   0   
0   0   0   0   0   0   0   0   0   0   0   0   0   0   
0   0   0   0   0   0   0   0   0   0   0   0   0   0   
0   0   0   0   0   0   0   0   0   0   0   0   0   0   
0   0   24  0   19  0   0   0   0   38  0   0   0   0   
0   0   0   0   0   0   0   1   0   0   0   0   0   0   
0   0   0   0   0   0   0   0   0   23  0   0   0   0   
---------------------------------
关键边输出如下：
---------------------------------
22   T         43        0         
6    T         57        0         
14   T         58        0.0396284 
26   T         58        0.0396284 
11   T         62        0.0736843 
10   T         62        0.0736843 
19   T         66        0         
20   T         71        0         
13   T         80        0.0467281 
23   T         80        0.0467281 
15   T         80        0.0467281 
12   T         81        0.023357  
4    T         81        0.023357  
5    T         81        0.023357  
1    T         81        0.023357  
16   T         81        0.023357  
17   T         81        0.023357  
18   T         81        0.023357  
7    T         81        0.023357  
8    T         81        0.023357  
21   T         81        0.023357  
9    T         81        0.023357  
2    T         81        0.023357  
24   T         81        0.023357  
25   T         81        0.023357  
3    T         81        0.023357  
---------------------------------
---------------------------------

12--10最大流值为：81
最可靠最大流分布概率为 ： 0.023357
状态划分算法消耗的内存为：5.10156
状态划分算法运行时间(ms) ： 80.6279
---------------------------------
流分布如下: 
---------------------------------
0   0   0   0   0   0   0   0   0   0   0   0   0   0   
0   0   0   0   0   0   0   0   0   0   0   0   0   0   
0   0   0   0   0   0   24  0   0   0   0   0   0   0   
0   0   0   0   0   0   0   0   0   19  0   0   0   0   
0   0   0   19  0   0   0   0   0   0   0   0   0   0   
0   0   0   0   0   0   0   0   0   0   0   0   0   0   
0   0   0   0   0   0   0   0   0   0   0   0   1   23  
0   0   0   0   0   0   0   0   0   1   0   0   0   0   
0   0   0   0   0   0   0   0   0   0   0   0   0   0   
0   0   0   0   0   0   0   0   0   0   0   0   0   0   
0   0   0   0   0   0   0   0   0   0   0   0   0   0   
0   0   24  0   19  0   0   0   0   38  0   0   0   0   
0   0   0   0   0   0   0   1   0   0   0   0   0   0   
0   0   0   0   0   0   0   0   0   23  0   0   0   0   
---------------------------------
关键边输出如下：
---------------------------------
22   T         43        0         
6    T         57        0         
14   T         58        0.0396284 
26   T         58        0.0396284 
11   T         62        0.0736843 
10   T         62        0.0736843 
19   T         66        0         
20   T         71        0         
13   T         80        0.0467281 
23   T         80        0.0467281 
15   T         80        0.0467281 
12   T         81        0.023357  
4    T         81        0.023357  
5    T         81        0.023357  
1    T         81        0.023357  
16   T         81        0.023357  
17   T         81        0.023357  
18   T         81        0.023357  
7    T         81        0.023357  
8    T         81        0.023357  
21   T         81        0.023357  
9    T         81        0.023357  
2    T         81        0.023357  
24   T         81        0.023357  
25   T         81        0.023357  
3    T         81        0.023357  
---------------------------------
---------------------------------

12--10最大流值为：81
最可靠最大流分布概率为 ： 0.023357
状态划分算法消耗的内存为：5.10156
状态划分算法运行时间(ms) ： 80.6125
---------------------------------
流分布如下: 
---------------------------------
0   0   0   0   0   0   0   0   0   0   0   0   0   0   
0   0   0   0   0   0   0   0   0   0   0   0   0   0   
0   0   0   0   0   0   24  0   0   0   0   0   0   0   
0   0   0   0   0   0   0   0   0   19  0   0   0   0   
0   0   0   19  0   0   0   0   0   0   0   0   0   0   
0   0   0   0   0   0   0   0   0   0   0   0   0   0   
0   0   0   0   0   0   0   0   0   0   0   0   1   23  
0   0   0   0   0   0   0   0   0   1   0   0   0   0   
0   0   0   0   0   0   0   0   0   0   0   0   0   0   
0   0   0   0   0   0   0   0   0   0   0   0   0   0   
0   0   0   0   0   0   0   0   0   0   0   0   0   0   
0   0   24  0   19  0   0   0   0   38  0   0   0   0   
0   0   0   0   0   0   0   1   0   0   0   0   0   0   
0   0   0   0   0   0   0   0   0   23  0   0   0   0   
---------------------------------
关键边输出如下：
---------------------------------
22   T         43        0         
6    T         57        0         
14   T         58        0.0396284 
26   T         58        0.0396284 
11   T         62        0.0736843 
10   T         62        0.0736843 
19   T         66        0         
20   T         71        0         
13   T         80        0.0467281 
23   T         80        0.0467281 
15   T         80        0.0467281 
12   T         81        0.023357  
4    T         81        0.023357  
5    T         81        0.023357  
1    T         81        0.023357  
16   T         81        0.023357  
17   T         81        0.023357  
18   T         81        0.023357  
7    T         81        0.023357  
8    T         81        0.023357  
21   T         81        0.023357  
9    T         81        0.023357  
2    T         81        0.023357  
24   T         81        0.023357  
25   T         81        0.023357  
3    T         81        0.023357  
---------------------------------
---------------------------------

