7--3最大流值为：32
最可靠最大流分布概率为 ： 0.0355738
状态划分算法消耗的内存为：5.08203
状态划分算法运行时间(ms) ： 191.704
---------------------------------
流分布如下: 
---------------------------------
0   0   0   0   0   0   0   0   0   0   0   0   0   0   
0   0   0   0   0   0   0   0   9   0   0   0   0   0   
0   0   0   0   0   0   0   0   0   0   0   0   0   0   
0   0   0   0   0   0   0   0   0   0   0   0   0   0   
0   0   0   0   0   0   0   0   0   0   0   0   0   0   
0   0   0   0   0   0   0   0   0   0   0   0   0   0   
0   0   0   0   0   0   0   0   0   0   4   0   19  9   
0   0   0   0   0   0   0   0   0   0   0   0   0   0   
0   0   9   0   0   0   0   0   0   0   0   0   0   0   
0   0   0   0   0   0   0   0   0   0   0   0   0   0   
0   0   4   0   0   0   0   0   0   0   0   0   0   0   
0   0   19  0   0   0   0   0   0   0   0   0   0   0   
0   0   0   0   0   0   0   0   0   0   0   19  0   0   
0   9   0   0   0   0   0   0   0   0   0   0   0   0   
---------------------------------
关键边输出如下：
---------------------------------
13   T         13        0.134388  
19   T         13        0.134388  
24   T         13        0.134388  
14   T         23        0.143942  
16   T         23        0.143942  
18   T         28        0         
25   T         32        0.0293028 
4    T         32        0.0310144 
12   T         32        0.0310144 
10   T         32        0.0355738 
11   T         32        0.0355738 
7    T         32        0.0355738 
1    T         32        0.0355738 
2    T         32        0.0355738 
15   T         32        0.0355738 
3    T         32        0.0355738 
17   T         32        0.0355738 
8    T         32        0.0355738 
5    T         32        0.0355738 
20   T         32        0.0355738 
21   T         32        0.0355738 
22   T         32        0.0355738 
23   T         32        0.0355738 
6    T         32        0.0355738 
9    T         32        0.0355738 
26   T         32        0.0355738 
---------------------------------
---------------------------------

7--3最大流值为：32
最可靠最大流分布概率为 ： 0.0355738
状态划分算法消耗的内存为：5.12109
状态划分算法运行时间(ms) ： 196.762
---------------------------------
流分布如下: 
---------------------------------
0   0   0   0   0   0   0   0   0   0   0   0   0   0   
0   0   0   0   0   0   0   0   9   0   0   0   0   0   
0   0   0   0   0   0   0   0   0   0   0   0   0   0   
0   0   0   0   0   0   0   0   0   0   0   0   0   0   
0   0   0   0   0   0   0   0   0   0   0   0   0   0   
0   0   0   0   0   0   0   0   0   0   0   0   0   0   
0   0   0   0   0   0   0   0   0   0   4   0   19  9   
0   0   0   0   0   0   0   0   0   0   0   0   0   0   
0   0   9   0   0   0   0   0   0   0   0   0   0   0   
0   0   0   0   0   0   0   0   0   0   0   0   0   0   
0   0   4   0   0   0   0   0   0   0   0   0   0   0   
0   0   19  0   0   0   0   0   0   0   0   0   0   0   
0   0   0   0   0   0   0   0   0   0   0   19  0   0   
0   9   0   0   0   0   0   0   0   0   0   0   0   0   
---------------------------------
关键边输出如下：
---------------------------------
13   T         13        0.134388  
19   T         13        0.134388  
24   T         13        0.134388  
14   T         23        0.143942  
16   T         23        0.143942  
18   T         28        0         
25   T         32        0.0293028 
4    T         32        0.0310144 
12   T         32        0.0310144 
10   T         32        0.0355738 
11   T         32        0.0355738 
7    T         32        0.0355738 
1    T         32        0.0355738 
2    T         32        0.0355738 
15   T         32        0.0355738 
3    T         32        0.0355738 
17   T         32        0.0355738 
8    T         32        0.0355738 
5    T         32        0.0355738 
20   T         32        0.0355738 
21   T         32        0.0355738 
22   T         32        0.0355738 
23   T         32        0.0355738 
6    T         32        0.0355738 
9    T         32        0.0355738 
26   T         32        0.0355738 
---------------------------------
---------------------------------

7--3最大流值为：32
最可靠最大流分布概率为 ： 0.0355738
状态划分算法消耗的内存为：5.08984
状态划分算法运行时间(ms) ： 192.445
---------------------------------
流分布如下: 
---------------------------------
0   0   0   0   0   0   0   0   0   0   0   0   0   0   
0   0   0   0   0   0   0   0   9   0   0   0   0   0   
0   0   0   0   0   0   0   0   0   0   0   0   0   0   
0   0   0   0   0   0   0   0   0   0   0   0   0   0   
0   0   0   0   0   0   0   0   0   0   0   0   0   0   
0   0   0   0   0   0   0   0   0   0   0   0   0   0   
0   0   0   0   0   0   0   0   0   0   4   0   19  9   
0   0   0   0   0   0   0   0   0   0   0   0   0   0   
0   0   9   0   0   0   0   0   0   0   0   0   0   0   
0   0   0   0   0   0   0   0   0   0   0   0   0   0   
0   0   4   0   0   0   0   0   0   0   0   0   0   0   
0   0   19  0   0   0   0   0   0   0   0   0   0   0   
0   0   0   0   0   0   0   0   0   0   0   19  0   0   
0   9   0   0   0   0   0   0   0   0   0   0   0   0   
---------------------------------
关键边输出如下：
---------------------------------
13   T         13        0.134388  
19   T         13        0.134388  
24   T         13        0.134388  
14   T         23        0.143942  
16   T         23        0.143942  
18   T         28        0         
25   T         32        0.0293028 
4    T         32        0.0310144 
12   T         32        0.0310144 
10   T         32        0.0355738 
11   T         32        0.0355738 
7    T         32        0.0355738 
1    T         32        0.0355738 
2    T         32        0.0355738 
15   T         32        0.0355738 
3    T         32        0.0355738 
17   T         32        0.0355738 
8    T         32        0.0355738 
5    T         32        0.0355738 
20   T         32        0.0355738 
21   T         32        0.0355738 
22   T         32        0.0355738 
23   T         32        0.0355738 
6    T         32        0.0355738 
9    T         32        0.0355738 
26   T         32        0.0355738 
---------------------------------
---------------------------------

