12--2最大流值为：29
最可靠最大流分布概率为 ： 0.17837
状态划分算法消耗的内存为：5.01172
状态划分算法运行时间(ms) ： 69.8568
---------------------------------
流分布如下: 
---------------------------------
0   0   0   0   0   0   0   0   0   0   0   0   0   0   
0   0   0   0   0   0   0   0   0   0   0   0   0   0   
0   0   0   0   0   0   18  0   0   0   0   0   0   0   
0   0   0   0   0   0   0   0   0   0   0   0   0   0   
0   0   0   0   0   0   0   0   0   0   0   0   0   0   
0   0   0   0   0   0   0   0   0   0   0   0   0   0   
0   0   0   0   0   0   0   0   0   0   0   0   0   18  
0   0   0   0   0   0   0   0   0   0   0   0   0   0   
0   0   0   0   0   0   0   0   0   0   0   0   0   0   
0   11  0   0   0   0   0   0   0   0   0   0   0   0   
0   0   0   0   0   0   0   0   0   0   0   0   0   0   
0   0   18  0   0   0   0   0   0   11  0   0   0   0   
0   0   0   0   0   0   0   0   0   0   0   0   0   0   
0   18  0   0   0   0   0   0   0   0   0   0   0   0   
---------------------------------
关键边输出如下：
---------------------------------
6    T         11        0.708625  
14   T         11        0.708625  
25   T         11        0.708625  
17   T         18        0         
19   T         24        0         
22   T         29        0.0796578 
7    T         29        0.17837   
8    T         29        0.17837   
9    T         29        0.17837   
10   T         29        0.17837   
11   T         29        0.17837   
12   T         29        0.17837   
13   T         29        0.17837   
2    T         29        0.17837   
15   T         29        0.17837   
16   T         29        0.17837   
3    T         29        0.17837   
18   T         29        0.17837   
4    T         29        0.17837   
20   T         29        0.17837   
21   T         29        0.17837   
1    T         29        0.17837   
23   T         29        0.17837   
24   T         29        0.17837   
5    T         29        0.17837   
26   T         29        0.17837   
---------------------------------
---------------------------------

12--2最大流值为：29
最可靠最大流分布概率为 ： 0.17837
状态划分算法消耗的内存为：4.98828
状态划分算法运行时间(ms) ： 68.1755
---------------------------------
流分布如下: 
---------------------------------
0   0   0   0   0   0   0   0   0   0   0   0   0   0   
0   0   0   0   0   0   0   0   0   0   0   0   0   0   
0   0   0   0   0   0   18  0   0   0   0   0   0   0   
0   0   0   0   0   0   0   0   0   0   0   0   0   0   
0   0   0   0   0   0   0   0   0   0   0   0   0   0   
0   0   0   0   0   0   0   0   0   0   0   0   0   0   
0   0   0   0   0   0   0   0   0   0   0   0   0   18  
0   0   0   0   0   0   0   0   0   0   0   0   0   0   
0   0   0   0   0   0   0   0   0   0   0   0   0   0   
0   11  0   0   0   0   0   0   0   0   0   0   0   0   
0   0   0   0   0   0   0   0   0   0   0   0   0   0   
0   0   18  0   0   0   0   0   0   11  0   0   0   0   
0   0   0   0   0   0   0   0   0   0   0   0   0   0   
0   18  0   0   0   0   0   0   0   0   0   0   0   0   
---------------------------------
关键边输出如下：
---------------------------------
6    T         11        0.708625  
14   T         11        0.708625  
25   T         11        0.708625  
17   T         18        0         
19   T         24        0         
22   T         29        0.0796578 
7    T         29        0.17837   
8    T         29        0.17837   
9    T         29        0.17837   
10   T         29        0.17837   
11   T         29        0.17837   
12   T         29        0.17837   
13   T         29        0.17837   
2    T         29        0.17837   
15   T         29        0.17837   
16   T         29        0.17837   
3    T         29        0.17837   
18   T         29        0.17837   
4    T         29        0.17837   
20   T         29        0.17837   
21   T         29        0.17837   
1    T         29        0.17837   
23   T         29        0.17837   
24   T         29        0.17837   
5    T         29        0.17837   
26   T         29        0.17837   
---------------------------------
---------------------------------

12--2最大流值为：29
最可靠最大流分布概率为 ： 0.17837
状态划分算法消耗的内存为：5.11328
状态划分算法运行时间(ms) ： 67.1821
---------------------------------
流分布如下: 
---------------------------------
0   0   0   0   0   0   0   0   0   0   0   0   0   0   
0   0   0   0   0   0   0   0   0   0   0   0   0   0   
0   0   0   0   0   0   18  0   0   0   0   0   0   0   
0   0   0   0   0   0   0   0   0   0   0   0   0   0   
0   0   0   0   0   0   0   0   0   0   0   0   0   0   
0   0   0   0   0   0   0   0   0   0   0   0   0   0   
0   0   0   0   0   0   0   0   0   0   0   0   0   18  
0   0   0   0   0   0   0   0   0   0   0   0   0   0   
0   0   0   0   0   0   0   0   0   0   0   0   0   0   
0   11  0   0   0   0   0   0   0   0   0   0   0   0   
0   0   0   0   0   0   0   0   0   0   0   0   0   0   
0   0   18  0   0   0   0   0   0   11  0   0   0   0   
0   0   0   0   0   0   0   0   0   0   0   0   0   0   
0   18  0   0   0   0   0   0   0   0   0   0   0   0   
---------------------------------
关键边输出如下：
---------------------------------
6    T         11        0.708625  
14   T         11        0.708625  
25   T         11        0.708625  
17   T         18        0         
19   T         24        0         
22   T         29        0.0796578 
7    T         29        0.17837   
8    T         29        0.17837   
9    T         29        0.17837   
10   T         29        0.17837   
11   T         29        0.17837   
12   T         29        0.17837   
13   T         29        0.17837   
2    T         29        0.17837   
15   T         29        0.17837   
16   T         29        0.17837   
3    T         29        0.17837   
18   T         29        0.17837   
4    T         29        0.17837   
20   T         29        0.17837   
21   T         29        0.17837   
1    T         29        0.17837   
23   T         29        0.17837   
24   T         29        0.17837   
5    T         29        0.17837   
26   T         29        0.17837   
---------------------------------
---------------------------------

