3--1最大流值为：80
最可靠最大流分布概率为 ： 0.27254
状态划分算法消耗的内存为：5.10938
状态划分算法运行时间(ms) ： 8.61529
---------------------------------
流分布如下: 
---------------------------------
0   0   0   0   0   0   
0   0   0   0   0   0   
20  0   0   0   37  23  
0   0   0   0   0   0   
33  0   0   0   0   4   
27  0   0   0   0   0   
---------------------------------
关键边输出如下：
---------------------------------
4    T         43        0         
7    T         47        0         
10   T         53        0         
5    T         59        0         
3    T         60        0         
9    T         80        0.193519  
2    T         80        0.27254   
8    T         80        0.27254   
6    T         80        0.27254   
1    T         80        0.27254   
---------------------------------
---------------------------------

3--1最大流值为：80
最可靠最大流分布概率为 ： 0.27254
状态划分算法消耗的内存为：5.11328
状态划分算法运行时间(ms) ： 8.05778
---------------------------------
流分布如下: 
---------------------------------
0   0   0   0   0   0   
0   0   0   0   0   0   
20  0   0   0   37  23  
0   0   0   0   0   0   
33  0   0   0   0   4   
27  0   0   0   0   0   
---------------------------------
关键边输出如下：
---------------------------------
4    T         43        0         
7    T         47        0         
10   T         53        0         
5    T         59        0         
3    T         60        0         
9    T         80        0.193519  
2    T         80        0.27254   
8    T         80        0.27254   
6    T         80        0.27254   
1    T         80        0.27254   
---------------------------------
---------------------------------

3--1最大流值为：80
最可靠最大流分布概率为 ： 0.27254
状态划分算法消耗的内存为：5.10938
状态划分算法运行时间(ms) ： 8.79368
---------------------------------
流分布如下: 
---------------------------------
0   0   0   0   0   0   
0   0   0   0   0   0   
20  0   0   0   37  23  
0   0   0   0   0   0   
33  0   0   0   0   4   
27  0   0   0   0   0   
---------------------------------
关键边输出如下：
---------------------------------
4    T         43        0         
7    T         47        0         
10   T         53        0         
5    T         59        0         
3    T         60        0         
9    T         80        0.193519  
2    T         80        0.27254   
8    T         80        0.27254   
6    T         80        0.27254   
1    T         80        0.27254   
---------------------------------
---------------------------------

