5--2最大流值为：35
最可靠最大流分布概率为 ： 0.252686
状态划分算法消耗的内存为：4.99609
状态划分算法运行时间(ms) ： 4.63605
---------------------------------
流分布如下: 
---------------------------------
0   8   0   0   0   0   
0   0   0   0   0   0   
0   0   0   0   0   8   
0   0   0   0   0   0   
0   0   8   0   0   27  
8   27  0   0   0   0   
---------------------------------
关键边输出如下：
---------------------------------
10   T         8         0         
8    T         23        0         
7    T         27        0.60213   
1    T         27        0.60213   
9    T         27        0.60213   
5    T         27        0.60213   
3    T         35        0.252686  
4    T         35        0.252686  
2    T         35        0.252686  
6    T         35        0.252686  
---------------------------------
---------------------------------

5--2最大流值为：35
最可靠最大流分布概率为 ： 0.252686
状态划分算法消耗的内存为：5.10156
状态划分算法运行时间(ms) ： 4.9382
---------------------------------
流分布如下: 
---------------------------------
0   8   0   0   0   0   
0   0   0   0   0   0   
0   0   0   0   0   8   
0   0   0   0   0   0   
0   0   8   0   0   27  
8   27  0   0   0   0   
---------------------------------
关键边输出如下：
---------------------------------
10   T         8         0         
8    T         23        0         
7    T         27        0.60213   
1    T         27        0.60213   
9    T         27        0.60213   
5    T         27        0.60213   
3    T         35        0.252686  
4    T         35        0.252686  
2    T         35        0.252686  
6    T         35        0.252686  
---------------------------------
---------------------------------

5--2最大流值为：35
最可靠最大流分布概率为 ： 0.252686
状态划分算法消耗的内存为：5.08594
状态划分算法运行时间(ms) ： 4.58111
---------------------------------
流分布如下: 
---------------------------------
0   8   0   0   0   0   
0   0   0   0   0   0   
0   0   0   0   0   8   
0   0   0   0   0   0   
0   0   8   0   0   27  
8   27  0   0   0   0   
---------------------------------
关键边输出如下：
---------------------------------
10   T         8         0         
8    T         23        0         
7    T         27        0.60213   
1    T         27        0.60213   
9    T         27        0.60213   
5    T         27        0.60213   
3    T         35        0.252686  
4    T         35        0.252686  
2    T         35        0.252686  
6    T         35        0.252686  
---------------------------------
---------------------------------

