1--5最大流值为：45
最可靠最大流分布概率为 ： 0.127364
状态划分算法消耗的内存为：5.10156
状态划分算法运行时间(ms) ： 9.42967
---------------------------------
流分布如下: 
---------------------------------
0   7   18  0   20  0   
0   0   7   0   0   0   
0   0   0   23  0   2   
0   0   0   0   23  0   
0   0   0   0   0   0   
0   0   0   0   2   0   
---------------------------------
关键边输出如下：
---------------------------------
5    T         22        0.368712  
7    T         22        0.368712  
3    T         25        0         
2    T         28        0         
1    T         38        0.478132  
4    T         38        0.478132  
6    T         43        0.214177  
10   T         43        0.214177  
9    T         45        0.127364  
8    T         45        0.127364  
---------------------------------
---------------------------------

1--5最大流值为：45
最可靠最大流分布概率为 ： 0.127364
状态划分算法消耗的内存为：5.10547
状态划分算法运行时间(ms) ： 9.4674
---------------------------------
流分布如下: 
---------------------------------
0   7   18  0   20  0   
0   0   7   0   0   0   
0   0   0   23  0   2   
0   0   0   0   23  0   
0   0   0   0   0   0   
0   0   0   0   2   0   
---------------------------------
关键边输出如下：
---------------------------------
5    T         22        0.368712  
7    T         22        0.368712  
3    T         25        0         
2    T         28        0         
1    T         38        0.478132  
4    T         38        0.478132  
6    T         43        0.214177  
10   T         43        0.214177  
9    T         45        0.127364  
8    T         45        0.127364  
---------------------------------
---------------------------------

1--5最大流值为：45
最可靠最大流分布概率为 ： 0.127364
状态划分算法消耗的内存为：5.10938
状态划分算法运行时间(ms) ： 9.47223
---------------------------------
流分布如下: 
---------------------------------
0   7   18  0   20  0   
0   0   7   0   0   0   
0   0   0   23  0   2   
0   0   0   0   23  0   
0   0   0   0   0   0   
0   0   0   0   2   0   
---------------------------------
关键边输出如下：
---------------------------------
5    T         22        0.368712  
7    T         22        0.368712  
3    T         25        0         
2    T         28        0         
1    T         38        0.478132  
4    T         38        0.478132  
6    T         43        0.214177  
10   T         43        0.214177  
9    T         45        0.127364  
8    T         45        0.127364  
---------------------------------
---------------------------------

