5--1最大流值为：76
最可靠最大流分布概率为 ： 0.115151
状态划分算法消耗的内存为：5.10938
状态划分算法运行时间(ms) ： 6.67593
---------------------------------
流分布如下: 
---------------------------------
0   0   0   0   0   0   
22  0   0   0   0   0   
0   0   0   0   0   0   
32  0   0   0   0   0   
22  22  0   32  0   0   
0   0   0   0   0   0   
---------------------------------
关键边输出如下：
---------------------------------
7    T         44        0.359729  
10   T         44        0.359729  
9    T         54        0.164846  
1    T         54        0.164846  
8    T         54        0.223604  
6    T         76        0.115151  
2    T         76        0.115151  
3    T         76        0.115151  
4    T         76        0.115151  
5    T         76        0.115151  
---------------------------------
---------------------------------

5--1最大流值为：76
最可靠最大流分布概率为 ： 0.115151
状态划分算法消耗的内存为：5.10547
状态划分算法运行时间(ms) ： 6.64906
---------------------------------
流分布如下: 
---------------------------------
0   0   0   0   0   0   
22  0   0   0   0   0   
0   0   0   0   0   0   
32  0   0   0   0   0   
22  22  0   32  0   0   
0   0   0   0   0   0   
---------------------------------
关键边输出如下：
---------------------------------
7    T         44        0.359729  
10   T         44        0.359729  
9    T         54        0.164846  
1    T         54        0.164846  
8    T         54        0.223604  
6    T         76        0.115151  
2    T         76        0.115151  
3    T         76        0.115151  
4    T         76        0.115151  
5    T         76        0.115151  
---------------------------------
---------------------------------

5--1最大流值为：76
最可靠最大流分布概率为 ： 0.115151
状态划分算法消耗的内存为：5.10547
状态划分算法运行时间(ms) ： 6.66053
---------------------------------
流分布如下: 
---------------------------------
0   0   0   0   0   0   
22  0   0   0   0   0   
0   0   0   0   0   0   
32  0   0   0   0   0   
22  22  0   32  0   0   
0   0   0   0   0   0   
---------------------------------
关键边输出如下：
---------------------------------
7    T         44        0.359729  
10   T         44        0.359729  
9    T         54        0.164846  
1    T         54        0.164846  
8    T         54        0.223604  
6    T         76        0.115151  
2    T         76        0.115151  
3    T         76        0.115151  
4    T         76        0.115151  
5    T         76        0.115151  
---------------------------------
---------------------------------

