4--8最大流值为：30
最可靠最大流分布概率为 ： 0.501316
状态划分算法消耗的内存为：5.11719
状态划分算法运行时间(ms) ： 33.031
---------------------------------
流分布如下: 
---------------------------------
0   0   0   0   0   0   0   0   
0   0   0   0   30  0   0   0   
0   0   0   0   0   0   0   0   
0   30  0   0   0   0   0   0   
0   0   0   0   0   0   0   30  
0   0   0   0   0   0   0   0   
0   0   0   0   0   0   0   0   
0   0   0   0   0   0   0   0   
---------------------------------
关键边输出如下：
---------------------------------
11   T         0         0         
5    T         29        0         
9    T         30        0.122916  
4    T         30        0.501316  
1    T         30        0.501316  
6    T         30        0.501316  
7    T         30        0.501316  
8    T         30        0.501316  
3    T         30        0.501316  
10   T         30        0.501316  
2    T         30        0.501316  
12   T         30        0.501316  
13   T         30        0.501316  
14   T         30        0.501316  
---------------------------------
---------------------------------

4--8最大流值为：30
最可靠最大流分布概率为 ： 0.501316
状态划分算法消耗的内存为：5.11719
状态划分算法运行时间(ms) ： 32.1463
---------------------------------
流分布如下: 
---------------------------------
0   0   0   0   0   0   0   0   
0   0   0   0   30  0   0   0   
0   0   0   0   0   0   0   0   
0   30  0   0   0   0   0   0   
0   0   0   0   0   0   0   30  
0   0   0   0   0   0   0   0   
0   0   0   0   0   0   0   0   
0   0   0   0   0   0   0   0   
---------------------------------
关键边输出如下：
---------------------------------
11   T         0         0         
5    T         29        0         
9    T         30        0.122916  
4    T         30        0.501316  
1    T         30        0.501316  
6    T         30        0.501316  
7    T         30        0.501316  
8    T         30        0.501316  
3    T         30        0.501316  
10   T         30        0.501316  
2    T         30        0.501316  
12   T         30        0.501316  
13   T         30        0.501316  
14   T         30        0.501316  
---------------------------------
---------------------------------

4--8最大流值为：30
最可靠最大流分布概率为 ： 0.501316
状态划分算法消耗的内存为：5.125
状态划分算法运行时间(ms) ： 32.3054
---------------------------------
流分布如下: 
---------------------------------
0   0   0   0   0   0   0   0   
0   0   0   0   30  0   0   0   
0   0   0   0   0   0   0   0   
0   30  0   0   0   0   0   0   
0   0   0   0   0   0   0   30  
0   0   0   0   0   0   0   0   
0   0   0   0   0   0   0   0   
0   0   0   0   0   0   0   0   
---------------------------------
关键边输出如下：
---------------------------------
11   T         0         0         
5    T         29        0         
9    T         30        0.122916  
4    T         30        0.501316  
1    T         30        0.501316  
6    T         30        0.501316  
7    T         30        0.501316  
8    T         30        0.501316  
3    T         30        0.501316  
10   T         30        0.501316  
2    T         30        0.501316  
12   T         30        0.501316  
13   T         30        0.501316  
14   T         30        0.501316  
---------------------------------
---------------------------------

