3--2最大流值为：8
最可靠最大流分布概率为 ： 0.530255
状态划分算法消耗的内存为：5.10938
状态划分算法运行时间(ms) ： 22.9336
---------------------------------
流分布如下: 
---------------------------------
0   0   0   0   0   0   0   0   
0   0   0   0   0   0   0   0   
0   0   0   0   0   0   8   0   
0   0   0   0   0   0   0   0   
0   0   0   0   0   0   0   0   
0   8   0   0   0   0   0   0   
0   0   0   0   0   0   0   8   
0   0   0   0   0   8   0   0   
---------------------------------
关键边输出如下：
---------------------------------
8    T         0         0         
14   T         7         0         
6    T         8         0.383286  
12   T         8         0.464306  
5    T         8         0.530255  
3    T         8         0.530255  
7    T         8         0.530255  
1    T         8         0.530255  
9    T         8         0.530255  
10   T         8         0.530255  
11   T         8         0.530255  
4    T         8         0.530255  
13   T         8         0.530255  
2    T         8         0.530255  
---------------------------------
---------------------------------

3--2最大流值为：8
最可靠最大流分布概率为 ： 0.530255
状态划分算法消耗的内存为：5.11719
状态划分算法运行时间(ms) ： 22.5799
---------------------------------
流分布如下: 
---------------------------------
0   0   0   0   0   0   0   0   
0   0   0   0   0   0   0   0   
0   0   0   0   0   0   8   0   
0   0   0   0   0   0   0   0   
0   0   0   0   0   0   0   0   
0   8   0   0   0   0   0   0   
0   0   0   0   0   0   0   8   
0   0   0   0   0   8   0   0   
---------------------------------
关键边输出如下：
---------------------------------
8    T         0         0         
14   T         7         0         
6    T         8         0.383286  
12   T         8         0.464306  
5    T         8         0.530255  
3    T         8         0.530255  
7    T         8         0.530255  
1    T         8         0.530255  
9    T         8         0.530255  
10   T         8         0.530255  
11   T         8         0.530255  
4    T         8         0.530255  
13   T         8         0.530255  
2    T         8         0.530255  
---------------------------------
---------------------------------

3--2最大流值为：8
最可靠最大流分布概率为 ： 0.530255
状态划分算法消耗的内存为：5.09375
状态划分算法运行时间(ms) ： 23.5072
---------------------------------
流分布如下: 
---------------------------------
0   0   0   0   0   0   0   0   
0   0   0   0   0   0   0   0   
0   0   0   0   0   0   8   0   
0   0   0   0   0   0   0   0   
0   0   0   0   0   0   0   0   
0   8   0   0   0   0   0   0   
0   0   0   0   0   0   0   8   
0   0   0   0   0   8   0   0   
---------------------------------
关键边输出如下：
---------------------------------
8    T         0         0         
14   T         7         0         
6    T         8         0.383286  
12   T         8         0.464306  
5    T         8         0.530255  
3    T         8         0.530255  
7    T         8         0.530255  
1    T         8         0.530255  
9    T         8         0.530255  
10   T         8         0.530255  
11   T         8         0.530255  
4    T         8         0.530255  
13   T         8         0.530255  
2    T         8         0.530255  
---------------------------------
---------------------------------

