5--6最大流值为：28
最可靠最大流分布概率为 ： 0.130293
状态划分算法消耗的内存为：5.00391
状态划分算法运行时间(ms) ： 12.3144
---------------------------------
流分布如下: 
---------------------------------
0   0   0   0   0   3   0   0   
0   0   0   0   0   0   0   0   
0   0   0   0   0   0   0   0   
3   0   0   0   0   25  0   0   
0   0   0   0   0   0   8   20  
0   0   0   0   0   0   0   0   
0   0   0   8   0   0   0   0   
0   0   0   20  0   0   0   0   
---------------------------------
关键边输出如下：
---------------------------------
9    T         8         0.57003   
14   T         8         0.57003   
6    T         10        0         
12   T         20        0.743809  
8    T         20        0.743809  
3    T         25        0.455302  
1    T         25        0.455302  
4    T         28        0.130293  
5    T         28        0.130293  
10   T         28        0.130293  
11   T         28        0.130293  
2    T         28        0.130293  
13   T         28        0.130293  
7    T         28        0.130293  
---------------------------------
---------------------------------

5--6最大流值为：28
最可靠最大流分布概率为 ： 0.130293
状态划分算法消耗的内存为：4.97266
状态划分算法运行时间(ms) ： 12.267
---------------------------------
流分布如下: 
---------------------------------
0   0   0   0   0   3   0   0   
0   0   0   0   0   0   0   0   
0   0   0   0   0   0   0   0   
3   0   0   0   0   25  0   0   
0   0   0   0   0   0   8   20  
0   0   0   0   0   0   0   0   
0   0   0   8   0   0   0   0   
0   0   0   20  0   0   0   0   
---------------------------------
关键边输出如下：
---------------------------------
9    T         8         0.57003   
14   T         8         0.57003   
6    T         10        0         
12   T         20        0.743809  
8    T         20        0.743809  
3    T         25        0.455302  
1    T         25        0.455302  
4    T         28        0.130293  
5    T         28        0.130293  
10   T         28        0.130293  
11   T         28        0.130293  
2    T         28        0.130293  
13   T         28        0.130293  
7    T         28        0.130293  
---------------------------------
---------------------------------

5--6最大流值为：28
最可靠最大流分布概率为 ： 0.130293
状态划分算法消耗的内存为：5.07813
状态划分算法运行时间(ms) ： 12.1279
---------------------------------
流分布如下: 
---------------------------------
0   0   0   0   0   3   0   0   
0   0   0   0   0   0   0   0   
0   0   0   0   0   0   0   0   
3   0   0   0   0   25  0   0   
0   0   0   0   0   0   8   20  
0   0   0   0   0   0   0   0   
0   0   0   8   0   0   0   0   
0   0   0   20  0   0   0   0   
---------------------------------
关键边输出如下：
---------------------------------
9    T         8         0.57003   
14   T         8         0.57003   
6    T         10        0         
12   T         20        0.743809  
8    T         20        0.743809  
3    T         25        0.455302  
1    T         25        0.455302  
4    T         28        0.130293  
5    T         28        0.130293  
10   T         28        0.130293  
11   T         28        0.130293  
2    T         28        0.130293  
13   T         28        0.130293  
7    T         28        0.130293  
---------------------------------
---------------------------------

