g    #    1
s    14    26
e    1    8    5    0.727033    1
e    1    11    8    0.977635    2
e    2    5    19    0.936016    3
e    2    9    31    0.77297    4
e    3    5    40    0.734557    5
e    3    7    2    0.912491    6
e    4    1    33    0.658203    7
e    4    8    18    0.814987    8
e    4    9    22    0.762114    9
e    4    10    9    0.956237    10
e    5    4    4    0.67767    11
e    7    11    13    0.751516    12
e    7    13    27    0.815071    13
e    7    14    6    0.519534    14
e    8    10    4    0.94312    15
e    9    3    27    0.782167    16
e    10    2    35    0.549068    17
e    11    3    33    0.775457    18
e    12    3    32    0.645692    19
e    12    5    24    0.928743    20
e    12    9    38    0.736144    21
e    12    10    6    0.944324    22
e    13    8    3    0.562691    23
e    13    12    10    0.981601    24
e    14    2    1    0.768495    25
e    14    10    20    0.590251    26
g    #    2
s    14    26
e    1    8    5    0.727033    1
e    1    11    8    0.977635    2
e    2    5    19    0.936016    3
e    2    9    31    0.77297    4
e    3    5    40    0.734557    5
e    3    7    2    0.912491    6
e    4    1    33    0.658203    7
e    4    8    18    0.814987    8
e    4    9    22    0.762114    9
e    4    10    9    0.956237    10
e    5    4    4    0.67767    11
e    7    11    13    0.751516    12
e    7    13    27    0.815071    13
e    7    14    6    0.519534    14
e    8    10    4    0.94312    15
e    9    3    27    0.782167    16
e    10    2    35    0.549068    17
e    11    3    33    0.775457    18
e    12    3    32    0.645692    19
e    12    5    24    0.928743    20
e    12    9    38    0.736144    21
e    12    10    6    0.944324    22
e    13    8    3    0.562691    23
e    13    12    10    0.981601    24
e    14    2    1    0.768495    25
e    14    10    20    0.590251    26
g    #    3
s    14    26
e    1    8    5    0.727033    1
e    1    11    8    0.977635    2
e    2    5    19    0.936016    3
e    2    9    31    0.77297    4
e    3    5    40    0.734557    5
e    3    7    2    0.912491    6
e    4    1    33    0.658203    7
e    4    8    18    0.814987    8
e    4    9    22    0.762114    9
e    4    10    9    0.956237    10
e    5    4    4    0.67767    11
e    7    11    13    0.751516    12
e    7    13    27    0.815071    13
e    7    14    6    0.519534    14
e    8    10    4    0.94312    15
e    9    3    27    0.782167    16
e    10    2    35    0.549068    17
e    11    3    33    0.775457    18
e    12    3    32    0.645692    19
e    12    5    24    0.928743    20
e    12    9    38    0.736144    21
e    12    10    6    0.944324    22
e    13    8    3    0.562691    23
e    13    12    10    0.981601    24
e    14    2    1    0.768495    25
e    14    10    20    0.590251    26
g    #    4
s    14    26
e    1    8    5    0.727033    1
e    1    11    8    0.977635    2
e    2    5    19    0.936016    3
e    2    9    31    0.77297    4
e    3    5    40    0.734557    5
e    3    7    2    0.912491    6
e    4    1    33    0.658203    7
e    4    8    18    0.814987    8
e    4    9    22    0.762114    9
e    4    10    9    0.956237    10
e    5    4    4    0.67767    11
e    7    11    13    0.751516    12
e    7    13    27    0.815071    13
e    7    14    6    0.519534    14
e    8    10    4    0.94312    15
e    9    3    27    0.782167    16
e    10    2    35    0.549068    17
e    11    3    33    0.775457    18
e    12    3    32    0.645692    19
e    12    5    24    0.928743    20
e    12    9    38    0.736144    21
e    12    10    6    0.944324    22
e    13    8    3    0.562691    23
e    13    12    10    0.981601    24
e    14    2    1    0.768495    25
e    14    10    20    0.590251    26
g    #    5
s    14    26
e    1    8    5    0.727033    1
e    1    11    8    0.977635    2
e    2    5    19    0.936016    3
e    2    9    31    0.77297    4
e    3    5    40    0.734557    5
e    3    7    2    0.912491    6
e    4    1    33    0.658203    7
e    4    8    18    0.814987    8
e    4    9    22    0.762114    9
e    4    10    9    0.956237    10
e    5    4    4    0.67767    11
e    7    11    13    0.751516    12
e    7    13    27    0.815071    13
e    7    14    6    0.519534    14
e    8    10    4    0.94312    15
e    9    3    27    0.782167    16
e    10    2    35    0.549068    17
e    11    3    33    0.775457    18
e    12    3    32    0.645692    19
e    12    5    24    0.928743    20
e    12    9    38    0.736144    21
e    12    10    6    0.944324    22
e    13    8    3    0.562691    23
e    13    12    10    0.981601    24
e    14    2    1    0.768495    25
e    14    10    20    0.590251    26
g    #    0




