g    #    1
s    6    10
e    1    3    5    0.727033    1
e    3    2    8    0.977635    2
e    4    1    19    0.936016    3
e    4    3    31    0.77297    4
e    5    1    40    0.734557    5
e    5    4    2    0.912491    6
e    6    1    33    0.658203    7
e    6    3    18    0.814987    8
e    6    4    22    0.762114    9
e    6    5    9    0.956237    10
g    #    2
s    6    10
e    2    3    5    0.727033    1
e    2    6    8    0.977635    2
e    3    1    19    0.936016    3
e    3    5    31    0.77297    4
e    3    6    40    0.734557    5
e    4    3    2    0.912491    6
e    5    1    33    0.658203    7
e    5    2    18    0.814987    8
e    5    6    22    0.762114    9
e    6    1    9    0.956237    10
g    #    3
s    6    10
e    1    2    5    0.727033    1
e    1    4    8    0.977635    2
e    2    4    19    0.936016    3
e    2    5    31    0.77297    4
e    3    6    40    0.734557    5
e    4    6    2    0.912491    6
e    5    3    33    0.658203    7
e    5    6    18    0.814987    8
e    6    1    22    0.762114    9
e    6    2    9    0.956237    10
g    #    4
s    6    10
e    1    2    5    0.727033    1
e    1    3    8    0.977635    2
e    1    5    19    0.936016    3
e    2    3    31    0.77297    4
e    3    4    40    0.734557    5
e    3    6    2    0.912491    6
e    4    5    33    0.658203    7
e    5    3    18    0.814987    8
e    6    1    22    0.762114    9
e    6    5    9    0.956237    10
g    #    5
s    6    10
e    2    1    5    0.727033    1
e    2    4    8    0.977635    2
e    3    1    19    0.936016    3
e    3    2    31    0.77297    4
e    3    4    40    0.734557    5
e    3    6    2    0.912491    6
e    4    1    33    0.658203    7
e    5    1    18    0.814987    8
e    5    2    22    0.762114    9
e    5    4    9    0.956237    10
g    #    0




