6--1最大流值为：72
最可靠最大流分布概率为 ： 0.354885
状态划分算法消耗的内存为：3.77734
状态划分算法运行时间(ms) ： 3.81173
---------------------------------
流分布如下: 
---------------------------------
0   0   0   0   0   0   
0   0   0   0   0   0   
0   0   0   0   0   0   
16  0   0   0   0   0   
23  0   0   2   0   0   
33  0   0   14  25  0   
---------------------------------
关键边输出如下：
---------------------------------
---------------------------------
---------------------------------

3--1最大流值为：80
最可靠最大流分布概率为 ： 0.27254
状态划分算法消耗的内存为：3.78516
状态划分算法运行时间(ms) ： 4.4272
---------------------------------
流分布如下: 
---------------------------------
0   0   0   0   0   0   
0   0   0   0   0   0   
20  0   0   0   37  23  
0   0   0   0   0   0   
33  0   0   0   0   4   
27  0   0   0   0   0   
---------------------------------
关键边输出如下：
---------------------------------
---------------------------------
---------------------------------

5--2最大流值为：35
最可靠最大流分布概率为 ： 0.252686
状态划分算法消耗的内存为：3.78516
状态划分算法运行时间(ms) ： 5.04176
---------------------------------
流分布如下: 
---------------------------------
0   8   0   0   0   0   
0   0   0   0   0   0   
0   0   0   0   0   8   
0   0   0   0   0   0   
0   0   8   0   0   27  
8   27  0   0   0   0   
---------------------------------
关键边输出如下：
---------------------------------
---------------------------------
---------------------------------

1--5最大流值为：45
最可靠最大流分布概率为 ： 0.127364
状态划分算法消耗的内存为：3.78516
状态划分算法运行时间(ms) ： 3.74774
---------------------------------
流分布如下: 
---------------------------------
0   7   18  0   20  0   
0   0   7   0   0   0   
0   0   0   23  0   2   
0   0   0   0   23  0   
0   0   0   0   0   0   
0   0   0   0   2   0   
---------------------------------
关键边输出如下：
---------------------------------
---------------------------------
---------------------------------

5--1最大流值为：76
最可靠最大流分布概率为 ： 0.115151
状态划分算法消耗的内存为：3.78516
状态划分算法运行时间(ms) ： 2.18236
---------------------------------
流分布如下: 
---------------------------------
0   0   0   0   0   0   
22  0   0   0   0   0   
0   0   0   0   0   0   
32  0   0   0   0   0   
22  22  0   32  0   0   
0   0   0   0   0   0   
---------------------------------
关键边输出如下：
---------------------------------
---------------------------------
---------------------------------

